11.42 20.38 77.58 386.1 0.1425 0.2839 0.2414 0.1052 0.2597 0.09744 0.4956 1.156 3.445 27.23 0.00911 0.07458 0.05661 0.01867 0.05963 0.009208 14.91 26.5 98.87 567.7 0.2098 0.8663 0.6869 0.2575 0.6638 0.173
12.46 24.04 83.97 475.9 0.1186 0.2396 0.2273 0.08543 0.203 0.08243 0.2976 1.599 2.039 23.94 0.007149 0.07217 0.07743 0.01432 0.01789 0.01008 15.09 40.68 97.65 711.4 0.1853 1.058 1.105 0.221 0.4366 0.2075
19.17 24.8 132.4 1123 0.0974 0.2458 0.2065 0.1118 0.2397 0.078 0.9555 3.568 11.07 116.2 0.003139 0.08297 0.0889 0.0409 0.04484 0.01284 20.96 29.94 151.7 1332 0.1037 0.3903 0.3639 0.1767 0.3176 0.1023
10.95 21.35 71.9 371.1 0.1227 0.1218 0.1044 0.05669 0.1895 0.0687 0.2366 1.428 1.822 16.97 0.008064 0.01764 0.02595 0.01037 0.01357 0.00304 12.84 35.34 87.22 514 0.1909 0.2698 0.4023 0.1424 0.2964 0.09606
19.07 24.81 128.3 1104 0.09081 0.219 0.2107 0.09961 0.231 0.06343 0.9811 1.666 8.83 104.9 0.006548 0.1006 0.09723 0.02638 0.05333 0.007646 24.09 33.17 177.4 1651 0.1247 0.7444 0.7242 0.2493 0.467 0.1038
20.18 23.97 143.7 1245 0.1286 0.3454 0.3754 0.1604 0.2906 0.08142 0.9317 1.885 8.649 116.4 0.01038 0.06835 0.1091 0.02593 0.07895 0.005987 23.37 31.72 170.3 1623 0.1639 0.6164 0.7681 0.2508 0.544 0.09964
14.42 19.77 94.48 642.5 0.09752 0.1141 0.09388 0.05839 0.1879 0.0639 0.2895 1.851 2.376 26.85 0.008005 0.02895 0.03321 0.01424 0.01462 0.004452 16.33 30.86 109.5 826.4 0.1431 0.3026 0.3194 0.1565 0.2718 0.09353
22.27 19.67 152.8 1509 0.1326 0.2768 0.4264 0.1823 0.2556 0.07039 1.215 1.545 10.05 170 0.006515 0.08668 0.104 0.0248 0.03112 0.005037 28.4 28.01 206.8 2360 0.1701 0.6997 0.9608 0.291 0.4055 0.09789
24.25 20.2 166.2 1761 0.1447 0.2867 0.4268 0.2012 0.2655 0.06877 1.509 3.12 9.807 233 0.02333 0.09806 0.1278 0.01822 0.04547 0.009875 26.02 23.99 180.9 2073 0.1696 0.4244 0.5803 0.2248 0.3222 0.08009
14.22 23.12 94.37 609.9 0.1075 0.2413 0.1981 0.06618 0.2384 0.07542 0.286 2.11 2.112 31.72 0.00797 0.1354 0.1166 0.01666 0.05113 0.01172 15.74 37.18 106.4 762.4 0.1533 0.9327 0.8488 0.1772 0.5166 0.1446
15.12 16.68 98.78 716.6 0.08876 0.09588 0.0755 0.04079 0.1594 0.05986 0.2711 0.3621 1.974 26.44 0.005472 0.01919 0.02039 0.00826 0.01523 0.002881 17.77 20.24 117.7 989.5 0.1491 0.3331 0.3327 0.1252 0.3415 0.0974
28.11 18.47 188.5 2499 0.1142 0.1516 0.3201 0.1595 0.1648 0.05525 2.873 1.476 21.98 525.6 0.01345 0.02772 0.06389 0.01407 0.04783 0.004476 28.11 18.47 188.5 2499 0.1142 0.1516 0.3201 0.1595 0.1648 0.05525
17.42 25.56 114.5 948 0.1006 0.1146 0.1682 0.06597 0.1308 0.05866 0.5296 1.667 3.767 58.53 0.03113 0.08555 0.1438 0.03927 0.02175 0.01256 18.07 28.07 120.4 1021 0.1243 0.1793 0.2803 0.1099 0.1603 0.06818
13.86 16.93 90.96 578.9 0.1026 0.1517 0.09901 0.05602 0.2106 0.06916 0.2563 1.194 1.933 22.69 0.00596 0.03438 0.03909 0.01435 0.01939 0.00456 15.75 26.93 104.4 750.1 0.146 0.437 0.4636 0.1654 0.363 0.1059
15.66 23.2 110.2 773.5 0.1109 0.3114 0.3176 0.1377 0.2495 0.08104 1.292 2.454 10.12 138.5 0.01236 0.05995 0.08232 0.03024 0.02337 0.006042 19.85 31.64 143.7 1226 0.1504 0.5172 0.6181 0.2462 0.3277 0.1019
15.61 19.38 100 758.6 0.0784 0.05616 0.04209 0.02847 0.1547 0.05443 0.2298 0.9988 1.534 22.18 0.002826 0.009105 0.01311 0.005174 0.01013 0.001345 17.91 31.67 115.9 988.6 0.1084 0.1807 0.226 0.08568 0.2683 0.06829
15.13 29.81 96.71 719.5 0.0832 0.04605 0.04686 0.02739 0.1852 0.05294 0.4681 1.627 3.043 45.38 0.006831 0.01427 0.02489 0.009087 0.03151 0.00175 17.26 36.91 110.1 931.4 0.1148 0.09866 0.1547 0.06575 0.3233 0.06165
27.42 26.27 186.9 2501 0.1084 0.1988 0.3635 0.1689 0.2061 0.05623 2.547 1.306 18.65 542.2 0.00765 0.05374 0.08055 0.02598 0.01697 0.004558 36.04 31.37 251.2 4254 0.1357 0.4256 0.6833 0.2625 0.2641 0.07427
