2.3147416	-0.68019795
-0.70149887	-2.7585754
3.4707234	-0.36628133
-0.31472415	0.2636289
1.5084589	-1.0150911
2.284056	0.741877
-1.8803166	0.4836711
-1.886929	-0.7841722
2.3067346	-0.4360995
3.0064745	-5.1450076
3.1406527	0.35027832
-0.0038923621	0.20205943
1.590372	-1.2272079
3.0653102	-0.96987414
3.2877755	-0.6477333
0.36048952	0.103917174
-0.73596925	0.06457825
3.5898867	-2.517311
-1.2045637	-1.7408011
-1.2212718	-0.54462326
3.8384075	-2.8753543
-1.16517	-1.3826973
2.75398	0.499025
0.03976628	0.0022145752
-0.9400358	-0.75615674
3.6106486	-3.7755492
-0.32547522	-0.07059724
-1.2502406	-0.2468064
-3.155794	-1.644091
-2.353016	-0.94579613
0.82810104	-1.7120048
-1.9147795	-0.19504166
0.7250396	0.22050914
-1.725774	-0.62337065
2.9340649	-3.9833934
1.285955	-0.37746003
4.288714	-4.930421
-1.8082123	-0.83554566
4.6458173	-2.9647646
3.6413562	-2.2526865
-0.057116702	-0.653153
-2.3327608	0.17856929
2.167533	1.5316314
2.8511033	-0.10273579
0.9717812	-2.3160791
-1.5209035	0.4774221
-0.40237603	-0.5467401
0.89506817	-1.6915344
-1.8158449	0.41436294
1.5376114	-0.21560968
-0.08631173	-1.172114
1.9456174	-1.2198582
0.49120715	0.09804933
1.7700704	-0.99756575
-0.64984626	-0.058729377
2.3144634	-0.9346385
-1.9235513	-1.6943945
1.8579354	0.64387006
-2.7461817	-0.31689373
-2.6313124	-1.4278657
-0.3308197	0.23240829
2.8584456	-1.772317
-0.4076904	-0.18925135
-1.346273	-0.045200817
4.356807	-5.3036857
1.0196497	-0.25751126
0.019231655	0.1500102
1.8883345	0.058187965
-1.341921	-1.1250678
1.0173119	-1.5808733
1.6410336	0.3418471
0.37466776	-0.017693806
6.4659967	-5.5435653
-1.9217122	-0.824247
1.6336472	-2.9913874
6.2152658	-4.8782544
4.920371	-4.2910533
1.9344507	0.8584882
-1.9682863	-0.8264068
1.883853	0.8336057
3.4324331	0.08532476
-0.4812954	-1.4060501
-1.6870888	-0.7201297
-0.7857457	-0.5400937
0.46634203	-2.058056
0.201464	-0.8714742
5.7143216	-1.6724501
-1.9375091	-0.79014343
2.073491	-0.49865404
0.22651026	-2.6240988
2.7343082	-3.6689377
0.22742933	-1.312945
4.7584186	-1.4044622
2.015952	-0.550579
-2.7669172	-0.89726377
-0.04124531	-0.17641467
-0.03354734	-0.5335709
2.3935144	-2.7850578
-0.8519129	-0.43601844
2.3664477	-0.3937319
1.6785545	-0.36906716
1.5246967	0.15366961
4.3634863	-4.655602
1.1590791	-1.436153
2.8757038	-3.1836946
0.29848367	-0.76900303
2.6949632	2.2161064
-0.71301085	-0.89792174
4.1224113	-1.6867509
4.6173368	-3.949582
1.9288645	-1.7124819
-0.7609315	-0.28900868
2.3506045	0.12367344
2.000582	-1.1905518
-1.3298764	-0.2584412
3.381126	-1.9751914
3.9217486	-1.4881635
1.1987981	0.70282567
2.0993936	-2.337102
2.9109097	-1.869136
-1.5603453	0.03758306
-0.76195884	-0.27664572
3.7579646	-1.9154801
1.9532518	-0.061318953
-0.2583222	0.14596613
-1.3320704	-1.5043517
3.9543724	-2.6823065
0.48771307	0.32316548
3.9360662	0.15257382
-1.4211724	0.43608356
-1.8332261	-1.6471107
2.4947505	-1.2660009
4.1379437	-1.531458
5.085622	-2.035023
4.6030474	-4.742076
-0.31073734	-0.8640979
1.178444	0.8817497
2.5535123	-0.7476134
2.694696	-2.1733332
1.9205697	-0.16135181
-1.3589381	0.093883686
0.3152798	0.004966434
1.6334128	-0.34686255
-0.2640304	0.090524055
1.0085939	-2.1839252
4.014146	-2.1886685
-2.7574635	-1.0847485
1.4554784	-1.0910908
-2.6295886	-0.04065143
0.9061207	-0.71297467
-2.4784184	-0.52672786
-0.63543636	-0.88166916
0.21946514	0.66583395
0.059907645	-2.0728498
-0.92905104	-0.60408556
4.87946	-3.2226179
-0.50519085	0.17776626
2.7342393	-1.6050818
-0.0698695	0.32888165
2.3635516	-0.02669922
2.8130555	-1.9888955
3.7811086	-0.97126174
4.339102	-2.7752326
-0.41491982	0.71470684
2.4780416	-1.2332191
5.3218184	-3.3523781
2.3825216	-2.6330974
0.5250272	-1.1392779
1.3017373	0.67554396
6.552745	-3.7378955
3.1915917	1.2481998
0.40485388	0.14923465
0.44095585	-0.5033297
-1.69913	-0.73107994
3.4510646	0.2964218
-0.95548934	0.29848176
-0.12690194	-0.35418522
-0.29148734	-0.011791926
-0.879557	-1.9725535
4.9073944	-3.5147367
-1.3657105	-0.8231034
2.0780725	1.9132025
0.85366917	-1.7481683
1.5688684	0.30302832
4.9313836	-4.541882
0.39362395	-0.11828163
-1.6562289	0.07331824
-1.9401935	-0.87357974
-1.2507634	-0.18345019
-1.7218336	0.21010494
5.406316	-1.7761502
1.9755647	-0.26026332
-1.3842626	-0.9399926
-0.84345305	-0.34010237
0.48379803	-1.8419924
2.3315387	-0.8839768
4.601977	-4.636609
-0.87921834	-0.32840556
0.22955099	0.7805645
-0.9527497	-1.2728249
-2.8088434	-0.7429557
2.2215939	-1.2253147
-0.7850427	-0.7021468
1.9132996	0.19710694
0.37591735	-0.8024958
2.6446967	-2.6088316
-0.92127985	-0.3851049
1.260961	1.6811551
-0.39056477	-0.6140704
-0.76028264	-1.1664785
-1.8338594	0.26453903
5.938926	-3.8455665
-1.2839727	-0.17381047
1.3888623	0.49311328
5.938926	-3.8455665
2.497802	-1.5337573
1.1493735	1.4794933
2.0596833	-2.3952193
1.6893632	-1.0000134
1.5906354	-1.9134315
-1.6335696	-0.08561385
2.8956573	-1.4533273
-2.328466	-0.6395365
1.5432891	2.2861578
1.1748637	-0.8767322
-2.6743538	-0.57152045
-0.439052	-0.122075506
1.0166919	-0.6277289
2.750885	-0.3292472
0.5703138	-2.6943448
-1.2599403	0.0691093
1.0634735	0.071698904
2.8522491	-2.4226682
0.521777	0.45880696
-1.1741813	-0.7789035
-1.124804	-1.107947
3.7729921	-3.5669482
2.7064562	0.24327199
3.062945	1.1488134
4.45646	-4.5352416
3.7666776	-0.96039057
0.43462685	-0.48487794
-1.6701806	-0.7145247
0.17672168	0.19667208
-0.65168643	-0.82900727
4.7549186	-2.4409518
1.7218577	-0.7024703
-2.0263007	-1.5940355
1.2787652	-2.595289
1.5194881	-1.1993783
0.94756395	-0.88021874
0.04674335	-0.1945025
1.216287	1.923067
5.6537786	-2.8184097
1.7551808	-1.5734285
-0.81433254	0.038851734
-0.9670844	-0.5767249
1.4029756	0.014122134
0.47260553	-0.28966814
0.9718424	-0.18367647
-0.1151315	-0.08179303
3.0073478	-2.8940148
-0.31418884	-0.50794685
0.3296512	-2.130803
-1.4230733	-0.15227297
1.3373252	0.011427183
0.11294596	0.6573069
3.880766	-3.4104683
-1.0984689	0.5183536
3.4943955	-0.71301866
-0.60383314	-0.2196931
-0.32378384	0.36233693
-1.1903682	-0.66426325
-0.04364217	-0.91518533
2.939522	-2.9596965
-1.1226605	-1.2236242
-1.3416699	-0.2248564
-2.4775233	-1.2385608
-2.36367	-1.0411878
-0.640197	-0.7487777
-1.397372	0.11520886
0.74933517	-0.51991427
-0.05501716	-1.4235884
0.11087839	0.43526497
1.4536154	-1.7753406
-1.2141138	-0.9392514
4.289019	-4.4753084
0.8204717	1.1236922
0.22222301	0.33382213
0.870901	-1.0450774
3.6602476	0.26705196
0.22878234	1.3211348
3.4393167	-0.6344534
4.2890873	-2.595706
-0.69724005	-0.020721506
-0.94200236	-0.1738598
2.4946115	0.0441921
0.14285238	-1.5006064
3.932095	-2.5544221
0.7966536	0.23876874
0.716601	-0.43183306
-2.0266595	-0.061531775
0.78305805	1.1556511
0.63438994	-1.3923843
-0.29850417	0.1698289
2.8098412	-2.2601957
0.79254955	-1.3305955
-3.4158754	-0.78166014
-1.471241	-1.2139878
0.7333066	-2.281953
0.09582977	-0.8897034
3.2533145	-2.841155
3.2148635	-1.2156632
-1.1131884	-0.4336083
1.0815985	1.1904911
4.1686954	-3.0193841
4.2796383	-2.2175243
4.064787	-0.6738123
5.214634	-5.0394363
4.1541047	-1.056055
0.9841163	1.0789782
0.24513663	-2.973087
4.745367	-4.416764
-0.28213966	-1.1950175
-1.2876827	-0.3974895
4.168235	-1.1179094
1.2161287	-2.3581467
-0.30320925	0.28575838
-1.8265902	-0.37597016
0.7064135	1.6993082
3.482453	-1.5932051
0.80450374	0.7690182
-2.111819	0.26206774
3.540009	-2.1990252
0.51857984	-0.37433282
2.113064	0.78452307
3.420061	-1.8258749
3.4877808	-4.8259897
0.24994242	1.1044447
-1.2921124	-0.59148866
-2.1806483	-1.3016822
0.20364994	0.12575194
-1.9863403	-0.88380134
-0.4678806	0.41148192
1.3356743	-1.2999171
3.5008743	-5.0317926
1.7938764	-0.46135122
-2.333756	-1.7086426
-2.0825827	-1.0743428
-1.5720211	-1.6189647
0.97733295	0.7545692
3.4329772	-2.3885121
0.5190322	0.64852405
-1.7136966	-1.3160577
1.0145204	0.4276689
2.018887	-0.91223633
2.3944135	-2.9279416
1.6799479	0.39156067
-0.8586706	-1.1968331
0.6124345	0.09521943
3.4501715	-0.32312492
2.8444457	0.15742841
-0.71207875	-0.27852875
3.2959704	-3.366599
1.5870798	-0.35881102
-1.0843437	-0.6577615
2.8618	-2.6394632
-1.1123141	-0.989275
0.2842717	-1.3833139
0.5305057	0.25551623
-2.7347968	-1.0297588
5.062987	-5.483086
2.0556588	0.0055303667
-0.40146393	-0.43273458
1.7324057	0.48648068
4.348897	-1.9491179
-1.1052425	-1.5497249
2.1032436	0.8122657
3.0040722	-2.9379883
3.2766447	-3.072684
-0.3660376	-0.34406158
0.36533386	-0.25397003
2.567503	-0.33152875
2.0777068	-1.5850705
7.4517198	-5.674985
5.1407256	-1.8285198
-2.2192187	-0.008722296
-1.4879272	-0.85662717
0.8472039	0.23911634
-1.8623135	-0.87251586
-2.9664652	-0.73987585
-0.82422876	-2.3900945
-0.006746322	1.2599847
-0.37550676	-1.4938825
-0.24445374	0.3529852
3.2992055	-1.720395
2.7103987	-1.7118236
2.6039813	1.2666969
7.7638607	-6.481869
-1.8854225	-1.0566065
2.9005969	-2.4167697
-1.0194626	-2.6547258
-2.3484273	-1.6685836
-1.6274838	-0.56370777
-0.27771497	-1.2629197
-0.6765692	-1.544597
1.270194	1.955847
-1.316272	-0.69673157
1.3850719	0.8406219
3.1791217	-1.6856763
-0.5633578	-0.20558266
4.2566156	-2.1912017
-2.9874427	-1.2716241
2.9968648	-1.634142
2.5255485	-1.9373082
2.0765965	-0.72415954
0.89869046	-1.0960912
-2.949797	0.06458896
2.7808688	-2.6488094
1.9794523	-1.1338342
4.5611124	0.71042776
-0.39334017	-0.78931826
-0.5035337	-0.03256371
-0.34214836	-1.5602698
-2.0555515	-0.7784853
1.3291335	1.2122053
4.918799	-4.1277347
1.1153178	-1.1215389
1.5427012	-1.5326587
0.4337455	0.60577923
4.512142	-5.8813634
2.6234672	-3.0319438
-0.71366143	-0.041145038
3.171318	-0.60098004
-0.60824984	-0.29290104
1.1289871	0.30876702
0.067221865	0.027160745
-0.9670844	-0.5767249
-1.5328237	-0.24252783
2.5204668	0.030947626
3.4387403	0.97085476
-2.1258101	-0.55691516
-0.6646279	-0.1301484
5.3121676	-2.9466503
3.7604077	-1.7853643
2.3031116	-1.7355696
3.8804393	-0.18426545
-0.3975213	0.13275127
-1.9138471	-1.4270943
-2.1262562	-0.31035903
-0.37015343	-0.52782726
-0.18460263	-0.78155065
2.804591	-1.583303
0.8303721	0.787582
1.4761899	-0.8819302
-0.50294	-0.64682144
1.3237574	-0.23974583
-0.6113932	-0.9472254
5.9587345	-5.62165
-0.39543617	-1.7194464
-2.6385703	-1.0808595
-0.6322706	0.78239685
4.1443534	-0.531352
0.97013766	0.384884
3.4647772	-1.9985278
3.520128	-1.4365118
4.8079057	-3.2190568
-3.2059398	-0.5389636
-1.1487615	-0.3575398
1.1160929	-2.5319085
-1.7267519	-0.049890324
-0.0437264	-1.027122
4.8034797	-0.37972924
2.7914743	-0.5170364
0.082095414	-0.7058923
-1.5250615	-0.6122188
0.3314321	0.9216708
1.9792608	-3.2496095
-0.82386196	0.30379882
3.1036396	1.0246146
-2.680204	-1.6382542
3.012768	-3.7909248
2.6527567	-1.9483422
-1.6943021	-0.5309674
-0.6723665	-0.3776337
0.30258128	0.05740186
4.27639	-3.999662
-0.6440484	-0.32930946
0.8021419	0.84443074
-1.2096369	-0.11076614
-0.2571383	0.068588056
0.48491037	0.3104757
-2.4529555	-0.59175426
2.8343098	-3.2188842
0.9718246	-0.4426306
3.1539197	-2.5438392
-0.9867296	-0.4111836
0.6149863	-0.69805676
-1.4921724	-0.68539053
-2.7720037	-0.2734263
5.5274463	-1.4314642
-0.08631173	-1.172114
-0.81964225	-0.2747457
-2.065579	-0.2903702
-0.1442423	-0.31408945
2.008538	-2.216833
-0.20437855	-0.4280632
-0.5443014	-0.015453944
3.437471	-1.5644189
-0.67914164	-1.0635488
1.4619257	-1.3278074
1.2114477	-1.898162
3.686616	-0.36265478
-1.7210305	-1.003659
1.3885672	-3.513466
0.840985	-2.4253492
-2.4440777	-1.4413053
-2.0142527	-0.6273856
3.7396233	-0.4695241
2.445807	0.26487175
0.17471878	-0.38900343
0.2635417	-1.4671615
-1.9029258	-0.7486786
0.88524175	-0.8604041
-0.8490016	0.33204463
-1.1198679	0.029096086
3.3881772	-4.169086
1.9562244	1.566811
3.1070952	0.4804545
1.390624	-0.44524196
-1.3134053	-0.18879168
-2.9331694	-0.61931795
4.308481	-1.9564803
-1.1364894	-0.048713118
1.7819455	0.22779253
2.7576993	-1.3180066
3.3327641	-2.6479049
1.0148168	-1.0928799
-0.7874744	-0.722915
-1.5170586	-0.46736905
-0.12009804	0.74899495
0.21703768	1.1220584
2.7359786	-0.3240212
0.14868742	0.22889395
3.381534	-2.7340844
4.69171	-0.7005641
-1.1508539	-0.6572823
-1.5784031	-0.26236117
-1.962768	-0.37451413
0.7237586	0.06873918
2.7693543	-1.5665767
-0.7271483	-1.3223022
2.7872956	-1.1871964
3.643841	-0.657999
1.675569	-2.121632
4.273094	-4.578412
-0.9317534	-0.47332093
2.331019	-2.4559834
1.0651023	0.7972529
5.277614	-3.6441934
-0.21984601	-1.7611008
2.0378861	-2.9340317
1.5280538	0.29093245
-2.7209668	-0.96152776
-0.0552966	-0.20032464
-1.0817575	0.13583235
3.6118345	-2.3200572
4.3916006	-4.8688173
3.916168	0.15911742
3.6563706	-4.4772086
1.0502776	-1.2292992
-0.5026325	0.22943126
4.4394407	-5.1258197
-1.2777987	-1.1325865
1.3828977	0.1856721
-0.012158379	-1.5782952
0.3223801	-2.1668088
-1.0915248	-2.133313
-1.0259668	-2.8473198
3.4612978	-0.1556596
-1.8035612	-0.47495925
-1.5594928	-0.62243176
2.6389625	-0.24762091
0.587224	-0.7812164
-1.3807582	-0.28367174
2.5092392	-0.97596383
-0.24539778	-3.7467287
-2.260419	-0.72257566
0.9881406	-0.13927703
0.038123086	0.86250186
-1.2791167	-0.77355117
1.5309882	-0.13104333
0.38416165	-0.53083134
-0.26980627	0.9657196
0.54346246	-0.8203298
1.5735328	0.8460178
-1.7906318	-0.33106485
1.4506541	-1.0498031
0.9894051	-0.5664774
3.3751764	-1.740932
3.8876836	-2.622509
2.4805968	1.4157963
-2.1073668	-1.457101
4.061499	-3.0980184
0.8448214	-3.0057943
0.42100155	0.5882916
0.70022756	-1.4809582
1.2611349	-0.28475365
3.3939307	-3.8391454
2.5876775	-1.8939681
1.9032718	-0.9568222
-0.32169595	-0.08089787
1.4331577	-2.8842826
0.19670466	-0.6776951
-0.5767418	1.1064793
1.8618054	1.3014022
-1.4891245	-1.1390347
4.420697	-4.3143835
-0.5965636	-1.5537862
2.7007554	0.035183
-0.60191154	-0.30090928
-0.28578448	-0.19269434
-2.0617573	-0.333572
4.706249	-3.5584216
1.0152991	1.0798907
2.7797968	-2.097236
-0.2886877	0.20023973
1.6252893	0.33320582
1.0775236	-0.44495663
-2.181369	-0.86345005
0.49415344	0.5109785
-1.5402564	0.11124292
0.5062204	-0.4988586
-0.30286562	0.53360623
2.8394387	-0.9612126
-1.914239	-0.593847
2.9373276	-4.0616693
-2.438027	-0.31929624
-2.346837	-1.7997377
0.49363238	-1.214281
-1.0970342	-2.110758
-2.0964878	0.66963834
-0.96672815	0.13521942
4.7990723	-0.2052336
5.3686204	-2.7766018
1.2547868	0.09219257
1.1303147	-0.5028413
3.6019936	-0.69172204
4.64863	-3.4515698
0.5761565	0.6506611
-0.13553677	-0.21389072
1.1400106	-3.22552
-0.53127676	-1.0230728
-2.39586	-1.0342435
3.4121542	-2.0400586
4.653474	-1.5831082
-1.2586352	-0.22536789
-0.7537363	-1.1582763
-0.7703745	-2.2861176
2.7467456	3.0668354
0.61231416	-2.201061
2.437551	1.1902269
1.7023283	0.06355107
2.9264772	0.41259295
3.498016	-0.92844933
-0.310309	0.11282111
1.2896271	-0.40841243
3.2681239	0.40317926
2.7735252	-2.8440325
0.31803232	-0.89220935
-1.7975178	-1.3170964
2.2386844	-1.3944855
3.3510554	-0.21085039
-2.551733	-0.8445762
1.7299712	-2.6339893
1.7781628	-0.62814444
2.3657496	-0.20011519
-1.3957385	0.0016287044
-2.0154076	-0.95151365
-1.2048982	-0.23444457
-1.5982598	-0.7867716
-2.0465298	-0.10255678
-2.1311316	-1.1747415
3.5658145	-1.5360788
0.2688759	-0.9611521
-0.6788298	-0.0507923
0.7966615	-0.44864115
-0.53673404	-0.49709544
1.6676114	1.3968984
3.1351943	-0.41308773
-0.84589005	-1.8607703
5.5410333	-2.1910357
-0.2963929	-0.7072363
5.1231227	-2.2092454
3.8057704	-2.7848947
-0.40293306	-0.5558129
0.53967434	-1.1029847
0.4833844	-1.36814
1.2568268	-2.321693
-0.7458612	-0.9991119
0.8764129	0.677691
4.3642235	-0.49281546
-0.01998736	0.13037741
2.75749	-2.2585816
-0.31854078	0.25371042
-3.2019305	-0.16362019
-0.19387841	0.28875917
0.51563597	-0.28769732
0.99768925	-0.10629779
2.1892056	-0.33403888
0.016380936	-1.1535923
6.176297	-6.7951965
2.4949965	-1.6683242
4.528092	-0.22615178
-0.8023347	0.5012573
4.636442	-1.9148487
1.988563	-0.8301409
1.9852691	-1.562429
3.4624622	-3.9326787
1.0868839	-0.44234836
1.2921635	-1.9277257
2.2270555	-0.5824866
-1.0487571	-0.04902906
0.17689398	0.28645426
3.115277	1.2617029
-0.5162562	0.24248323
2.1528509	-1.1928029
2.0610285	-1.5829341
2.3434496	-0.9818107
4.566175	-4.5217257
-1.1148884	-0.7587987
2.0362933	0.13278802
-2.1710682	-0.7060889
-1.2285427	-0.5717859
-0.33780557	0.69314283
2.3659303	0.59402674
2.1617563	-2.189616
0.14239745	0.22663334
2.212409	-1.3519043
0.038635537	-0.8400796
1.2000747	0.6909409
2.233206	-1.2834617
-1.8306211	-1.2919812
4.1763005	0.30606547
2.2917287	-0.69792336
1.3883961	0.027922908
-1.918708	-1.2928134
3.4333339	-1.6015483
5.8663116	-4.287919
-0.5267415	-1.2175546
2.857479	-1.3692051
1.6302896	-0.7533159
1.0357486	-0.44703338
2.747071	-3.3715715
-0.025459811	0.331123
1.0110142	-0.3208495
4.203767	-0.33129367
-3.1678247	-0.44142586
-1.4613881	0.61148036
0.8664181	-2.0360117
3.32848	-2.6952047
3.6573234	-1.2689569
-0.44544202	-0.6658892
-0.10669087	-0.3963756
-0.09905636	-0.28587022
-2.3406777	-0.12125505
-2.0819232	-0.9371801
-0.8055003	-0.15043354
1.1997615	0.092656836
3.3969717	-0.8693997
2.8230796	1.1957651
1.5697223	-1.2381852
3.574337	-3.741907
2.5764022	-2.122522
0.68605244	1.4656166
0.52842104	0.40453157
4.3061566	-2.0566084
1.2880481	-0.61812824
2.3643606	-3.6390321
-1.017105	-0.41727433
3.3710299	-5.491461
0.81701076	-1.7079533
1.7313561	-3.3390229
1.6781231	-1.2002048
3.0479717	-2.0125337
-2.434574	-1.0414019
4.6387935	0.23170227
-0.93540967	-0.71583855
3.5769987	1.5059208
1.8105308	-0.02412713
3.078538	-1.039304
-2.3365643	-0.68909377
3.8125808	-0.56265634
-2.2286913	-0.89207953
-0.7086472	-0.8839751
6.952883	-4.7849965
-1.3947891	-0.87115157
-0.22460228	0.39234877
1.4084249	0.47690234
4.011074	-1.4721872
1.5192968	0.28342968
3.5215046	0.64538956
-0.20480551	-0.8689259
1.3525134	-4.0697703
-2.162211	-0.77043843
4.347797	-2.0232248
1.7730609	-1.8775101
-1.3200561	0.395579
-1.8721074	-1.0813385
4.7085342	-3.050124
0.33088157	0.39741302
1.162646	-0.33609667
3.082239	-2.0141888
3.572103	-2.7925103
2.6414993	0.5258034
1.9132996	0.19710694
-1.2528816	-0.40749484
-2.6419656	-0.47027817
0.009811521	-2.261626
-1.783598	-0.86548764
3.8817892	-3.3125656
2.755241	-2.0822587
-1.9604862	0.42928168
-1.275871	-0.41576865
-0.90228724	-0.9431368
4.332901	-2.6552668
1.3940507	-3.2701917
-0.115659416	0.38546363
-0.5454308	0.88922775
1.1524925	-0.4496461
6.169329	-2.900611
-1.0017949	-0.7934037
-0.053023785	-0.07480514
2.9087276	-2.5324836
4.6460824	-0.76628006
1.373368	-0.98217446
0.4740442	-0.73986346
0.16155267	-0.73760027
-0.34061253	-1.0611522
0.75058424	0.14451793
3.7705946	-3.8719141
-0.99524	-0.4105246
2.3772693	-1.8244001
-0.1877324	0.08059477
3.0002463	-4.548744
1.2550057	0.08047703
0.41022822	-1.1255348
0.90256774	-2.8893716
4.7333126	-1.9056622
0.6300261	-2.485538
3.4043467	-2.8274195
-1.5711906	-0.002231888
3.46246	-1.4684216
1.7789327	-1.0359576
-0.8413986	-1.0144969
4.4544888	-2.313793
-2.0043786	-0.7323539
-1.5435253	-0.03452933
-0.79493105	-1.3501749
1.324333	-2.4492047
-0.3344006	-1.7745012
0.67933315	-1.3534923
4.814182	-5.9445376
5.0948486	-4.1545095
4.705535	-1.9642699
-1.2935971	0.1199421
-1.1418924	-0.10521101
0.99984586	-0.79739034
2.0902922	-1.8186082
2.722207	0.11152187
-0.57567745	-0.33870158
5.085047	-4.011544
3.3867447	-0.46980745
-1.9069543	-1.3096896
1.2629446	-0.26593947
-1.2125257	-0.29895714
1.9993933	-0.29829818
0.8545976	0.21927994
-1.5152254	-1.3561491
3.0575283	-0.7986673
2.4521253	-0.4179356
0.42466232	0.70518976
0.29068583	1.2070172
2.1265612	-1.1399895
1.641905	0.7692122
-1.0484263	-0.18284547
3.648556	-2.6559691
3.1543598	-2.0824058
6.5967107	-5.0161095
0.28896213	-0.4278944
0.33366776	0.26884782
-3.5833395	-1.615354
1.6712959	-0.4460504
-2.5206783	-0.7262362
-2.7593944	-1.1109481
1.5260799	1.2002246
-3.0802028	-0.24731024
-0.32545123	-2.2863197
-1.5650277	-0.1452369
-1.8964785	-1.1660614
3.8206375	-0.62691426
1.1968032	-0.4860254
2.5385747	0.32384038
1.7536147	0.96694076
0.13626473	-1.29796
0.8385397	0.6242965
3.9839525	-1.9908172
-3.2019057	-1.5207671
3.4396696	-2.03539
-0.24591032	0.02184241
-1.8780302	0.1432184
2.2587473	-2.911055
1.2272043	-0.8267792
0.19023828	-0.096217625
2.153246	-1.8141102
4.022875	-0.9053586
2.7069502	-2.661972
2.159276	-1.0193019
-0.6506441	-1.3632692
1.4828012	-0.42681947
4.3434424	-2.3082547
-2.6176484	-0.8978523
-0.39458635	-1.4693742
2.155384	-0.8826524
-1.6595825	-0.6009582
-1.7999058	-0.45439872
0.09582983	0.28216448
1.4622786	-2.2605212
3.2816415	-3.387034
2.7132387	1.6655473
-0.8187901	0.255669
4.031088	-4.2083187
-0.6186187	-0.47140643
1.8252594	-1.9251844
0.026447624	-0.70691216
2.1502213	2.339731
1.6079283	-0.5210969
1.8408207	-0.54583246
2.176812	0.33631158
-0.9773809	-0.44158933
4.8122888	-2.5970964
2.9355547	-0.9023939
-2.7358577	0.2859135
-0.022470236	-1.4608737
-3.2019305	-0.16362019
1.5627514	-2.5512347
-0.4818472	-2.1692877
3.5091133	-0.50286335
3.2390747	0.35743645
0.5166647	1.0234342
1.8883345	0.058187965
-0.001244396	-0.86382973
0.6652681	-0.9109256
-2.6652884	-0.35193014
0.008397192	0.98297375
1.6167064	-1.2673839
-0.6755254	-0.7924346
-0.16633472	1.1324321
-0.2352095	-1.3600018
2.165288	-2.7038202
2.1855774	-1.5436523
5.5756845	-4.2203865
0.13082306	-2.0324843
0.37425098	0.06901844
0.3377679	-0.44268122
2.3097167	-2.3096952
-1.6647608	-1.2133101
-2.0283923	-1.0306406
2.270502	-2.8495476
4.1597443	-2.1099837
0.7940258	-1.3766965
1.1518477	-0.071651466
2.253673	0.2496568
-0.17862079	-1.1368929
-0.3633331	0.740225
4.680637	-4.616163
1.3008478	-1.3381802
1.3017373	0.67554396
-1.5274336	-0.16726343
-2.3608496	-1.3052449
4.0943394	-5.3581896
-0.8918442	-0.0744043
1.379043	-1.9140002
0.86393696	-2.8013313
0.8574822	-0.29280564
-1.4407197	-0.5758116
1.5507061	0.28994325
4.5278573	-3.16253
2.699324	-0.79494566
-0.13943486	0.551715
-0.76565135	0.06442127
2.489916	-0.22561449
0.25301355	-0.8518221
-1.8136681	-1.1100615
0.8335873	0.4997131
3.4098423	-2.7631216
3.4745057	-3.1538665
2.24976	-1.2040895
-1.3783499	-0.22167636
0.4780414	-0.6893363
-0.77599233	-0.36159462
2.4607863	-0.33726388
-2.95571	-0.6696447
0.4422301	0.5177429
0.49904436	-1.1321005
-1.0935718	-0.17403007
-0.07635141	-0.6968055
2.2609591	-1.3307459
1.1174881	-3.0073702
-1.2588081	-1.3167272
-0.82366633	-0.78596807
3.4185212	-4.1828656
-1.2783909	-0.70952135
2.7718368	-3.14324
2.0637565	-1.0076805
3.5296195	-3.2991085
0.9605568	0.2671167
-2.8388822	-0.7600307
0.5827873	-1.561041
-1.6830828	-0.61470157
-1.1722513	-0.61984414
1.4901003	-1.0749606
0.47701985	-4.382101
-1.6766894	-0.6822218
1.0826621	1.5313485
0.87658167	-1.2037818
5.368199	-4.896046
4.9054832	-0.07443549
0.2413321	0.280015
-0.1382864	-0.58864677
-2.3727233	-0.6675343
4.3290668	-4.176588
1.6285712	0.12872633
-2.237927	-0.54640156
-0.49370265	-1.3348751
1.569367	-0.1328179
2.2555277	0.49900487
-2.5027924	-0.105619244
0.8578344	0.15367015
-0.90936065	0.009097519
3.885525	-3.4445949
0.8844856	0.25718507
4.24038	-0.7346874
4.984557	0.13403144
-1.4719367	-0.79366165
-0.37002516	-0.96527773
-0.93304116	-0.78196657
-1.6423762	-0.076215684
3.8956783	-2.5945058
-1.7107226	-0.18406999
2.4262753	-0.22053467
-1.1639737	-0.09100468
3.9947305	-0.77782655
4.398325	-3.3997016
2.64766	-2.4045913
-0.5788107	-0.4906298
3.8259537	-0.7678929
0.8283136	0.4423962
3.9433572	-3.1187916
-3.269818	-0.37987727
2.7461607	1.5530307
-0.73801476	0.30549356
-0.5530133	-0.15696158
-0.5218309	-0.3999307
0.13188146	-1.1100521
-0.8247998	-0.002119701
4.7831426	-3.0740044
3.2827804	-2.254619
-1.8277014	-0.54101944
3.7921462	-3.5190158
-1.9108701	-0.98931444
-2.3592494	-0.55254376
2.3459501	-0.36583677
-1.0110239	0.6289426
-0.9469577	-1.6289146
0.71034676	-1.7624667
-0.279901	-2.435385
3.3119037	-0.67505604
-1.2259011	-1.3347911
-0.9956043	0.004399729
5.2565684	-4.9474797
-1.4189516	-0.5993219
0.884458	0.3203327
0.07687974	0.20990008
3.9259696	-2.4365923
-0.06662518	-0.6634863
-0.39543617	-1.7194464
-1.3419895	0.3364885
2.653284	-0.04391226
1.2776895	-1.4597708
3.643955	-2.4310474
1.6948061	-2.6717153
-1.233639	-0.9931324
4.798284	-3.3571513
1.9527227	-3.7533746
-0.5033199	-0.56560296
-2.0531766	0.15443376
1.0650232	-3.0856483
-1.0181792	-1.2980459
0.64419127	-2.3369548
2.0017655	0.03618755
1.1293901	0.08922469
-1.6736416	-0.14499393
0.71843106	-0.2439543
0.32544154	-1.6022792
1.878108	-1.9483112
-1.0050313	-0.0069894893
-1.4693614	-0.03409688
-1.6912824	0.023480777
0.8277084	-0.66579694
-0.028783128	-2.4052322
-3.0802028	-0.24731024
-1.7314385	-0.21994881
-2.6052139	-0.9245094
0.5100294	0.88017327
2.3302386	-0.41666448
4.7755394	0.80743253
-1.487123	-0.55852515
-0.4689352	-0.9635744
2.8218396	-3.0087862
2.618034	1.05253
1.9714421	-2.2038555
1.2336559	-1.3758016
1.1614101	-0.22734934
1.9065064	0.63367957
1.3959987	-1.432497
5.9587345	-5.62165
5.099345	-2.8631425
-1.0106151	-0.10952875
1.3426392	-2.0485253
4.6074195	-1.500235
2.363447	-1.6893283
-0.8049844	-0.20292564
1.8508787	0.16167197
1.9370369	-1.43502
1.7455139	0.34606797
-2.554631	-1.7623855
4.960557	-5.458898
-1.7555248	-0.8032583
2.92118	-3.114248
4.105919	-2.9721265
-0.7229726	0.70653975
0.6213117	0.26374575
-1.6860634	0.16744532
4.9516325	-5.374149
3.802485	-2.990338
4.669953	-3.9471672
1.516269	-0.12461213
-0.03687515	-0.31398576
-0.8526038	0.12559961
1.7107172	-2.1427977
-1.1644018	-0.003980696
-0.048863307	-0.8434962
3.4603596	-4.8667836
1.9186394	-0.0450861
3.7765534	-4.7342653
0.9453634	-3.0934558
-0.37550676	-1.4938825
2.0590236	0.8165916
-3.0272713	-0.9603765
2.9528563	-1.2003217
2.8381264	1.2840441
2.8419974	0.32423243
0.63003063	0.15859601
0.44681472	0.6789433
-2.3135054	-0.10351555
5.6954536	-2.659653
2.6907122	0.29597887
2.7355149	-1.9043517
4.0785117	-2.664131
0.5190322	0.64852405
3.5607564	-1.9428812
-1.0983909	-0.21696235
2.5453944	-2.7034016
1.6246152	-0.6304763
4.084608	-2.6966398
-1.9499745	0.2710412
-0.19017164	0.41733512
-1.5399659	-0.20011148
4.197744	-2.67474
3.7744803	-2.6506956
-1.7359692	-0.80003256
4.1635804	-4.813714
2.157126	-0.41668463
2.5599375	-1.3373365
-1.686274	-0.50985473
3.984795	-2.3685346
-1.7846893	-0.39731738
0.823809	-1.3198858
-1.319626	0.43220487
5.287984	-5.491666
1.9062525	-1.1856521
4.09823	-1.7780735
-2.1093688	-0.79475516
-2.4202793	-1.3380473
1.754111	-2.7309291
-2.7695067	0.048790492
-0.7531746	-1.73053
0.57491744	-0.081241325
-1.3938613	0.09886643
3.2226896	-0.6685592
0.85662884	0.84741545
1.5475881	0.59506243
2.1691802	-2.3135357
-0.5498461	0.53027266
-0.2645446	0.24482791
-0.3822031	-0.48459548
2.309494	-2.8703198
0.74591863	-1.2218566
-1.9875076	-0.68690073
0.60524946	0.80280507
1.0299481	0.6228535
6.0099025	-5.2587414
-0.18671355	0.60663295
-0.45613104	-0.08347958
0.2522214	-0.66039264
3.052798	-3.5777364
2.8329072	2.0173643
-0.27573633	-1.1614584
3.56051	0.38581946
-1.0316529	-1.6091932
4.469379	0.1458254
-2.3187442	0.36322856
-2.6434703	-0.1350862
4.079527	-5.1378064
2.5599375	-1.3373365
2.4435558	-2.7660372
4.2708993	-0.9097361
-0.89967895	-0.8195989
3.024733	-0.6475333
0.7804448	0.27303052
2.6219506	0.75054073
2.6585135	-1.6411486
-0.4515636	-0.45609444
-0.54295605	0.818777
3.4269223	-1.9320852
-1.2004215	-0.38703847
-1.7576574	-0.22361396
4.4565716	-1.9185153
1.1289104	-0.54200184
-2.0109265	-0.34235525
0.6147592	0.3973284
-2.220064	-0.80662966
-0.66851795	-1.2610829
-1.1439438	0.01540523
-0.6299287	-0.30819374
-2.5786877	-1.7550902
-0.9292207	-1.7031944
4.738331	-2.699871
-2.0188584	-0.45386216
-2.0890028	-0.15060928
0.42055148	0.42343235
0.43155855	0.109557584
3.362804	-3.4797313
1.6451442	0.6956928
2.324239	-0.40339485
4.261509	-1.7387558
1.6336794	0.5441387
2.261315	0.15223412
4.082645	-4.132007
-1.6822999	-0.69392705
6.542201	-3.4913614
-0.7068371	0.46866637
-1.058346	-0.5080125
-2.0020595	-0.8107836
-0.13932934	-0.15004301
2.0537624	-0.5311643
-1.4186009	-0.7679068
0.08185969	0.7485006
3.0256984	-0.83992654
-2.5364344	-0.93619776
0.2037498	0.349925
-0.6010047	-0.38104895
3.6419888	-2.4998662
1.4921842	-0.06577558
1.3569465	1.0488158
2.5127544	-1.3445344
2.514317	-2.7382934
-1.1468849	-0.34526232
-1.8196255	-0.5633595
0.724072	-1.8640639
-1.7154578	-0.0028145406
1.5717183	1.5595891
-1.0095905	-0.080465354
-0.37502372	-0.58290374
3.8803015	-2.665821
1.4239875	-2.6133308
0.65753734	-0.54040664
-1.285959	0.3936594
-2.230617	-1.6578048
-0.14983283	-0.17760411
0.8150011	-1.2186009
-0.15856956	-1.1427239
1.5365723	-1.0230232
0.8429514	-0.63513386
1.5640801	-0.5751617
4.3742294	-3.8620589
-1.8729151	0.22127964
2.1145973	-1.641707
-1.2192048	-1.0481167
4.667164	-2.255002
-1.0472896	-0.23581252
-1.8394028	-1.4975675
1.3021458	0.9499688
3.1681967	-3.8275244
-1.5896897	-0.5952711
-1.164769	-1.0776368
-2.3862143	-1.1655384
1.5206625	-2.8348792
-2.3315115	-0.8957859
-1.4849925	-0.40475795
-1.4595733	-0.5965678
2.0786693	0.03434275
-2.1677787	0.56459814
4.5290694	-2.1673641
3.9361224	-2.4452493
1.1681823	0.13841031
0.86356163	-2.5478876
2.6153219	-3.3152692
3.8206375	-0.62691426
2.1725616	-1.2808584
0.089005865	0.21523535
3.0852947	-2.5274756
-0.44565028	-0.1458431
2.5217998	-1.2246456
2.2524505	-4.1043987
2.487673	-1.3197511
-1.352462	-1.287936
1.6762964	-0.6246552
-2.407155	-0.651693
0.51723266	-0.72562885
2.3342953	1.238041
-2.1207097	-0.94924325
0.043366767	1.3632362
3.2278452	-1.2918825
1.3120848	0.7460095
0.44398564	0.74739987
1.5707588	-0.8133794
-1.0548971	-1.3348292
-0.5047859	0.6722594
5.243674	0.081881434
0.4812314	1.2104117
1.4639546	0.47913516
3.735758	-4.7105927
-0.9551008	0.2380605
2.7414255	-0.7985344
-0.0637337	-1.4801348
0.47614425	-0.020020228
0.52453244	0.42378378
-0.731419	-0.97601974
3.3101974	-1.8022251
2.811913	-2.2242298
1.904383	-1.1881641
2.7012556	0.6720809
0.4162069	0.9133066
4.802449	-5.4679055
1.2806633	-1.4924587
-0.36552843	1.1172254
-0.028783128	-2.4052322
2.5495582	-3.0531728
-2.24796	-0.49562165
-0.7691458	0.22627632
-1.0816039	-0.6845254
0.6025095	-1.6321831
-1.8064569	-1.2325708
0.7347597	1.6261802
0.7921839	0.9483594
0.98675317	0.46019316
3.7129295	-2.0814354
-0.121715285	0.25516
3.6611738	-2.3821335
0.062469408	-1.1507608
-2.6513007	-0.600372
0.065647766	-0.1548105
-0.054482333	0.5198387
4.5635734	-2.6243517
-0.90768886	0.07450284
1.5500212	0.53665984
1.3950707	1.1336578
-0.17414549	-0.52026874
3.0449095	-0.30556443
0.50896525	0.22852843
-1.4931912	-0.6243621
1.3618869	0.887259
1.4724915	-1.9426428
-1.199652	-0.9213649
2.509095	1.2597468
3.6143422	-1.7462823
2.8795142	-2.7473347
0.85720384	-0.010557827
2.4096577	-0.78571475
0.7601485	-1.8590202
0.10356938	-0.16868548
1.4897853	-0.52932996
-1.1594049	-0.2121289
3.699516	-1.7499356
2.9918828	1.4440941
1.4858363	-0.3867521
4.8624587	-4.8752923
1.5348328	-0.7465608
-0.108817965	-1.4612052
2.9388523	-1.1202534
2.9617386	-0.40637746
0.2182286	0.6746502
2.1162086	-0.044587675
3.5767298	-3.5107813
-1.2683516	-0.21004257
1.3159955	-0.47569415
-1.3367329	-1.2538003
0.4165198	-1.4106727
-1.9498631	-0.7076113
0.6356522	-1.625718
-1.268115	-0.894983
-1.4418874	-0.8098125
1.1978744	-1.5714735
-0.4714843	-0.56631464
0.95200074	-1.3171196
-0.45307118	0.112822354
1.6839361	-0.20088755
-1.0304337	-1.5740693
3.329815	-1.2781479
1.1612662	0.116843164
-1.5844542	-0.1242657
0.34764823	0.02461883
-0.7886106	0.08563173
1.5613068	-1.1274986
2.161759	0.85758615
-1.3908572	-1.4451917
1.8143109	0.09703357
2.4589045	-0.98232377
-0.15978861	-0.6902443
-2.0829592	-0.8188024
0.45525786	0.33962914
2.6230533	-1.1522306
0.21117236	0.8209378
0.78013563	0.98081535
5.337345	-2.059571
-2.6478868	-0.5210135
2.8844402	-3.1533628
-1.3490437	-2.244058
-0.05131206	-0.9317763
3.762704	-5.097686
-2.404769	-0.58097327
1.5131278	-0.28154302
2.544282	-2.172153
1.8120174	-0.87009096
1.2437882	1.4699572
-1.4174944	-0.46059692
-1.593943	-1.2305299
-1.4399257	-0.341937
4.5840654	0.769545
-0.4003012	0.20129125
0.28714442	-0.71911144
1.5904611	0.10613591
-1.6993538	-0.53490454
0.6103142	-3.1702108
-0.38200963	0.27214375
1.7991903	-4.2186265
-1.2586352	-0.22536789
3.4619935	-3.5680726
2.56987	1.1557044
-0.82274234	0.5960735
1.5594673	0.08985973
3.6007345	-0.053967208
-0.7411784	0.77355516
-0.83246905	0.11283799
4.4610205	-2.5017614
-0.30597913	-1.5720515
3.1819408	-1.2004156
4.1133575	-1.3873619
-1.2932453	-0.29628843
2.6350546	-1.0457162
5.420923	-4.7692027
2.2035823	-1.9169939
1.4026144	-0.30322278
2.1119478	2.7850907
-2.0019007	-0.48564398
0.0648735	-3.1259627
0.37278804	1.0971795
0.17000167	0.3455071
3.954981	-1.831151
0.98032176	-1.664501
4.68153	0.870398
-1.5900294	-0.66410625
-1.6912824	0.023480777
4.3231688	0.2428225
-0.2036673	0.08265071
4.327361	-4.3785753
-0.23226348	-1.3937888
2.036034	-2.8350554
4.0806575	-1.4582404
-0.11417179	-1.7860531
1.2487342	-1.0660731
-1.718355	-0.12869555
0.040665537	0.05038962
0.52086544	0.71670425
-0.67891604	0.12560393
0.17607284	-0.13771331
1.0989733	-0.58247083
1.5904611	0.10613591
0.57449156	-1.4300963
0.76554847	0.22389455
-1.2584189	-0.49704584
0.6042294	-0.8357094
-1.7812364	-0.12586306
3.5530937	-3.0252318
0.646675	-0.14983991
3.4498496	-1.7068597
-1.8499131	-0.77056533
3.5452979	-1.63147
0.96088636	0.08676018
2.262869	-1.8151629
-0.2284779	-0.1449432
-1.061379	-0.44142285
2.6047022	0.7586665
3.241101	-3.6378312
0.7333066	-2.281953
3.1163948	0.62114143
-1.0827157	-0.09956008
0.6904458	-0.8551517
4.5434074	-4.909424
3.9774888	-2.1379023
-1.0133243	-1.1414562
-0.63174635	-1.3194214
4.3447375	-3.0405047
1.6378464	-0.47738105
1.7080085	-2.4580977
-0.8831244	0.317107
1.952743	-4.0705028
-0.2768711	0.86085916
-0.80822545	-0.36568633
0.68023974	-0.62420696
-0.5418297	-0.5566177
1.9474833	0.5463497
3.9471953	-2.8600426
-0.95491993	-0.9709624
-0.6589824	0.85462236
2.1184254	0.7632855
0.72030723	0.65287966
2.5969212	-1.662835
-1.4022241	-0.50287426
-1.3597454	0.4926874
-1.3590412	0.87190753
-0.5943751	-0.90697795
0.6121824	1.1455319
-0.48672813	-2.7139323
-1.6941837	-0.3456023
1.0691285	-0.46173936
3.4855955	0.36084604
-0.67406404	0.06409439
1.7504371	-1.8484135
-1.0411572	-0.17871022
-0.18460263	-0.78155065
-1.5697904	-1.4178206
-0.924613	-0.0020011729
-1.4849211	-0.5353053
-1.3059107	0.47318023
1.8724194	-1.9510275
0.16777049	0.39518723
4.0142727	-3.1843076
-2.1250832	-1.4955465
-1.956019	-1.4917302
-1.2130805	-1.1864728
-0.43520948	-1.5031955
-1.3978976	0.43912333
1.5466409	1.0258365
-0.14726722	-1.0442117
0.94175565	0.8675447
0.6861216	-0.5677232
5.5313764	-4.549607
-0.2577945	1.1745594
1.393084	0.1627881
3.2399392	-0.203147
1.6638652	-0.81730807
-0.94618285	-0.14336503
3.5127106	-2.2301161
4.2714934	-1.5812719
6.6933675	-4.4822817
1.9412125	1.5688897
-0.9838329	-0.062273953
3.493813	-0.33807236
-0.20173855	-1.4998323
1.9802556	-0.14584666
-1.0471139	-1.1859406
3.381534	-2.7340844
4.1323566	-0.032814268
3.2182755	-1.2864474
4.3725686	-3.105345
-0.46034932	-0.33849883
-1.6274722	-0.40922418
-1.072922	-0.69874644
0.45005402	-0.72363824
5.5063424	-1.4920276
3.2241971	1.092424
-0.9704837	0.55085576
0.38913023	0.35005653
-1.272748	-0.9570866
-2.7215638	-0.7462894
4.145123	-3.819791
-2.0631526	-0.38712025
2.5627584	-1.1881844
1.9399424	0.72996235
-1.6906824	-0.4059656
0.3689023	-1.6324133
-0.43467146	0.85154694
3.0443676	0.70957345
1.5548136	-1.337951
0.011687636	-2.1068304
4.564715	-1.1734364
2.759198	-0.25440964
-0.120309055	-2.0717068
-0.08040151	0.85151887
0.3688423	-0.46481833
1.8670433	0.17423896
-0.50270855	-0.08484034
0.8181627	-0.5005715
1.5932763	0.09596532
-1.1739177	0.102529526
2.3306417	-2.2782457
-2.2722301	-1.2963265
3.2764866	-1.2396903
2.2236593	-1.4645913
0.9205048	-1.6762108
3.2454958	-3.477229
-2.0157034	0.34339702
-0.114315554	-0.7511003
-1.0182083	-0.178336
-2.1909366	-0.8447524
4.441484	-4.3900204
1.0872823	1.0667894
3.756968	-1.8039161
-0.9021194	0.51613736
4.63148	-2.6100729
2.744028	-1.2362845
-0.049051076	0.86828476
3.3085213	-3.3410692
4.381129	-4.180937
4.0925736	-2.7101386
2.3113127	-1.9302717
2.3462126	0.53188485
0.31517193	-0.07415365
-1.4133673	0.2888638
-1.4400504	-0.23986703
-0.6478622	-0.19974568
0.8367013	0.5590208
4.324613	-5.1424694
-0.41010654	-0.17789298
-0.87214243	-0.52118987
-1.9371704	-0.48449957
-1.0426694	-0.29129478
1.0290977	-0.5186092
4.6217933	-5.750837
-0.64104635	0.47759745
2.1974351	-0.04066866
-2.1831448	-0.52468175
1.3704674	1.0408844
-0.5847345	-0.30783194
1.0591953	-0.39307338
-1.6827004	-1.1880544
-2.623612	-0.67407
-0.23164311	0.25927576
2.64766	-2.4045913
-0.29155412	-0.96254295
2.800058	-1.5959444
-1.4605541	-0.18441398
-0.8719865	0.07628811
2.9256098	1.3647789
1.1085951	-1.5951164
-0.3343931	-0.82215816
-0.31267476	-0.33875346
0.14331312	-1.0027106
3.2473736	-1.9941307
2.9342983	-2.3017268
1.3872614	-0.45262492
4.952956	-4.962142
3.2563586	-3.842211
0.39736357	1.6766461
0.24955985	-0.09707866
-3.0667913	-1.7101045
3.4798925	-922448e-9
1.9573512	-3.1396115
2.762238	-1.8032392
-0.8690068	0.03676364
1.173544	-0.67591316
-1.1962082	0.08520836
2.825702	-1.8783644
-0.47025776	-1.9058135
-0.41732085	-0.53879315
-2.1562133	-0.41861638
-0.068506405	0.82455194
4.371119	-3.512203
3.422801	-2.3232994
4.403866	-0.9056408
1.2457842	1.0037093
-0.43421087	-2.3680236
0.3140116	-1.7176894
-1.5792371	-0.4195264
-1.4314402	0.06592531
3.2658591	-0.3315667
-1.5235536	-1.0871807
-0.8281437	-1.0573001
-0.89585686	-0.49135184
0.24969879	0.95169026
-0.13944423	0.6122352
0.33991975	0.33952734
0.79338336	1.2791721
-0.73415697	0.09413907
0.960667	-1.8098722
2.5118623	-2.7019882
0.6408099	1.0100614
0.7266457	-0.93283063
1.2736838	0.61673063
-0.16143787	0.92298627
1.2236273	-1.2667419
4.977877	-5.7127175
4.481322	-3.0484967
-0.7937711	0.21315539
3.4819858	-1.5239456
0.68459207	-0.7137582
2.5327454	0.13129367
3.3329039	-2.7120047
2.8214064	-1.5977044
0.4581738	1.3826567
1.9262396	1.1296824
3.26394	-2.254777
-1.0478039	-0.3928089
-0.031319052	0.013449488
-0.5537079	-0.65923095
-0.6942532	0.059504606
1.7124894	1.5133934
-0.34156585	-1.1827574
2.366504	-2.5733562
-0.338842	0.6959513
-1.3190117	-0.9554021
-2.188149	-0.39851505
-0.78786415	-0.06274774
-1.5486209	-0.6847422
-1.0935633	-0.6681253
-0.9793533	-1.3433679
2.2634544	0.9384626
-2.88103	-0.501092
0.32989603	1.1725367
1.8560036	-0.9245295
-1.1400341	-1.6619807
0.6730179	-0.96708196
1.579099	-1.2888407
2.5650976	1.1394888
-0.8906672	-0.38590208
0.6327535	-0.9748228
-3.5634725	-1.5080452
-0.787938	-0.6543107
1.049648	-1.8133233
-1.7720342	0.3729951
-2.439303	0.27503675
-0.881619	-1.2504175
3.8814082	-2.870365
0.69091797	-1.3890358
2.574056	-1.9185455
3.3771992	0.62697923
4.798284	-3.3571513
-0.7750947	-0.7804168
4.5579834	0.91021776
2.1523662	0.29815415
0.6471646	-1.836495
0.6510926	0.039997574
3.7892122	-2.6395726
4.5127897	-2.9065955
-1.04538	0.18913509
2.5097713	-4.113707
-1.2437799	0.16869885
4.6848855	0.025032056
0.5491208	-0.64777
2.4361324	-0.3518876
4.2537837	-1.7716244
-0.16638824	-1.2288646
-2.4305763	-1.1462369
0.20105104	-0.96089613
4.4877872	-1.531335
1.8539127	-2.186638
0.64173883	0.87022305
-0.099909164	-0.39767933
-0.96665674	-1.419442
-0.83941853	0.110390574
2.8431811	-1.5053799
1.5715674	1.754246
0.21234459	-0.8034035
-1.9187021	-1.1651962
3.289965	1.1162711
-0.6942532	0.059504606
-1.9796383	0.19722405
2.4214032	-2.3328393
1.2621785	0.9194133
-0.086620964	-0.23928091
2.2281215	1.0255233
0.74590564	1.1311072
3.7604077	-1.7853643
-0.83345324	-0.4626009
0.7373095	1.1307473
-0.17352223	-0.29551995
1.0047846	-1.0026062
3.2704558	-0.2255222
1.7663832	0.23772126
-1.5045859	-0.077122256
-1.7508936	-0.6343584
1.0363368	0.71374035
-1.0538658	-0.7635912
-0.33230558	-1.4281099
-1.270109	-1.018964
1.9602982	1.5505592
0.6470489	0.59053284
0.07449961	-0.38625246
0.86962247	-1.6535214
0.28433013	0.1648523
1.887085	-1.5038143
2.577878	-3.4516327
1.105732	-2.6352713
1.245709	-2.1782043
-1.2710664	-0.2684519
-1.1479335	0.09553253
0.7544919	-1.327177
-0.91211903	-0.6869496
1.271028	-1.38748
-0.23136705	0.35345274
2.6868143	-2.6328409
2.8466628	-1.7328525
-0.28626803	0.042078096
1.0362036	-0.3599405
-2.1175017	-0.2385379
-1.3420758	-1.275626
0.44318256	-0.49365512
-1.2150174	-0.49820775
3.042482	-1.7599375
1.482369	-1.2985504
2.2056994	-0.90673417
2.1461911	-0.08516016
-0.07301766	0.30664855
-0.30916643	-0.88150793
-0.08853917	0.1617257
-0.8012291	-1.0431279
2.2524886	-2.3246365
-0.04990095	-1.3558438
1.5489492	-1.8428999
0.94949186	-1.6229569
0.39340076	-1.0677048
-0.090358645	-0.24365106
0.86657065	1.1351681
2.2969792	1.3034092
-0.6092815	-0.39547008
1.2725415	1.6683921
-1.0192406	-0.76378
-1.6353775	-0.8139103
1.2440134	-1.3973299
-0.024605438	-0.93479186
-0.8289744	-0.2520785
-0.75369716	0.5850596
4.0678663	-2.7263155
-0.024445564	-0.559999
-0.63483655	0.21858804
4.4795146	-3.4071848
-0.19969043	-0.37072942
3.4051833	-0.04383681
-3.1601179	-0.17532657
-2.083146	-0.5269888
2.7031987	-1.4383117
6.3075976	-0.9687273
-0.39179564	0.3571325
4.004137	-2.2096992
-2.190902	-1.3514193
-0.7505455	-0.5567668
-0.4125279	-1.0248237
-0.529322	0.49769074
-2.0173583	-0.6920771
-0.5312425	-0.1516487
4.038633	-1.3920403
-1.2910774	-0.63464886
-1.1424644	0.07039487
2.075121	0.7568489
-0.2249747	1.0620625
1.7295736	-1.4685123
-4.119797	-0.51769
3.6796122	-0.62228334
2.6089525	-0.6743546
-0.48916072	-0.67605335
-0.0298312	-1.0713058
2.6252186	-1.6407875
1.7073106	0.31447497
1.3596202	0.18403268
2.919096	-1.7961698
2.795034	-1.2259793
-0.30401877	-1.6263291
1.3190401	-2.684428
5.0947485	-5.254632
0.67175275	0.48333314
1.1237626	0.44746244
5.0665526	-4.677235
1.2699702	-0.7915816
0.40438873	0.976144
-0.5773033	-0.0060172155
-0.0025952756	0.3369441
-1.9765503	-0.6748597
1.3953568	-1.6541696
0.6015594	-0.6607674
2.5682566	-0.19617367
-1.0922927	0.3401201
2.367352	-1.7832457
0.21991333	-1.4942411
1.5975511	-1.8238959
-2.363858	-0.99696916
1.6207898	-2.0772507
3.6296227	-3.4091403
-2.0985134	-0.57171863
1.0425836	-0.7437302
-1.7540977	-0.8193286
-0.15764901	-0.18389124
-0.9913803	-0.77789307
1.1041905	2.0192428
0.5423581	0.15852514
1.9645181	-1.5459061
0.76851076	-0.2458492
-0.84545195	-0.19416195
3.5478518	-2.2480807
4.02293	-2.3974469
-1.008503	-0.15306415
0.49376372	-2.3508027
1.875197	0.7269997
-2.082014	-0.6550057
2.6983142	-1.1268519
1.3842854	-0.43607834
-2.3575702	-0.27224198
-0.58723724	-1.7895793
0.73205507	0.71365744
3.6862395	-2.7846174
0.21956612	-1.3348446
2.59204	-1.2915804
-2.2978945	-1.2859006
-0.6127864	-0.634476
-1.3367708	-0.10240552
-1.1265149	-0.2585407
-1.4302783	-1.0157833
-0.28699	-2.8331203
-1.0982563	-1.2331061
0.22290394	0.46626067
2.073593	-0.07563999
3.2156653	-1.8760444
-0.50047255	0.4113996
-1.1651287	0.1510059
1.3044888	0.2035805
-2.089192	-0.6065425
-1.5986367	0.3303531
1.3763585	-1.1430527
3.279156	-2.815383
-0.31118882	0.18565008
-2.5867445	-1.9198472
3.3053937	-0.7238765
-1.8057494	-1.2309692
3.2698836	-0.67232823
2.3293836	0.17953157
-0.40773243	-0.22695705
-0.98998106	-0.6169061
3.086039	-4.2501187
0.9051497	0.06429076
1.1409267	0.40865597
5.3626943	-5.325466
-1.0989296	0.18879125
0.39861256	0.88663286
0.16126874	0.32549846
2.7142606	-0.2434221
2.9991882	-2.0309794
-0.9912412	-0.13556996
-0.53448343	-1.1719028
2.5685186	-1.9417264
-1.2403448	0.21703644
-0.8174336	0.5556406
1.2533724	0.02312658
4.976811	-4.163856
0.1812037	0.64120924
-1.8720385	-1.352938
-1.3345897	-1.2843707
-2.041812	0.23248827
1.0386492	-1.7412797
3.1764622	-2.0954201
-0.6810997	-0.6749142
2.4479764	-1.4034442
2.935423	-1.6300523
-2.3748896	-0.3123492
0.035910964	-0.63377553
-0.4737307	-0.77051806
0.89562476	-1.4297205
0.33465227	-0.042205483
-2.060649	-0.107842766
2.744384	-3.1990461
-0.9441453	0.02534307
3.1981614	-4.187057
1.673777	-0.6497764
0.29322082	-0.79370606
0.17959726	1.0724089
-1.1687106	-1.2012948
4.6763353	-4.4662404
-1.7053177	-0.103039026
2.6926558	-0.2668865
5.4127884	-5.3403077
2.6953526	2.1214256
0.97680295	-1.5713707
-1.8601551	0.19961332
2.5278714	0.5832792
0.20267984	-1.0852426
5.335477	-1.6800642
0.1866429	-1.2442077
2.977378	-2.6545367
-1.8857253	-0.20223956
-0.43761927	-0.69036037
0.6966582	0.2996532
-1.4390731	-1.5238296
0.22817184	0.4665425
1.640693	-4.701954
2.6078136	-1.2752213
3.930834	-0.40240902
4.3990645	-1.6248323
1.3216193	1.6061491
3.0775332	-3.3497345
-0.29715845	-0.47221965
-3.0233178	-0.9821986
-1.9756387	-0.79960126
-1.5449271	-0.69751966
2.322331	-2.875868
4.5205045	-0.040588826
-0.9573998	-0.79520345
1.4730585	-0.34567273
1.2333426	-0.6235472
0.21449025	-0.5043941
-0.6833037	-0.074129686
1.5615835	-1.4153951
2.424457	1.3030946
-0.7967357	0.6385999
-0.2704026	0.36460942
1.7224749	-1.0115838
-0.22523043	-0.59259933
2.6025229	-2.094482
0.80189687	-0.2648131
-1.6893599	-0.4657653
-0.695315	-1.116275
-1.5051329	0.0286336
-1.1765358	-0.6977488
-0.590839	-0.1461695
-1.2464532	-0.9923502
-1.8017638	-1.2356409
0.5525681	-1.2688236
2.08342	-0.6543443
-1.5397111	-1.3230754
3.1833134	-1.4849868
-0.64549696	-1.5271561
2.9029276	-1.5587165
-3.0255804	-1.7152196
-0.95442325	-0.8518765
-2.0969582	-0.088263325
0.21277788	-0.614838
3.0127962	0.61131257
-1.7570313	-0.22489856
2.9829712	-1.2307175
4.3072686	-1.4724836
1.7321136	-0.9604428
1.4197912	-1.0644205
0.30743408	-2.1902773
-0.2761644	0.6052381
4.862952	-5.2600245
-0.41950798	0.14309427
0.80288357	-0.36421877
-0.1252896	0.5254261
-2.701637	0.22641625
-1.0098417	-0.5434189
3.2442396	-2.8123555
3.9156847	-4.030857
2.109883	-0.1087275
-1.9381789	-0.64884627
3.5585225	-3.808252
-0.63542724	-0.364457
-1.579526	-0.05367342
-1.038645	-1.1603187
-1.3399436	-0.35042313
2.337671	-1.189992
0.6633065	-0.84978753
2.3829393	-1.0374227
-2.0956936	-0.89310175
-1.513932	-1.2520927
-0.64628655	0.52078396
2.6581562	-0.85925996
1.7747495	0.3893732
1.5647298	-1.6758372
3.3122952	-2.098215
1.6287642	-1.3935448
-2.4845731	-1.3957249
1.2067065	-0.33320367
3.9250567	-2.7948875
4.4233365	-3.8587415
3.0575893	-2.3395834
0.71929574	0.497425
2.137986	0.53877115
-1.9151452	-1.3215145
0.47038355	-1.1269746
1.0163337	-2.7114987
-3.3358703	-1.150834
2.2302518	0.88608164
-1.1060327	-1.1682318
2.4594073	0.858031
2.3905153	1.3337185
-0.15328223	0.5986396
-1.3852584	-0.14961007
1.2826924	1.4666579
-0.8202477	0.2434473
6.5539804	-5.7246127
1.9581683	0.5189026
3.3294787	0.7659858
1.8812184	1.282115
3.7861207	-2.3348875
1.904383	-1.1881641
0.6865506	-0.7441263
-0.6320365	-0.8316579
1.8938408	-1.541526
0.26572806	-1.2839193
-0.6570345	-0.28327498
-2.092161	0.043553628
-0.27900708	-0.26067787
-2.554631	-1.7623855
-1.1006178	-1.7333854
-2.0925615	-0.37409502
-1.4668698	-0.23812474
-1.8301355	-1.2207212
3.6611738	-2.3821335
1.7890962	-1.0683231
0.36738855	-0.2397169
1.1176264	0.32125577
1.4175935	-1.4288691
0.37646633	0.7749174
1.3393081	-1.6444632
3.579447	-3.5293872
-0.43472448	-1.7192934
2.711954	-0.20955214
-2.178308	-0.22824697
-1.5423115	-0.1859026
1.7405262	1.636885
-0.30950713	-0.2738126
-1.70704	-0.146237
3.9937046	-3.1443105
0.9505526	-1.1057007
0.11923115	0.26698187
-2.8336823	-0.6671434
3.388342	-0.40629143
1.6054891	-0.49058867
0.98362625	0.08698434
0.2638477	-0.6065928
1.8580245	1.0457819
-0.49652532	0.55214375
0.29745948	-1.0571623
1.4167598	-1.8613178
0.8767451	0.5712813
-1.2987697	-0.77438617
3.4316213	-2.111334
5.2808456	-2.162841
2.921732	-4.0141554
3.3573203	-3.1124346
2.4820437	-2.072757
-0.20259987	-0.3890066
-0.15113562	0.55224127
6.0245867	-4.1232266
-0.24417314	1.1082628
-1.9965506	-0.069935
1.7748903	-0.4302264
-2.2722301	-1.2963265
2.0253224	0.6676889
2.2727761	-3.0046952
3.134668	-1.189634
-0.64686537	-0.7595915
-0.46072102	0.5201865
0.9509287	-2.1729674
-0.08617622	-1.8579266
3.107044	0.13577926
2.5607448	-2.7157638
-0.98987204	-0.35298032
1.9663892	1.692742
-0.3783765	-1.0551686
-0.11955261	-1.8302702
1.1636324	-0.47082162
3.727454	-2.8514802
-1.7245636	-0.54603326
1.1853468	0.32639465
-0.31911242	-1.8041204
0.38789818	0.925086
0.08919772	-0.5440237
-2.020817	-1.6189834
3.5901392	-2.1954868
2.8120022	-3.9479625
3.0983138	-0.6095002
4.680637	-4.616163
2.24898	1.5717822
0.98184574	0.79445726
0.19122359	-1.8838403
-0.15384129	-0.09985046
2.1184673	-1.2514669
0.9738884	-1.4897677
-0.8952251	-0.2834739
0.5206791	-0.14239033
2.2469559	-0.6725032
3.3117776	-1.112883
2.3078966	-2.031239
-2.4973722	-1.2756232
4.077687	-3.092887
4.7946944	-1.4685587
1.9008818	-1.1686985
-1.4729599	-0.56774056
-1.5094944	-0.66977394
-0.22047612	-0.95345163
-0.041525915	-1.1102769
-0.26239702	-0.20763923
1.8064088	-1.6609778
3.3644917	-2.045823
4.299911	0.40457037
4.6046724	-3.3192708
-0.02804973	-0.46982968
2.336765	-1.6401
1.6869553	-0.44117722
-1.4839271	-1.1167164
-1.3555963	-0.16286233
1.4677633	-1.1303793
0.27681392	-0.9224694
-0.51426756	-0.42678624
0.69136214	0.53073543
-1.660906	-0.76487994
3.5327723	-1.3534214
-0.36953327	0.77354056
2.5062726	0.1340432
4.709087	-2.8438277
4.532304	-1.1252899
0.84579974	-0.5164091
-2.5077531	-0.73440474
1.2967641	-0.41130543
1.7204651	-1.0751039
1.4249623	-2.2901049
-2.5626664	-0.6107497
0.8002221	0.21098737
-0.08887208	-1.6859281
-1.096703	0.16293089
3.955576	-1.6726342
1.4209121	-1.3099174
-2.5031161	-0.54124177
1.6031985	1.2367213
-0.6260287	-0.97129226
1.2719254	0.64642316
4.061609	-4.1253963
0.043292195	-2.2649138
2.793345	-4.370766
1.7459847	-0.3211832
5.115796	-3.8654761
3.2426395	-3.108964
2.1490817	-1.4110366
3.6020222	-0.20580511
4.8848705	-3.3499935
-0.34467873	0.12636256
-1.3127084	-0.21404201
-0.88389224	0.020680252
2.3459222	-0.47813144
2.1654608	-3.7878797
0.12525791	-0.7476109
-1.3005557	-0.25739065
-0.3951134	0.30394962
-2.1783776	-0.62887526
0.47091243	-0.96813226
4.398839	-3.2111356
-1.0158154	-1.2189535
-0.102798894	1.1593515
-2.7218084	-0.122730285
-1.275871	-0.41576865
-0.7413443	0.47398067
-0.15354006	-3.6577082
3.6774497	-2.1786
1.885172	-0.364405
1.9737699	0.078970596
4.871124	-0.49089697
-1.2976216	-0.4798585
4.3473463	-3.558837
5.076349	-0.51727533
3.203972	-3.5390766
2.8736985	-4.4685535
-3.073454	-0.8816353
3.6212392	1.0144638
-2.05225	-1.4093633
3.3019338	-4.145958
4.472239	-1.0339509
2.110548	0.9139747
-0.1622174	-1.7404227
-0.12462458	-0.1429737
0.7058579	-3.2469997
0.5754758	-1.0460749
4.9128456	-3.005028
3.840043	-3.4920082
-1.6149248	-0.78023994
0.03510666	-0.8852886
4.681672	-2.942254
2.4792218	-0.02802699
1.6177784	0.9813522
-0.072111756	-0.7613085
3.0029464	-1.8711598
1.2753401	-0.91658205
2.7359507	-1.2746755
-0.34211618	-0.9654822
-0.62619084	0.56326723
0.57019484	-1.5858102
2.7205832	-1.313517
0.8687138	-1.9294579
-2.3169544	-0.5118077
2.4687192	-0.5855181
-1.1156824	0.10900683
-0.19083777	-0.08165215
3.8882236	-4.971562
0.41136426	-0.4717747
-0.8003613	0.384905
1.3398763	-3.2576683
0.47744727	0.40075853
4.3926744	-4.4233017
-0.1943876	0.11969368
4.2469845	0.11420841
-1.1605039	-0.96381754
3.7242057	-2.61567
-3.2059398	-0.5389636
-0.9985258	0.19903602
4.936034	-2.8478622
3.4597478	-1.3578457
-2.1710682	-0.7060889
-1.2765914	-0.80889267
-2.4960861	-1.2244449
5.090308	-3.2527683
-1.3957224	0.3421378
2.2469559	-0.6725032
3.6761122	-3.9865918
-2.3275504	-1.7864938
-0.12586212	0.11986677
-0.9180318	-0.29219583
-0.6272345	0.40066552
3.7205222	-2.189769
-0.6789789	-1.1940577
1.3510156	-1.0418382
4.706249	-3.5584216
3.3593378	-0.54595673
4.632603	-3.0722067
0.59654826	-0.4024673
4.667164	-2.255002
0.24511038	1.0563406
-1.7633895	-0.41543666
0.044547	0.17504609
-0.97970295	-0.5614931
3.648665	-3.6308796
-1.1870165	-0.4645433
-1.7005751	-0.02490414
-1.6849931	-0.21355619
2.4815784	-1.5482987
-1.6754024	-1.2527053
-0.515436	-0.21786962
2.2375772	-1.6195955
1.6462799	-0.037227064
-1.0531541	0.18747805
-0.950578	-0.7245052
2.4796846	-2.2013912
3.4246051	-0.14665854
2.3397071	-1.0107225
5.2040453	-3.3781083
4.3447375	-3.0405047
1.084341	-2.2598765
-1.4134092	0.23272002
0.37538671	-0.27254447
4.8698373	-1.8775011
-0.112376876	-0.8196543
1.2222403	0.60246086
0.20087034	-1.2398908
2.387755	-0.20291616
3.78728	-1.7863507
1.0573027	-0.9634097
2.8766794	-1.3066818
1.5365723	-1.0230232
-1.2948858	-0.27187026
-2.2052703	-0.4504819
1.4410038	-0.40106276
1.3749232	-0.7381012
1.7286084	0.45077395
3.1238794	-1.1136127
-1.2420491	0.64617115
-1.2499352	-0.16045053
-0.8614674	-1.0713934
1.2399617	0.34263688
0.32560694	0.27308255
5.670387	-5.169696
-0.30905116	0.529174
4.6233997	-1.925158
-0.66488725	-1.0624466
-0.4397655	0.37892172
0.13784087	-0.6466872
2.445932	-1.3500806
-1.8745865	0.14320731
5.0435286	-2.042091
-1.9131539	-1.4452014
0.7479759	-0.59758
0.92806643	-2.6500995
3.6999774	-1.1014699
0.79658973	0.72034955
1.217816	-0.18707532
-1.3935974	-0.96654457
3.691132	-3.534912
2.2959335	-1.8775444
3.8735735	-3.9590747
0.102627665	-1.1863691
5.1063223	0.1106012
2.0935104	-4.0670166
-1.2316469	-0.26243073
3.3045235	-1.8719792
0.9868687	1.1957312
-1.5589651	-0.24478275
-1.814622	-0.7941848
3.7137616	-3.69661
0.82400763	-2.2368712
1.2458705	-2.206287
-2.9492898	-0.4533446
2.2027671	-1.2374926
5.221096	-3.764428
-0.24286474	0.183834
-0.8079308	-0.9788647
0.5908148	0.9040932
3.9924607	0.396788
0.18332495	-0.6871176
6.034943	-3.4246473
-1.9814185	0.16606992
-1.9753602	-0.79560953
2.757519	0.8575112
2.688998	-0.74713063
1.1845725	-0.698161
2.8224633	-1.3700253
-3.1533518	-0.663254
0.14552993	-1.0267822
2.5909386	-2.3660955
4.4440584	-3.5001976
-0.62983346	-1.1408389
2.0962424	-2.0186377
-0.13943486	0.551715
2.7389936	0.44802278
1.2885406	0.03183046
4.0838833	-1.4008198
0.005958155	-0.56446636
-2.4082685	0.08238682
0.32421994	-0.37049952
0.768069	-3.824497
0.050736874	-2.0830579
1.159277	-0.2020607
0.4812314	1.2104117
-0.4505822	0.31326568
4.0738907	-0.6694614
0.7961245	-0.31226033
4.356807	-5.3036857
4.8601327	-3.6870065
-0.9150338	-0.09480325
2.919192	-1.9997559
-1.9144311	-1.2992153
4.5346723	-4.040208
-0.022736773	0.41034156
-0.68206054	-1.0459051
-1.3453	-0.42342752
5.222618	-4.6999254
2.5878823	-0.6253735
-2.1609976	-1.0486368
0.5581001	-0.6757231
-0.5724759	0.14011909
0.07537465	0.0168861
1.4074327	1.0349782
1.9881015	-4.318215
0.7933028	1.4510919
-2.0344355	-0.971551
2.766922	-2.6635993
3.878262	-0.47406542
0.55128264	-1.329787
4.3055186	-3.9863482
-0.7292109	-1.3279592
-0.33811215	0.3093949
-0.59347266	1.1681291
-2.5487185	-1.168921
3.5937707	-2.776622
0.2812702	0.13541655
4.1447334	-2.5915322
5.742252	-4.548088
5.044675	-4.116757
2.4771397	0.31665376
-1.3295404	-0.2993083
-1.0641167	-0.640354
2.4493423	0.40988246
-2.3973677	-0.66548026
5.731692	-0.57524365
-1.6722782	0.48112172
2.5652947	-0.026320461
-1.0994493	0.09004863
-0.80081373	-0.34688386
-2.2869825	-1.1409813
1.3296102	-0.591949
0.5682062	-1.659636
1.1420062	1.0742459
-1.2964928	-0.06493129
0.91958565	-0.587222
0.46644703	-0.118936606
-1.3626668	-0.19260792
-1.0909057	-0.029521892
3.1863008	-1.385522
-2.2428808	-0.62763876
-1.5589651	-0.24478275
3.073812	-0.42239147
-1.1263528	-0.082276836
-0.23080374	-1.9816692
3.6947854	-3.7447157
0.63096076	0.3555263
-2.920638	-0.6025969
5.210144	-2.585679
-0.34574127	-1.0290166
-1.5768011	-0.3919577
1.1177647	-2.2254493
-1.883549	-0.585422
1.010547	0.5683078
4.2046266	-2.4283664
0.47614565	0.80036056
3.2467718	-4.329697
3.9708934	-3.02516
1.9448789	-0.4970795
-0.11547723	-1.1806667
-2.0077229	-1.3225813
1.074377	0.47704905
1.4710386	0.47164828
0.024094239	-1.9468457
1.5075831	1.15502
1.8015115	-0.0086580375
1.5387201	-0.7734783
-1.9695312	-0.89871955
5.1128387	-4.8284698
0.9401704	-2.0814226
-0.42149305	-1.1461298
2.7298727	1.1230503
-2.194343	-0.62857306
-2.0741928	-0.75332415
2.8618	-2.6394632
-1.5453162	-0.22651218
1.8124461	-0.049123745
1.7578136	-0.12401062
2.2385492	0.015473796
-1.1824826	-3.2431865
-1.5115982	-0.54366237
0.3781671	1.0295424
2.5973327	-0.82169175
0.48719573	0.5995609
1.0555332	-1.6305141
0.557201	-1.1323061
0.738979	0.6281008
-2.0154076	-0.95151365
5.225623	-1.1904236
-0.80594045	-0.8331996
-1.2609518	-1.3656566
-0.31106395	-0.2433134
-0.2961136	-2.0948884
0.08463734	-0.8931452
1.8113635	1.0536879
2.6202211	-0.9670679
-1.5470502	-0.26382974
-0.19831613	-0.66267085
-0.47864872	-0.8547268
0.8474147	0.25934002
-1.0521774	-0.64454
2.9065237	-3.7324183
1.7673123	-0.4467592
-0.020377442	0.19586284
0.45481637	0.3496632
-1.8738391	-0.09816852
0.7614189	-2.834011
0.83352065	1.6116464
-1.9116037	-2.4249983
1.7442873	1.2802149
-1.2231613	0.07699767
1.0252651	-1.028833
-0.56029606	0.3843291
-1.3965495	-1.3789439
4.774903	-3.1498902
4.634737	0.6026587
1.5237699	-0.23552391
1.8012571	0.5989516
2.2923841	-2.3442886
6.7931213	-4.8101063
1.3029652	0.737128
0.1416162	-0.96132076
-1.0300515	0.24413323
-2.0249352	-1.2114991
5.6411858	-4.899666
3.5201178	-2.6382606
0.07614025	-0.53402686
4.705535	-1.9642699
3.341146	-2.5688033
1.2248225	-0.14235817
-1.5535768	-1.7957733
0.11325495	-0.614697
-1.2113261	0.84533095
2.5468235	0.68151367
5.8027773	-3.313054
1.1609952	-0.7820935
0.5587852	-1.2167569
0.71788514	-0.3993142
5.775512	-4.697912
-1.8125666	-0.49375126
-0.7385167	-0.19120868
-3.1697626	-0.43700653
-0.13460486	-1.5612823
4.633975	-0.87871546
-1.2354555	-0.3848892
-0.18619753	0.20317346
-1.4136055	-0.42765194
1.3314483	1.9096202
-0.42752022	-2.135373
4.446333	-5.4887853
-1.0979874	-0.27677116
3.6246293	-3.0806031
-0.7765257	0.23330747
-0.6981306	0.12101278
-2.8333645	-0.22163738
-0.79534984	-0.17993233
-1.5241679	-0.26984897
-1.4938809	-1.5924141
1.99773	-2.407274
-1.9030509	-0.6388673
-2.8319302	-0.73667914
-1.6610756	-0.3241183
-1.4044355	-0.5233212
-1.2423227	-0.945826
5.5453496	-5.594826
-0.28004465	0.101271644
0.55481035	-0.8929439
-1.2830756	-0.24655734
-2.7691631	-0.6827089
3.075984	-2.129796
0.18503594	-0.45626822
2.018629	-0.6483858
2.8384519	-1.6645758
1.3949413	-0.8609767
3.9835153	-3.6210716
-2.137866	-0.630027
-0.8166449	0.16141117
0.40410396	0.5109088
1.3225213	-0.91862786
3.0753157	-2.5649962
2.9493427	-0.46582404
-2.1635094	0.14348213
-2.3616219	-0.22768748
0.37382263	-0.82382584
-1.0798258	-0.6127616
3.116065	-3.553903
2.4496005	-1.1403308
1.1092407	-0.16417596
-1.0948912	-0.5355526
2.110548	0.9139747
0.61664355	-0.27897665
1.535001	-1.347529
2.4619415	0.12978666
3.1983178	-3.6930294
2.563044	0.29674637
-3.277815	-1.0655247
1.2973756	-0.12212227
4.201046	-0.6286263
-1.8065207	-0.202452
4.05883	-1.4754126
-2.070297	-0.66993815
-1.6806793	-0.43801725
-0.00188452	-0.032298554
5.6608276	-0.6479751
3.938813	-2.024837
2.721542	-3.4024012
5.545662	-0.4522779
-0.10965708	-0.35774603
-1.9614224	0.43408388
1.9101524	-0.38117054
4.4831386	-6.959688
1.0677085	-1.1378124
-1.7614129	0.1818602
1.6833615	-1.9086704
0.66683054	-0.36973852
2.8544748	-0.28759927
1.5082911	-0.10865147
0.50054926	-1.0857865
2.7007184	-0.6109895
-0.47352272	-1.1913022
-0.048087202	-0.7126943
-2.572541	-1.1786339
-2.1528661	-0.06815565
-0.2968167	-0.3099868
0.8515191	0.76983815
0.03855823	-0.4056711
-1.7423165	0.16785404
0.9512567	-1.3169445
-0.7298677	-1.2963188
1.9453053	-0.39373165
-3.105957	-1.517434
-1.9820879	-0.6015222
3.4220238	-0.41233954
-1.8396515	0.56215966
-1.9136277	-0.8093768
-0.1228923	0.575913
2.1474295	0.7522675
3.165389	-1.0603498
1.2623752	1.0730782
1.5275596	-2.2887208
-0.0792508	-2.5624375
2.9589598	-3.3587935
0.8023572	0.9542272
4.936034	-2.8478622
-1.4729599	-0.56774056
3.2129881	-2.3238275
2.2350316	-2.8613691
-0.640197	-0.7487777
-1.4100864	0.2432304
1.8724194	-1.9510275
0.9773798	-0.65715164
2.8913352	0.010376833
-2.0968919	0.24594137
1.3710921	-0.36141872
0.14330849	-0.9290017
-2.1533175	-1.4206728
-0.7085286	-1.118383
2.8393211	-0.7505445
2.6887178	-0.90849304
1.4708786	-0.19470914
2.389648	-0.93855643
5.2581005	-3.271857
-0.48556495	-0.730305
-1.3571007	-0.6767222
3.5678253	-1.2721909
-1.5764674	-0.7823658
-2.725268	-0.5692987
0.9891279	0.47188997
2.2848997	-0.89331675
3.3177063	-2.0720842
4.3199334	-0.1727844
2.176553	-1.2859287
-0.75995743	-0.3534555
3.3695245	-0.69589454
-0.22454089	0.1867143
-1.9590247	-0.60774523
3.173843	-3.4106653
-2.096987	-1.019062
-0.80570954	-2.087242
1.099606	0.3170307
1.0355546	0.9644916
0.8198476	-0.53481734
2.5541313	-4.483269
1.4958119	0.87363654
-1.7748325	-0.60101056
3.707677	-2.3491905
2.752974	-2.3021343
-1.5898441	0.09594359
-1.2321976	0.7918429
-0.6760416	0.09629616
0.5789633	-1.5469654
0.271941	1.2492242
2.1060824	0.8862807
-0.95767045	-0.6042851
-0.96165305	-0.21281406
2.8968694	-3.2194228
3.2740865	-2.2772887
0.013226438	-1.2792923
0.59061897	-1.6314921
2.9324112	-4.012384
4.2941318	-2.8746624
-1.7880979	-0.40209064
-0.6684964	-0.4500268
5.032923	-4.1045885
4.2145143	-5.710766
-2.0605261	-0.29424912
2.1008432	-1.6121653
0.045017272	-0.0042010914
0.56161475	-2.5372136
2.3606095	-0.49716687
-0.026832312	0.96706736
1.4678097	0.05625212
2.385806	-1.9762775
1.9966308	-2.4389446
-0.009578645	-0.39628062
-0.634054	-0.5792683
3.1885989	0.16321051
2.5873334	-3.3547282
-1.0565414	0.18584554
-1.4748925	-0.200473
2.3711152	0.6052625
3.7641134	-0.8802657
1.4396828	0.65527076
3.4903097	-1.2463816
3.64204	-3.0114381
-1.5957502	-0.9875827
-1.6852719	-0.4681425
-1.2411618	-0.20155473
0.5196407	0.07080633
4.1499834	0.02553881
-0.7299577	0.5153207
2.7759516	-1.5488151
-1.9610338	-0.07516205
4.8311896	-3.0267572
1.9331084	-0.48151118
-1.7352998	-0.8875623
5.9040713	-5.5674915
0.69091797	-1.3890358
-0.45550373	-1.2278117
-1.5663786	-1.3083756
0.27093214	-1.5554879
2.763887	0.49117252
3.354207	-4.764204
