-1.2097899	2.0673547
-0.9863456	2.2869446
-0.7827346	2.295385
0.26186678	2.4926236
0.64446664	2.5995824
1.6183085	2.6366568
2.0477629	2.7140157
1.8608077	2.3507032
0.9947384	1.8266224
-0.33519796	1.3087351
-0.0492744	1.1470284
1.6215527	0.6868034
-0.004588087	0.79969275
-1.837347	1.316522
1.2048779	2.7921875
3.0750434	3.1018527
3.350563	2.8236883
4.8557434	1.4193325
6.278443	0.97002256
7.2224402	1.0240518
7.858658	1.1789397
-1.1451035	2.1901052
-0.57246876	2.4336717
-0.32814083	2.638873
-0.2532862	2.5959418
-0.11082683	2.6420069
2.381327	2.8598628
2.6194272	2.8176534
2.4857483	2.2612877
2.6185317	1.1951984
-1.7313228	1.9582571
-0.21129468	2.3611333
2.2347457	2.9788368
3.18861	2.8624277
4.088107	2.4923966
5.1362715	1.7276946
6.226385	1.327499
6.946451	1.225004
7.4214563	1.2937213
7.9362783	1.1197301
-1.3206605	2.6880908
-0.78778416	2.5772998
-0.41801247	2.643364
0.030333906	3.045252
0.14824542	2.880003
0.72157824	2.844384
1.0818211	2.7936177
0.4064706	2.7573612
3.0177076	2.7903283
3.8168674	2.61223
4.8477407	2.3164012
5.8708844	2.1311283
6.433905	1.9147595
6.8169346	1.5662695
7.436926	1.1394649
-1.215307	2.7635405
-0.81376344	2.8876758
-0.5216389	2.8310423
-0.36027429	2.861815
-0.2920786	2.9565003
-0.19915031	3.0261948
0.024578683	2.994335
0.39368868	2.9608514
0.35888705	2.6272209
1.2269897	1.6139722
-1.0440218	2.3636959
0.9148165	2.8183522
2.0022871	2.9824052
2.4030075	2.9495716
3.7752001	2.956491
4.6283183	2.951463
5.1807737	2.764043
5.645931	2.346986
6.5903344	1.7546737
-1.0034004	2.9101758
-0.7965837	2.9131007
-0.7640367	2.949699
-0.7778998	3.027034
-0.47944286	3.1028228
-0.16330346	2.9255278
0.06672632	2.7019248
0.5325817	2.1002643
0.5535039	0.96522975
1.7410364	2.9555671
2.6624892	3.084145
3.8376925	3.3690865
4.5277576	3.2119863
5.3307233	2.7951312
-2.1425765	2.4349935
-1.668886	2.6339867
-1.0580542	2.8153615
-0.4987619	2.60717
0.22438721	1.255927
1.4631602	2.981967
1.516804	2.740871
1.1981415	2.68607
1.8085134	3.030229
2.568332	3.3365302
3.4058142	3.4886465
-1.7972857	2.6280189
-1.3322954	2.575464
-0.007179059	1.5637338
-0.16115007	2.6204438
0.08946571	2.4315145
0.75881314	2.4590259
1.2728264	2.8667915
1.6974807	3.0163758
0.90738076	2.7307892
2.4016528	3.2398531
-1.868443	2.3151317
1.8946637	2.984603
2.0986514	2.7706437
2.250139	3.070909
2.4659514	3.237738
1.029967	2.8910506
1.0795985	2.9899597
1.5060873	3.0670116
1.7859056	3.0601737
-2.0112796	1.8881569
0.52203196	2.7101262
2.4872534	3.4294698
2.8837845	3.4102697
3.0634851	3.3265803
2.6483355	3.10011
2.523205	3.2260437
2.6430073	3.5345745
2.4565349	3.3256733
1.2896909	2.9338639
2.6500046	3.1241035
2.301437	3.0630746
3.7937899	3.553437
4.2355685	3.5148826
3.0784454	2.959778
3.7709982	3.2731974
3.713076	3.3409312
3.3369665	3.3095014
2.6517806	3.3245912
2.5004857	3.2473137
2.0807369	2.9557762
1.8517216	2.8462398
2.1134617	3.0185292
3.141852	3.463158
4.0367208	3.5142992
1.3442782	3.2218354
3.353922	3.403492
3.7992291	3.3671029
4.10372	3.4207506
4.780903	3.6040635
5.2121263	3.779015
4.7405066	3.487253
2.4344237	2.6879945
1.8467245	3.0480604
1.6439927	2.9084108
1.9082599	3.0233426
2.4420881	3.1305645
3.2984476	3.4253328
4.3599267	3.7701178
5.357837	3.8431444
3.345667	3.7527921
5.2485704	4.0447063
5.4564447	3.96895
5.8534493	3.9037087
6.0462236	3.4476528
5.7282705	3.4751205
4.7678537	3.3888164
3.3900862	2.7714427
3.511125	3.3029053
3.866817	3.180085
2.1095638	2.7281601
1.5228945	2.7477422
1.4913211	2.7938805
2.239567	3.1782207
4.046437	3.8143425
4.692829	3.9093056
5.249994	3.9413474
5.5349135	3.8760743
3.087005	4.17321
6.1177564	4.6641927
8.113002	4.5383983
7.672738	4.194745
7.4739857	4.0097175
7.8270345	3.9916997
8.019935	3.7903848
7.4919915	3.4620132
6.4972696	3.2504435
5.544543	3.3439858
4.893593	3.380046
4.0384164	3.1788578
2.528378	2.9150312
2.3796277	2.8665273
1.8804121	2.5757616
2.3871322	3.065313
3.8545258	3.8223853
4.892052	3.8201947
4.806744	3.8314588
-0.25814116	2.785827
5.9043827	4.797279
8.464373	4.4492226
8.174644	3.970621
7.9483943	3.3991656
7.266933	3.2928412
3.2934287	3.1225905
2.3087425	2.7448664
1.8754803	2.6626866
3.592458	3.1924841
4.306738	3.3905604
4.6832223	3.6871686
4.8316054	3.7799606
4.856334	3.8283198
4.6268907	3.6754785
-1.855408	2.1771102
0.8997961	2.5218542
2.3121467	3.2687194
7.2198715	5.0345283
8.912611	4.8393154
8.670244	4.042983
8.63173	4.26828
8.514533	4.0044537
8.043511	3.1682992
8.04064	3.3758993
7.891001	3.6398735
7.4282603	3.8220797
5.6493683	3.3410077
4.0542984	2.9339948
2.4964173	2.5597756
2.9091635	2.8820157
4.875861	3.289648
5.43059	3.3433454
5.694606	3.6367445
5.4300785	3.553767
-2.0107658	1.9979882
-1.2501047	2.3049164
-0.48696873	1.4382731
-0.18270728	2.9568846
1.4457865	2.966547
2.584318	2.902165
4.4632096	3.5304272
6.181584	4.340982
8.727572	4.2230477
8.449849	3.538617
8.570637	3.9890058
8.610857	3.970499
7.806526	2.7546852
8.055464	3.8261955
6.5437984	3.1044576
4.9387355	2.9166417
4.747897	2.512162
6.4382668	3.0437982
6.1888576	3.5666833
5.604566	3.4357858
-1.6790363	2.2396324
-1.1544063	2.413033
-0.4703199	2.2444236
-0.52228296	2.9149601
0.6722235	3.1037827
1.7152963	3.3257833
7.7533	4.4780807
8.362473	4.43674
8.050164	2.597432
8.5299015	3.1753666
8.727187	3.5132315
7.9642234	2.5762873
7.4951243	2.3465252
8.105722	3.6453288
6.821678	2.754148
6.139735	2.2589417
5.624166	1.6368574
6.759173	1.6025862
6.0285034	2.7597926
5.1038723	2.7148535
-2.3797076	1.9836029
-1.8129098	2.120758
-0.43347573	2.3013968
3.2501097	1.2884744
2.5411303	2.2380168
1.2021406	2.5181806
-0.48890173	2.242024
0.55982614	2.7907543
1.3794246	3.0584888
1.8261896	3.103369
2.10343	3.1680877
3.110895	3.2249007
4.9011383	3.6686516
7.766384	3.8773663
7.0774126	1.9573336
7.2680454	1.4439933
7.8551955	1.6128204
8.418556	2.818191
7.552012	2.07827
7.263991	2.0873196
8.165733	3.1222565
6.7248464	1.2978905
6.494149	2.2516956
5.5825467	2.1677082
-3.6564968	1.918791
-1.949034	2.1623602
-1.6667866	2.2403271
-1.1528215	2.2995565
-0.706658	2.4529803
-0.37352166	2.3595445
-0.83500737	2.3522005
3.6926522	2.557587
3.4838266	3.4334524
2.5351343	3.1067915
1.0257891	2.7751176
2.281363	3.0766056
1.5557452	2.9228354
2.0078478	2.893406
5.1528583	3.1062546
6.2932925	2.9836123
6.563467	2.6254275
6.3435717	2.4384725
6.090313	2.0252097
6.663801	1.0167894
7.32603	1.0996622
7.9391146	2.2690587
7.570528	1.9431458
7.901694	2.4464276
7.8273234	2.2743342
7.0440564	-0.45838568
7.182127	1.3385338
6.5349526	1.5002993
-1.6360588	2.2686622
-1.3203149	2.1600661
-0.9701639	2.2285483
-1.0598156	2.1244698
-1.565937	2.0980713
4.1426177	2.204198
4.436522	3.2092433
4.514961	3.76671
4.671164	3.9427018
4.2695894	3.7161918
3.6439323	3.4788926
2.2853663	3.156709
-0.7895543	2.2363322
-0.14592302	2.8144786
1.3399448	2.9479682
2.4228594	2.8615627
2.0238786	2.83639
2.760314	2.4234202
3.826164	2.1336236
7.096966	1.0103699
7.6268225	1.3637695
8.021526	1.9742762
8.27737	2.4603472
7.429299	1.8436935
7.739756	1.8226027
5.7300057	-2.1812568
6.1721	0.76467466
5.028595	4.070383
5.066764	4.2526884
4.4631176	3.9148774
3.8472736	3.4910753
3.1953104	3.162963
2.7294185	3.1734033
-0.85897917	2.5578341
-1.409694	2.4651916
-0.6631483	2.5788107
0.6518147	2.9325535
1.8033824	3.1219585
2.3091624	3.0684347
2.3940818	3.0042996
2.2589386	3.0374067
1.735281	2.8434181
0.984232	2.693312
0.66769546	2.3046799
1.2047566	1.9267995
2.045229	1.5949343
5.5668983	1.2410164
5.712355	1.0406294
6.247108	0.7279748
7.673182	1.3871675
7.3671656	1.5438244
7.436258	1.3777874
7.301058	0.9960198
6.3422256	-0.31670555
4.9062166	-3.2318952
6.9878607	-1.1664468
6.8701963	0.12324468
-2.0343692	2.0123305
4.4963617	0.13711357
4.9797935	2.0005956
5.179909	3.1709049
5.0705585	3.623641
5.3252997	4.0493493
5.56677	4.204083
5.8291707	4.2326674
5.689546	4.1320367
5.282687	3.977969
3.9518049	3.3177133
2.6709435	3.522257
2.6741579	3.5594616
1.2467858	2.8939385
0.27644885	2.7894313
-0.734304	2.6589017
-0.47876185	2.5996048
0.19751516	2.7369616
1.8529229	3.0420942
2.454917	2.9703457
2.468092	2.8914938
1.7726047	2.5519783
0.57303315	2.2852454
0.6767014	2.3986804
0.94601226	2.38557
2.3532434	1.5771624
3.793449	0.9858056
5.0481462	0.6570162
5.39432	0.7886242
5.3839865	1.1092786
6.2678237	0.44965753
8.055121	2.2275672
7.590137	1.6851509
6.6906233	0.22392292
5.508795	3.435496
5.7980814	4.2142916
5.7304845	4.2598305
5.632776	4.2958555
5.037217	4.0545783
3.608611	3.4280627
2.958325	3.5978768
2.9227264	3.658873
2.4902654	3.3276365
1.4443966	3.147619
-0.7276865	2.9412909
-0.40150827	2.860947
0.83813703	2.6828587
1.265142	2.5525982
1.9031134	2.5503604
2.5411992	2.399979
2.6704943	2.3718524
2.4147296	2.23451
1.7400606	2.218841
0.99412715	2.3718731
5.3704424	0.17742407
5.5683546	0.48029146
5.560311	0.9010373
5.3275895	0.80364245
5.7565904	0.5640488
6.549195	0.25730574
7.654772	0.8573849
7.4011946	1.5690601
6.9652386	0.62391424
6.806225	-0.28365993
6.408595	-2.2989087
4.142098	1.2312015
5.3891535	3.9980364
5.8335023	4.2713566
5.9617934	4.2036357
5.570823	4.2032785
5.2807193	4.0806293
5.056614	4.115673
4.9922533	4.100447
4.910435	3.951745
4.5071673	3.8308363
3.8669782	4.0431156
3.846262	3.9950876
3.7870495	4.0607953
3.7775373	3.8746397
2.5919771	3.3913584
1.1797658	3.1509483
-0.26002574	2.765593
0.44763145	2.5723357
1.2936893	2.3043249
2.0764816	1.8200573
2.5046747	1.5245048
2.849634	1.4665511
2.7384195	1.5452605
2.248585	1.7047752
1.844702	1.9378111
1.9547173	2.2800112
3.7882295	0.4633767
4.97799	0.048058063
5.677339	0.6086519
5.333697	0.7844311
6.949917	0.6909422
6.747302	0.6059744
6.4611034	0.031028435
6.1708517	-1.3329644
3.4683776	1.2060914
3.8268688	2.1319323
4.361012	3.1252818
5.4174833	4.3753858
5.719565	4.1968884
5.4654603	4.200709
5.3288913	4.2785287
4.855418	4.314075
4.9607153	4.368447
4.729726	4.138054
4.574484	4.117658
4.578789	4.1922545
4.4395227	4.2950754
4.2623878	4.1623516
4.0772314	4.106378
3.8212044	3.7816865
3.0277019	3.5910063
0.29449785	2.9193172
1.0660355	1.5676377
2.1007886	0.97168183
2.6431196	0.7157082
2.915614	0.7872682
2.8105893	1.052717
2.696581	1.5066881
2.6339958	1.9800061
2.6321707	2.3172858
2.6319695	2.2159464
2.805904	0.9166125
3.881478	0.22986153
5.280161	0.2888885
5.1847706	0.73902124
5.260459	0.8318913
5.2461505	0.08781385
5.312387	-0.56728196
4.118757	2.9807959
4.906129	3.970645
4.7827377	3.8146608
4.7502327	3.9248
4.9333363	4.02128
5.169997	4.087997
5.3310304	4.0775986
5.2749104	4.165451
5.1037335	4.093325
4.902575	4.137473
4.6698184	4.0611
4.6967897	4.0740905
4.7518945	4.210625
5.073034	4.3005753
4.9538	4.258896
4.940191	4.3408957
4.9723167	4.4477773
4.4338026	4.2022967
3.269678	3.6053255
1.9594793	3.2110865
0.8877809	2.9469655
-0.0024730563	2.6816006
0.5845777	1.6491854
1.5826423	0.956638
2.697783	0.8090762
2.975283	1.8067036
3.2589464	2.2655752
3.3586376	2.244475
3.3256905	2.2398458
3.051721	2.3755562
2.5439808	2.090255
2.3776014	1.52296
2.7542045	0.8727208
3.4394202	0.529299
4.0892186	0.4116136
4.7059674	1.6470914
3.8806388	1.0884781
3.645808	3.1576028
5.194453	3.9944458
4.471376	3.7113526
4.683555	4.0392613
4.6677594	4.166
4.1840277	3.8378334
4.025994	3.8728523
4.020104	3.9657128
4.865926	4.1930366
5.170442	4.237784
5.298711	4.275375
5.172736	4.3195295
4.3195643	4.167388
3.7641053	3.9043972
2.8228738	3.3079762
1.2694483	3.2434845
0.53260535	2.9739053
-0.37304717	2.4204836
-0.05649818	1.4396653
0.8393789	1.1475726
1.5559646	0.7845192
2.248021	0.7759328
2.5618107	1.1588845
3.7258785	2.0467932
3.9770787	2.2264025
3.503312	2.155743
2.722331	1.9950742
1.8328596	1.3249456
4.176087	2.0839267
4.2578945	3.0489752
2.4778802	1.0705031
-0.47488704	3.0430965
1.6456918	3.5786076
5.4405317	3.7157793
5.74233	3.7022235
5.6823206	3.6840224
4.8365436	3.677437
4.5814753	3.6320035
3.8260598	3.5419574
4.0304446	3.7329676
3.7898061	3.4385502
3.542359	3.539019
3.3279512	3.5617628
3.8718512	3.8850996
4.5073423	4.002324
4.897594	4.0978894
4.9505863	4.001278
3.065768	3.540358
2.6311934	3.3477886
2.5157163	3.2945313
2.2939632	3.0897837
1.2710147	3.053759
0.5211097	2.9298785
-0.48807612	2.6441865
-1.3440177	2.1427183
-0.51082855	1.8900582
2.4580705	1.0171552
2.767622	1.3073308
3.0891857	1.5207117
3.3643436	1.7608318
3.107937	1.9635563
2.471633	1.9659421
1.7464483	1.7985592
1.0436189	1.6828265
2.468119	2.2825606
4.241536	3.1450753
4.164891	3.427992
3.5360827	3.30148
2.5002985	2.868551
1.6271775	1.3958209
-1.8969526	2.656114
0.5589005	3.152546
2.8717294	3.8254335
4.7201037	4.339352
5.583632	4.0736976
5.6500254	3.7700226
4.9561653	3.6524396
4.669341	3.512871
4.456132	3.3792841
3.9949543	3.3624072
3.5770996	3.8798015
3.6083646	3.5764039
3.9843745	3.3097627
3.7026832	3.5160723
3.7868428	3.7189434
4.4728994	3.7217472
4.40187	3.707068
4.009029	3.6854823
3.4949431	3.6552389
2.8615708	3.4721987
2.0944045	3.3637233
2.2873425	3.3341384
2.167632	3.1052427
1.6442049	2.851205
-0.111235976	2.571303
-0.93201566	2.4183033
-1.8548272	2.3300722
0.73537457	1.201457
1.0360476	0.8713858
1.0086418	0.84033144
0.9547585	0.9072851
1.0314552	1.0569985
1.0743736	1.1522039
1.120896	1.4879397
1.0805714	1.6409597
0.7560087	1.5145624
0.38634002	1.4042511
0.22133851	1.2781029
0.60846406	1.6250747
1.4734395	2.2266245
2.507861	2.7858462
3.1395268	3.1010215
1.4262766	0.8386573
-0.80341005	2.8122394
1.8820245	3.5055761
4.144704	4.1039844
5.6159472	4.412172
5.324888	4.0555186
5.100125	3.737731
4.580892	3.673623
4.439688	3.5685735
4.28416	3.495175
4.055017	3.4845562
3.9581294	3.4202724
3.875303	3.5583954
4.595177	3.7259417
4.7397285	3.5306644
4.3342967	3.7106884
4.0833073	3.5564375
3.8194447	3.6101596
2.978523	3.4180396
2.541021	3.23914
1.9865851	3.3371422
0.18495956	2.4500303
-0.9822487	2.3036957
-1.3575526	2.4176493
-1.6035299	2.3594925
-0.70681125	1.9199672
-0.25655535	1.5138767
-0.54954547	1.1552978
-0.7947898	0.8906554
0.639071	1.8103366
1.1273558	2.1891723
2.9967358	3.0719976
2.7972608	2.6696808
1.6109908	1.865848
2.2187362	3.6680906
5.3311205	4.308375
4.938804	4.0907497
4.469687	3.727557
4.3911786	3.7458782
4.367564	3.8060784
4.2695713	3.745602
3.8568459	3.748014
3.940093	3.6092482
4.135119	3.582413
4.1230216	3.917144
4.3693576	4.178176
4.700098	4.1090813
4.97713	4.0676084
5.0052824	4.0463834
4.8936872	3.8974164
3.8844016	3.651946
2.2155266	3.5148294
2.0667965	3.4246454
0.46018696	2.5011885
-0.08883749	2.2891514
-0.75571924	2.363374
-1.1949275	2.2533548
-1.4090487	2.0253444
-0.20502363	1.8828949
1.1465318	2.53831
2.5484338	2.8788168
2.047272	2.2756488
0.9024649	1.4085953
2.7137282	-0.40883029
2.3133028	1.3688012
2.2860823	3.6484616
4.2157636	4.117227
5.260948	4.4705405
5.015783	4.2589297
4.487567	3.99318
4.235863	3.7502146
4.13671	3.705928
3.9869006	3.7215757
3.9230194	3.8094478
3.92989	3.870163
3.8632345	3.918531
3.637434	3.7747612
4.4982004	3.7072043
4.4955244	3.9411182
4.6560926	4.007672
4.8829293	3.9079719
4.680158	3.8037157
4.2369285	3.7434902
3.7081017	3.489412
3.1085072	3.2871366
2.855108	3.2686806
2.6376648	3.4545283
2.52618	3.4559078
2.306569	3.2205591
2.002326	3.0278325
1.0031315	2.6067352
0.7068435	2.3630006
0.41123605	2.2794995
-0.4269535	2.0240877
-0.24762492	1.5998566
1.3821121	2.2508516
-0.81601727	2.7216003
2.5463054	3.672464
4.0624156	4.0988197
4.67762	4.0109315
4.190182	3.8128066
3.6821752	3.8562677
3.48085	3.7610605
3.5010676	3.7262056
3.6812587	3.7077553
3.8142383	3.717614
3.7535632	3.6749094
3.7742147	3.6002884
4.538793	3.7071903
4.7257977	3.6793902
4.306333	3.7584033
3.9146297	3.7691069
4.1804442	3.695917
4.706969	3.722641
4.4062123	3.7759776
4.043859	3.657837
3.4698913	3.4480252
3.2810857	3.3350627
3.1671453	3.2963915
3.159341	3.347233
2.4996338	3.14094
2.1380112	2.7715888
0.62179786	1.3956059
1.8373802	1.9904412
2.240419	2.361106
1.3525968	2.2441413
0.90586144	0.8988534
3.1447647	1.7489281
2.5614398	2.8955288
-1.400547	2.4882135
0.7295592	2.893556
1.886486	3.2371483
2.6389952	3.599969
3.45306	3.8719132
4.032633	4.0323977
3.8389938	3.6980906
3.3216999	3.4789984
3.6938992	3.4408016
4.005106	3.4638145
4.073951	3.5106852
3.973425	3.3591568
4.004947	3.386356
4.332767	3.3870158
4.479779	3.4738095
3.6985323	3.3470843
3.535809	3.5082762
3.9466677	3.639787
4.593238	3.8307843
5.168776	3.8347535
4.964612	3.57963
4.603763	3.619958
4.2054834	3.4663143
3.9804883	3.3193333
3.7346516	3.17294
3.6151416	3.2574558
3.3562226	3.1221616
0.9166337	1.2206739
1.7430128	1.9041065
1.8535545	2.2134957
2.7782247	2.106523
-0.3205782	2.8327436
2.3668208	3.3033566
2.6844158	3.4694252
3.3951159	3.7872016
3.6489937	3.6932664
3.811599	3.6995513
3.6207428	3.7284708
3.95112	3.5086188
4.2526283	3.5781374
3.9729385	3.3519084
4.049339	3.357359
4.066347	3.250162
4.07281	3.422357
3.894519	3.4125128
3.6364539	3.5322385
3.6390786	3.7544556
4.101518	3.9070723
4.6590195	4.0508957
4.787274	3.7088544
4.245692	3.3276196
3.828087	2.9776185
3.4138675	2.824927
3.259988	2.5686576
3.1936004	2.3721552
2.8442044	2.0054545
1.3640801	1.4323728
1.2813559	2.2669604
1.651882	0.20204005
1.3643433	1.3508316
1.4824164	2.2978346
1.6358665	2.7498782
2.7474036	3.5251257
2.140274	3.0493195
0.060204767	2.8543015
1.2787739	3.0189874
2.3430746	3.171947
2.7066226	3.2904036
3.14422	3.597641
3.594731	3.7841
3.9714165	3.8164873
3.7741172	3.6308105
3.9613216	3.4835668
4.035459	3.5204725
3.5528169	3.1341538
3.6666496	3.048534
3.0960495	3.2664187
3.347997	3.5275152
3.8449168	3.9296207
4.5024657	4.1333756
4.921622	3.912088
4.8435264	3.760034
4.7327847	3.695502
4.7489934	3.672308
3.6248624	2.8763914
3.3918905	2.6047156
3.4196663	2.5360327
1.1404407	1.497882
0.4485723	2.4378114
1.9408444	0.9358897
2.186346	0.18545556
0.79877084	0.8952115
0.04348296	1.5890447
-0.28035757	1.9435881
-0.031017244	2.246868
0.5383877	2.5074074
0.9707729	2.74664
4.4542556	3.7302594
3.8542674	3.275845
-1.683545	2.5929124
-0.80452466	2.65396
0.4587277	2.8479397
1.7343392	3.168434
4.0488925	4.102369
3.9180152	3.8389425
4.0082335	3.8231091
4.0285487	3.4505448
3.5345697	3.350504
2.8578472	3.1810884
2.9276521	3.0723646
3.0271127	3.2589548
3.670526	3.7904274
3.9538448	3.8371732
3.9850364	3.8019555
4.119861	3.7687302
4.230872	3.8591378
4.4142694	3.786678
4.3089714	3.7170413
4.209195	3.6396072
3.983381	3.3692567
3.1773689	2.8669674
3.0320985	2.844898
3.0566814	2.6294215
2.9174976	2.4566529
0.99916	1.7489913
1.3759593	2.8521397
1.9434961	2.9778676
2.9306016	2.7977948
2.039508	2.2830958
0.5165957	1.9572399
-1.1707484	1.8328545
0.50800806	2.7247136
4.123927	3.6116374
4.0849123	3.4355853
3.1002634	3.1017482
1.008993	2.3523853
-2.0355396	2.4582727
-1.08093	2.5934074
-0.55351835	2.5915632
-0.59572583	2.5146508
-0.59684557	2.6089485
0.09524728	2.8068094
2.9261353	3.3968575
3.867904	3.896315
3.8410583	3.874998
4.006928	3.8845146
4.057368	3.57904
3.8806407	3.1593258
2.6201634	3.0011375
2.8172078	3.060285
3.308849	3.0350864
3.5446448	2.8883958
3.816436	2.0777872
3.72869	2.2524428
3.9016204	3.5766022
3.817076	3.684522
3.7140057	3.3659708
1.8525299	2.588589
2.8182447	3.102814
4.2544465	3.6776369
4.642221	3.7462506
1.9898627	2.5511913
-0.6340925	2.066011
-0.74555653	2.0291648
0.17743741	2.2852113
0.29260695	2.4850476
2.666247	3.2600944
3.7235284	3.2790973
3.1571064	3.0972404
1.9671261	2.7513726
-1.9381458	1.7141517
-1.1719373	2.4250708
-0.65770346	2.3887389
-0.72157604	2.2244408
0.44325885	2.9551847
2.1016665	3.2187834
2.7826953	3.3610723
2.8379958	3.3860605
3.6489313	3.636829
3.6142097	2.9886997
3.2547777	3.0504131
2.648062	3.0727437
2.9757042	2.9749882
3.140799	2.5822997
3.2607164	2.089539
3.3400245	1.5736492
3.5156941	1.1108756
3.6344492	0.5110318
3.5929773	1.5315152
3.7171974	2.8480885
3.4120417	3.1684728
3.2446465	2.879172
0.60920316	2.1054692
5.812473	4.0324607
5.9169016	3.9659514
5.680457	3.8575807
5.414058	3.7575803
2.8604915	2.8792496
1.5297819	2.5000467
-0.25314948	2.1530643
0.154553	2.5348866
0.5588086	2.6969342
1.3535811	2.9519672
2.3103702	3.0653772
3.1357338	3.1257255
3.4980357	3.2451608
3.9888804	3.426834
2.9743016	2.919045
0.59488225	2.2221272
-1.5102277	2.2755198
-0.8433946	2.3354986
0.9768743	2.440803
1.1838644	3.106177
1.9879268	3.1247418
2.0553055	2.5185976
2.1884959	2.223579
2.3224466	2.2582057
2.9342723	2.8834193
3.1418405	2.938066
3.563735	2.4431353
3.588274	1.5396554
3.3999321	-0.99467736
3.525805	-1.7193291
3.5796666	-2.0984676
3.5733619	-2.1284027
3.611413	-1.3653564
3.8008149	3.1098914
3.442177	3.050925
5.2487493	3.8414552
6.2066193	4.050923
6.1633387	3.8168058
5.7179627	3.6003363
5.4364095	3.557182
5.3617992	3.673616
5.440564	3.7482073
3.7280135	2.9420118
0.7138982	2.5933518
1.5607574	2.867297
2.637096	3.2522264
3.3700085	3.414268
4.0974197	3.5424533
-0.014866749	2.2071986
-0.92755467	2.2920735
-0.4474592	2.2966077
0.3048398	2.0188937
-0.2763788	2.7476003
0.21404783	2.7907288
-0.06407361	2.3804152
-0.28087404	1.7337437
-0.15900463	1.5520592
0.3454429	1.8380432
1.3567592	2.4818408
2.3668904	3.001988
3.1038003	3.0679605
3.5227294	2.7872608
3.8894584	1.8342117
3.7465806	0.36888808
3.453405	-1.0015901
3.3228214	-1.8609054
3.530181	-2.2265642
3.8405612	-2.363116
3.93068	-2.2354126
4.1060743	-1.8392553
4.6747956	1.4181614
4.1865697	3.5071793
4.933103	3.8605878
4.810199	3.4654572
4.6726074	3.4513092
5.152418	3.7868369
2.8542602	2.6341581
1.3869929	2.3345816
1.1776708	2.5608928
1.9958678	2.933269
0.16422477	2.9466643
0.61029583	2.989105
3.5369768	3.5625277
3.9519584	3.4936516
4.1257725	3.3544948
-1.1032367	2.2912922
-1.2128148	2.208615
0.2913756	2.1714952
0.53843313	1.9431722
-0.29118463	1.879497
-0.8206136	2.1841865
-0.625565	2.5045877
3.7804601	2.4397979
4.4483376	0.029867008
4.076747	-1.6593652
4.366336	-1.822283
4.5186014	-1.559357
4.783123	-1.1174967
4.9204264	-0.6381714
5.2756596	1.0116093
3.5871603	3.439711
4.1583104	3.5892973
4.2221413	3.4087992
4.383267	3.4846365
4.616096	3.5037258
4.554278	3.5792723
3.5265713	3.1944823
2.2166092	2.9159586
3.9009407	3.5863078
0.3854658	2.999771
3.1277056	3.4655237
3.5400188	3.503489
3.7501967	3.4829533
3.9442222	3.4798248
2.9509072	2.995165
1.1666251	2.6433399
-0.78765213	2.312748
-0.92784864	2.2889214
-0.23970777	2.191304
-0.15082806	2.2235389
1.699374	2.1028392
0.08594007	2.4459078
0.13456094	2.745587
0.47690353	2.9045684
0.18362176	2.5135045
-0.45643264	2.3876524
1.5404427	2.7481463
5.3469563	1.9760789
5.9314547	1.0116311
5.969251	0.40765357
5.251055	-0.32424825
5.1242175	-0.47685677
5.2215447	-0.55857474
5.452046	-0.44348782
5.199795	1.1762917
3.3543527	3.3877776
4.3137937	3.5683284
4.790364	3.7015293
5.0708103	3.9323437
4.4126387	3.799529
3.921707	3.5095458
3.4157314	3.147722
3.6930783	3.351532
4.0600023	3.734783
0.6839665	2.9547615
1.3820242	2.9397013
3.6745052	3.4162698
3.28681	3.1140645
2.392115	2.9966419
1.0736014	2.8465743
-0.3840015	2.6285212
-2.137239	2.1990228
3.3694832	1.8183341
0.5707034	2.9454777
1.2967596	3.3015366
-1.6482115	1.6664097
5.8527865	3.193625
7.70616	2.9065075
7.234655	1.704147
6.322595	1.1937822
5.670175	0.6619401
5.4723372	-0.22445603
5.530513	-0.2796734
5.7891273	-0.21457836
5.4263577	0.095980294
4.7316103	0.9435272
3.6209857	3.0965846
4.438034	3.4511983
5.1352534	3.7551289
5.254297	3.9844942
4.526273	3.9512057
4.201243	3.404454
3.9510806	3.3271842
3.7273943	3.4058478
0.6446458	2.8810146
1.2503405	2.7690468
2.2955391	2.9844458
3.352101	3.2173393
3.0430675	3.0977004
1.0047213	2.8205495
-0.6052681	2.471777
-0.7036831	1.8922797
1.9171243	1.4540132
4.185977	1.2015964
5.7894716	1.2174762
4.689112	1.5579013
2.8423042	2.321445
1.1459537	2.94522
0.7545738	3.065441
1.1863482	2.9830482
-0.004948698	2.2321165
9.284811	3.3497243
8.195168	2.559838
7.109579	1.894522
6.1547785	1.0746738
5.8608527	0.3028349
5.8951125	-0.59822595
5.9915037	-0.68021786
5.8970623	-0.51738775
5.579654	0.23389536
4.858331	1.4727192
5.44216	3.7729228
5.4042716	3.8416243
4.882857	3.741554
4.7466817	3.651752
4.8619857	3.535528
3.9439142	3.6203873
1.4581987	2.7085085
2.8579016	2.7793663
2.7674644	2.8719432
2.7571855	3.107262
1.9865764	2.9273612
0.2170697	2.4015741
-0.94337946	1.2971789
4.628073	0.41487467
6.2932935	0.6309871
1.5983989	2.7537456
0.3349638	2.656328
0.012625095	2.4811394
-0.5305234	2.1162527
-1.1980447	1.7487254
5.7751026	4.4960093
9.059242	4.4854913
9.47392	3.207849
8.24862	2.1116612
7.1946816	1.2946479
6.0798025	0.0781033
6.012252	-0.33175737
6.393818	-0.54007345
6.2228584	-0.17083395
5.17166	3.5609999
5.720739	3.8047004
5.3482738	3.7581878
5.221438	3.6056895
4.3841257	3.4205446
0.41959462	2.5577092
0.6313547	2.9887087
0.29524508	2.8911397
0.5170759	2.7454703
2.3951082	2.8567107
1.6642357	0.5618159
3.9498045	0.05178973
5.1632457	-0.05052773
4.158051	2.2348359
1.7941818	2.4798748
-0.07631424	2.2846622
-1.6823577	1.9112731
5.9275126	4.2333045
8.880064	3.928179
8.917272	2.518193
7.874634	1.3873419
7.0451956	0.5531163
6.561738	0.055150375
6.802839	0.2843907
6.963751	0.11054371
5.9392757	1.0256052
5.1866436	3.7027252
5.5036583	3.6375756
5.5146675	3.5713384
5.8641305	3.8809283
6.006618	3.9166343
5.166671	3.5563374
0.24697393	2.5824935
0.96567184	2.8074281
0.8847593	2.937973
-0.033316616	2.926021
1.6453054	2.9430025
2.9930313	2.7105439
2.9736238	2.7908711
1.7777921	2.676152
-0.17516369	2.0003965
-1.5596123	1.4574302
-1.120271	0.9676793
3.0012856	0.2450668
4.5418005	0.27079898
5.6382647	0.69242734
-0.1474373	2.1805239
-1.4272124	1.976453
6.272261	4.0356984
8.277541	2.1199563
7.3717504	1.2157089
6.80014	0.50485694
6.8804975	0.62209636
6.959564	0.8001157
6.9869103	0.7847149
7.2045875	0.6976929
7.2172523	0.76749265
6.769223	0.8964262
5.5170355	3.766098
5.940854	3.762473
6.206553	3.6941376
6.209427	3.8971066
6.3207846	4.0791817
5.9901876	3.8426476
0.019207943	2.6490657
0.418999	2.6869478
-0.33863506	3.012147
-0.023446564	2.9163976
0.9288614	2.8794804
2.106184	2.727692
2.8337746	2.7067373
3.0510478	2.698398
2.8950028	2.8740158
0.98729914	2.4908032
-0.7450624	1.5213145
0.08693878	1.3268442
5.081071	1.1767423
5.4158316	1.4739807
0.08265926	2.2369072
-1.1198506	2.1666157
8.450877	3.348487
7.835143	2.1143606
7.131803	1.4897414
7.0896206	1.2976251
7.2872825	1.5000961
7.3181405	1.646481
7.2010603	1.5288501
7.3138733	1.2903442
7.5789027	1.4021872
7.02627	0.7672086
4.519833	1.2919617
5.5487943	3.886539
6.2039433	3.9621816
6.346613	3.8046389
6.3520145	3.9264607
6.3229523	4.094188
6.345256	4.1139884
-0.09179325	2.7567046
0.19336092	2.749276
0.27906635	2.6208947
-0.024281964	2.7288249
2.06626	2.8078601
2.8369904	2.8705175
2.6111214	2.9517434
2.0266216	2.8157945
1.1574248	2.5601928
0.055920757	2.1587105
-0.35336474	1.9698113
-0.003965635	1.804386
1.5120038	1.707398
4.645276	1.5743079
4.151252	1.7107269
-0.14876303	2.159859
-1.1152382	1.957726
7.418204	2.0383906
7.3229194	1.9303765
7.4358344	1.9773664
7.402332	1.8182592
7.443026	1.7254882
7.4944563	1.7061257
7.623095	1.5137686
6.5632615	0.4167554
5.827094	4.010239
6.241422	3.9343224
6.1750093	3.9949477
6.439344	4.0844884
-0.14071435	2.7675204
-0.10369607	2.7463598
-0.10942594	2.577276
-0.3124977	2.937118
-0.34667382	3.0460236
0.31645474	2.9405403
1.2809279	2.8266623
2.7225697	2.940216
2.5514424	2.9422183
2.2624197	2.9083478
1.3872057	2.6368299
0.17979498	2.3686564
-0.7021362	2.1172242
-0.22902611	1.8226709
1.4382529	1.7078373
3.4042244	1.6868675
2.2643669	2.096115
-0.96088606	2.2120578
3.8054075	3.358959
6.869425	3.6853883
7.803779	2.5143075
7.4308195	2.2398896
7.335631	2.0433178
7.4347315	2.2418206
7.4530067	2.2638595
7.178359	1.8255508
6.9628997	1.5139436
5.3827114	0.12385774
4.150965	-0.20134556
2.746793	-0.2654526
5.6619263	3.9789574
6.0200477	3.9586482
5.8735785	3.8357122
-0.46247625	2.7581878
-0.5642628	2.636823
-0.27645093	2.5425274
-0.17575967	2.5262349
-0.10890025	2.821451
0.410909	2.9611046
2.1854827	2.8227818
2.7658865	2.9961772
-0.0030650757	2.301674
-0.53374	1.9870658
4.9424963	1.8413516
2.1210914	2.0694253
1.0742534	2.2494714
4.9808416	3.434207
6.465985	1.64984
5.3820744	0.59425795
4.6725965	0.37528938
3.776296	0.34182093
2.5453782	0.21955739
1.0677923	-0.010723725
5.002333	3.4966366
5.5586023	3.7189305
-0.46720698	2.5181649
-0.80609155	2.664504
-0.9503071	2.7761216
-0.6512796	2.746123
-0.275025	2.7938182
-0.025955945	2.8965483
0.105908215	3.0666437
0.5298527	2.791112
1.4195626	2.8033843
2.6266456	2.9280868
2.3516707	2.8344092
1.6360967	2.6455417
0.78972244	2.243634
0.84439707	2.0339053
4.8487973	1.9825548
5.5744395	1.8348778
4.188131	1.665181
1.2313641	2.4023364
-0.21808693	1.9703887
-2.1653214	1.3440778
4.7560573	3.382767
4.9387197	0.8412403
3.2707791	0.046608366
1.7080003	-0.14989865
0.22820416	-0.23345742
4.733563	3.4074101
5.016388	3.62368
5.0539293	3.7273934
5.4820046	3.889093
-0.89732206	2.7613583
-0.75158024	2.8738856
0.46629965	3.2399714
0.08709586	3.2690785
0.84350026	2.922194
2.399354	2.956877
2.563135	2.910234
3.6039734	1.6114095
0.3155718	2.3697271
0.48074543	2.3767264
-0.9107292	1.6887951
2.2863595	0.17174515
0.8417632	-0.26115477
4.9023137	3.7735896
-0.74913967	2.70936
-0.9056508	2.7760081
-0.686438	2.7631824
0.80598444	3.0378706
0.7269992	3.1752129
0.60285074	3.318548
0.7517057	3.0984454
2.5790763	3.0164993
3.0626662	3.172907
3.5914822	3.2841928
3.484162	3.0960035
2.968409	2.7121394
3.6221795	2.7375734
5.0903754	2.265241
-0.6520558	1.6523424
-0.7497645	2.1947548
2.2856648	2.1910963
1.4328384	0.8516327
-0.6736975	2.7254956
-0.620529	2.6316192
0.6917285	2.9025075
0.97853065	2.9096284
1.0714431	3.0530252
0.946123	3.196242
1.5376747	3.2678018
1.7508821	3.0592961
2.6040316	2.9990017
2.8565278	3.1440384
3.0595388	3.203183
3.796204	3.4458406
3.8818674	3.1028576
4.869585	2.880348
4.7162404	2.5411444
-0.8809006	1.6265817
-1.8220546	1.9434493
-1.286232	2.185502
-1.7114078	1.9341283
0.4961255	2.852876
0.9892821	3.0633218
2.3246644	3.3057303
2.2289402	3.4808824
2.7119753	3.4662619
2.619808	3.2599683
2.28846	2.8714826
2.5536768	3.0883708
2.9232442	3.1593997
3.5691226	3.5156317
4.1679263	2.9375129
4.322288	2.5266986
2.419957	1.8839453
-0.4949772	1.4335355
-2.0395112	1.7561525
2.1754649	3.3307636
3.548621	3.3065124
2.9467115	3.4057486
3.102014	3.4759166
3.7522836	3.4862993
3.7282915	3.4208057
2.1170626	2.76598
1.5148997	2.9767325
1.5655613	2.917022
1.446948	2.752094
2.5427895	2.7252517
2.3677387	2.0079083
3.4004552	3.5529354
3.7850227	3.6055336
4.184626	3.5552857
4.4797287	3.5916295
4.810541	3.6876838
4.826592	3.7466793
4.4191628	3.6002252
3.6053069	3.2979276
4.2102413	3.4111712
3.5465457	3.1449609
0.19534057	2.2787602
-0.72186977	2.1175375
-1.2003332	2.2246208
-1.2145907	2.1636722
-1.0240829	2.1134934
-0.4038708	2.3069534
1.2457912	1.7518318
4.1028695	3.8516188
4.3863225	3.990971
4.793183	3.9370823
4.877174	3.7857804
4.884456	3.8102312
4.9568496	3.817984
4.8933554	3.80683
4.733775	3.598334
3.978502	3.221812
3.3043604	2.9827387
3.5995169	3.2169857
1.9753792	2.687932
-0.59506965	2.144982
-1.2836962	2.1336741
0.17798132	2.294001
-1.0079367	1.457218
5.0380335	4.0940585
5.0415125	4.2095594
4.8999777	4.029191
5.1381397	4.1346774
4.9404187	4.095764
4.8686094	3.8217676
3.5556376	2.9140284
-0.076688126	1.4310563
-1.1660819	1.3402886
5.127668	4.3727784
4.886479	4.283876
4.985565	4.006031
5.086276	3.8661478
4.646199	3.5145705
2.8234444	2.7701588
1.9507233	2.686949
1.5095525	2.6002436
0.6031943	2.5363002
-1.1858512	2.09205
0.124387234	1.9024144
0.057587057	1.9950217
0.03341515	1.7760228
-2.6551802	1.3360314
5.3905673	4.278753
5.40229	4.3314238
5.118836	4.27122
5.0816975	4.2259116
5.1489778	3.939688
4.9474554	3.8311725
4.3488297	3.777294
2.691918	3.1304233
1.7080028	2.843929
0.67673206	2.4227974
-0.89971435	1.6514893
1.176034	1.3861308
1.4024407	1.658735
0.8321198	1.8826098
-1.0421789	1.3178968
5.4735985	4.1185017
5.3221354	4.113654
4.7018247	4.015585
3.9373317	3.8347697
3.0946486	3.4590793
2.163796	3.0846
1.6651559	2.939965
1.0088003	2.7192197
0.26640818	2.5654058
2.935652	1.2465935
2.7869103	1.4296062
2.1497734	1.778288
1.869768	1.8597693
0.95910084	1.6269206
-1.0936856	1.2569494
3.6599288	3.6787062
1.9825494	3.2109377
1.1461467	2.0223796
3.754187	1.9791002
3.1697602	1.9134899
1.4694558	1.4288813
-1.3698858	0.92151463
4.249455	1.9654138
0.13123208	2.8217158
-0.2977364	2.578956
1.1475409	2.5050864
3.505366	2.3942366
3.6508908	2.043037
2.7571452	1.8632365
2.0025733	1.7739463
-1.7621001	0.62222433
-2.1756291	-1.8277414
-2.755118	-1.7787539
4.028734	1.160594
4.4415812	1.4102782
5.048812	1.5760026
5.443083	1.9377023
-1.5606492	2.4344337
2.9772391	2.6746056
0.4476661	1.5016088
5.2068214	0.2770414
5.7351227	0.45877308
6.2949843	0.7398931
6.674289	1.1365626
6.4297996	1.6876503
1.0104167	2.370224
-0.10703516	1.6319196
5.787869	-0.20333771
6.6377068	-0.30555332
7.83869	0.609252
7.335472	1.5089985
-2.3391554	1.4982934
2.8817139	0.27537397
5.5065894	-0.0065174624
6.6143017	-0.07130878
7.2273626	0.04943283
7.5178785	1.4136593
-2.9526207	-1.5240206
1.284544	0.58211434
4.0704737	0.9017245
6.1889443	0.92009664
6.7098136	1.0995755
6.7006664	1.6813701
0.97859347	-1.3875364
-2.198654	-2.1989214
0.5777818	0.39850318
3.4386106	1.5074072
4.21114	1.7336919
5.187035	1.917879
5.556753	2.1364918
-0.73692894	-2.57146
-0.74628174	-2.8682847
-0.39265546	-2.1698062
0.574107	0.63765836
0.8998686	1.4360837
1.7083793	1.8954037
3.1781588	2.1527817
4.1016665	2.3176966
3.2667077	-0.8004933
2.317352	-0.8586518
0.5452993	-1.723052
-0.7275613	1.4603719
1.4606668	2.2098956
2.9723496	-3.5682554
3.508264	-2.635918
4.1587353	-1.0938373
4.0942154	-0.6736125
3.5137856	-0.8522044
2.6265159	-1.5766063
1.661128	-3.6270962
0.8524373	-2.8215635
-0.11020039	-1.1260475
-0.87720716	0.60170966
2.0166311	-3.0909472
2.6348712	-2.7031863
3.3911173	-2.1145442
3.9813383	-1.5009114
4.5237355	-0.99999696
4.924778	-0.96970326
3.9707282	-1.4692096
3.0367959	-2.1608465
2.3652287	-2.8683224
2.0960546	-3.3851776
-0.24413559	-0.11446757
-0.8842759	0.9450878
-0.71946687	1.7199863
-0.45825717	1.8507841
1.8721144	-2.4152176
2.4661493	-2.0359497
3.1877363	-1.6612114
4.7631273	-1.3533795
3.8559978	-1.2534488
2.8587143	-1.762657
2.3444276	-2.5904312
1.8680477	-2.742338
0.007979191	-1.0871142
-0.825827	0.20364206
-1.1005518	1.3351104
-0.97652984	1.629262
6.521823	-2.2601442
5.8604755	-1.4759686
4.3662825	-1.0593836
3.0467424	-1.2532668
2.2775502	-2.1998205
1.0878807	-2.4743476
2.9888344	-1.2131537
1.9789264	-2.3727198
0.7412968	-2.859953
-0.3348793	-1.8701283
-0.9707561	-0.5351221
-1.1376013	1.0592117
3.8352554	-1.3804578
-1.0080451	-1.8059815
-1.3164939	-0.37135646
0.31170294	-2.7949884
-0.5586452	-2.7008445
-1.2202176	-1.7048446
-1.5660753	1.9770355
-1.4151695	1.9349989
-1.1970717	1.9579942
-0.39651358	2.3804288
-0.12347845	2.3861518
1.1537701	2.644854
1.974772	2.6267374
2.1547172	2.5616944
2.1348493	2.7762272
2.117963	2.719504
1.6747063	0.49057794
-0.18258187	2.4090946
2.2592394	2.9951036
3.9423673	2.282867
7.7574143	1.2760462
-1.4642351	2.3094065
-1.2932055	2.310066
-0.8852946	2.19787
0.011587039	2.7519417
1.0820824	3.0085073
1.6614113	2.8758194
2.2143734	-0.22031654
-0.0074528893	0.9669048
-0.38396242	0.79086274
1.3262874	2.8270106
2.748323	3.1050272
-1.1028203	2.6371434
0.034630515	3.1036568
0.15091951	2.9986906
0.43114045	2.9607308
1.6656098	2.7792974
2.2616432	2.70593
2.6539178	2.3074818
2.4214246	1.4895039
1.8732356	2.9597733
2.614392	2.9989505
-1.9510765	2.2861974
-0.1675766	3.0035977
0.64364004	2.2337692
2.7971427	2.9526973
-1.4609281	2.8227403
-0.62765294	3.006114
0.4023703	2.7763474
3.2299616	3.2144651
-0.7748151	2.8059409
-0.1080995	2.460798
0.8965444	2.803
1.5042003	2.8316529
4.1894317	3.3827596
-0.72709286	2.2096229
1.5632709	3.1353195
1.2831185	2.7906559
1.1441859	2.8661919
1.325534	3.0093725
1.8289937	3.1536422
2.7520335	3.3660843
-1.0174774	1.7117223
-0.061285146	2.8432722
1.0717992	3.0102983
2.3864052	3.3547451
1.7982873	3.1210237
-1.5056586	1.0740985
1.6630689	3.0785556
2.9158795	3.141922
1.5844463	2.9867117
1.2040591	2.8742173
2.0371788	3.136686
-0.07958453	2.6026418
0.56691325	2.8274953
2.138707	3.14487
3.1662083	3.1181848
2.5539527	3.4387126
3.8464117	3.4000354
2.44089	3.39836
3.3565311	2.9599793
4.078796	3.4030402
4.491202	3.4312067
3.8722146	3.2682984
5.388629	3.764692
4.7759213	3.9846406
6.339844	3.8696468
6.495967	3.6373544
5.392155	3.6366663
2.3323698	2.5319514
2.5213635	2.9011006
3.3598359	2.9802938
3.0769951	2.9792602
2.2837188	2.6712496
2.0468159	2.785231
3.0723839	3.5771723
4.5758877	3.920494
4.924157	3.801459
8.463831	5.1383953
9.513915	5.3042107
9.368258	5.033319
8.890983	4.8011065
8.112897	3.6708875
8.222347	3.4251382
6.3908086	3.3632803
5.6152306	3.334823
4.9758954	3.420189
4.2253985	3.3153126
1.6859465	2.5215502
2.5666122	2.8751338
4.920001	3.7148874
4.7794266	3.7450364
-0.22977075	2.2339365
8.59737	4.2760687
6.5432024	3.5408285
3.0399609	2.6558406
3.9527617	3.1390095
5.939738	3.806063
5.7668805	3.7405176
4.9218574	3.5646625
4.440721	3.5156515
3.384	3.0443935
7.836625	4.624955
8.651645	3.4602678
8.169067	3.3162017
7.96752	3.4925535
5.98342	2.9166498
4.5281725	2.8279521
5.2600083	1.7059884
6.1488814	1.6581845
4.4198184	3.2192879
-2.2650042	2.204025
-1.7237306	2.1912339
4.5342073	3.482713
5.9347377	3.7515662
6.9006724	4.0339713
8.39175	3.7113135
7.751291	2.0257573
8.2079525	2.5098495
8.516727	3.1105704
7.520645	2.85846
8.008506	3.4276054
7.494651	3.1957572
6.773375	2.8974986
4.322006	2.2280302
-1.8981464	2.1519642
-1.5764264	2.2613497
-1.2457557	2.1572163
-0.608026	2.371367
-0.05789674	2.3040922
-0.35978356	1.6326879
-0.88363624	2.5657108
6.6793985	3.9676998
7.656897	4.025358
7.613331	3.5304222
7.2702065	2.9480424
8.39686	2.8603654
8.141012	2.5317712
7.6061893	2.5444415
8.1668825	3.122561
7.0089927	1.6689187
4.6757803	1.467929
-2.87189	2.071096
-1.0522538	2.288309
3.4780748	1.3230426
3.9854178	3.3371935
3.9812295	3.6257932
1.150583	2.6764028
-0.9907598	2.1449978
-0.13909987	2.7232754
2.030657	2.9259517
1.9817755	3.0293496
3.4480515	3.115909
6.1490664	1.5137519
7.8785563	1.5509297
8.162818	2.1781826
8.313052	2.6065862
6.9326973	0.70341265
-2.0470097	2.363996
4.0872407	0.9393726
-1.5946162	2.477209
2.0510447	2.8841002
2.4205081	2.9423375
1.956721	2.728603
4.7582707	1.6891947
5.3898244	1.5135889
5.7308173	1.4930764
7.955071	2.0623844
7.6309905	1.8606958
7.1465116	0.6801566
-2.1365666	2.4084132
-1.6225703	2.1583226
-1.6066594	2.1997588
4.7796164	3.6542642
5.502196	4.339688
5.3682404	4.30046
2.39739	3.3519747
2.0616832	3.3383298
1.2835826	3.06364
-0.39903644	2.6119199
-1.7896175	2.512158
0.62286556	2.4058957
3.4229915	1.1903602
5.3063364	1.09459
5.405473	1.3119681
6.9998055	0.91524833
8.066697	2.0377295
8.229212	2.4684
8.165702	2.452815
7.394824	1.6967654
4.6627374	3.6581042
2.8746748	3.3031392
2.6792343	3.4105976
-1.051722	2.651986
1.0616232	2.8930721
0.9591923	2.351943
1.2732587	2.0757613
5.334781	1.132221
5.5949373	0.7550773
7.0558295	0.55629265
8.039477	1.7943242
7.3050094	1.2112378
7.236256	1.0405596
5.152821	2.268395
5.7620873	3.9090023
5.7909126	4.150508
5.531014	4.2366176
5.335223	4.2010837
3.172865	3.5078444
2.9416099	3.6970632
3.0438807	3.668487
0.08639829	2.8846416
0.28789812	2.7921183
1.0205425	2.076282
0.755451	2.1680899
1.3156402	2.5273345
2.057608	1.7239449
7.410692	0.46276897
7.6557684	1.8338876
4.8140116	2.832479
5.895181	4.0803056
5.7608304	4.1029396
5.6982136	4.2124224
4.1845174	3.866157
3.8521981	3.9183164
0.0010182895	2.9019225
2.8277092	1.414507
1.8074651	2.2112012
1.9155886	2.4039044
2.1128755	2.0577707
2.823573	1.3435503
5.4934688	0.12814571
5.8859687	0.16384588
6.6645765	0.020053789
6.9444885	0.16761374
4.6384134	3.9086351
4.9753	4.2243357
5.753698	4.3170223
5.325844	4.3018255
5.16045	4.2333694
4.9611974	4.176538
4.51887	4.29096
-0.0855826	2.1055958
2.849762	0.7079219
2.3850012	2.1535
2.3771036	1.698585
4.783437	-0.01607754
5.4190693	0.75595254
3.2968225	2.2095504
4.472021	3.4365656
4.9543123	3.823371
4.818708	4.126218
5.0233717	4.3099236
4.951062	4.4597034
3.9182367	3.880714
-0.23015086	2.2080846
2.4838464	0.47124067
2.6494186	0.5458225
2.7875774	1.2491554
3.2852368	2.1777093
4.484707	0.79923594
4.489911	1.8166589
4.7949767	3.4267132
5.46009	3.9290655
5.4603477	4.0664816
4.91725	3.8472488
4.4317975	3.8645256
4.5637803	4.0311384
4.1824355	3.7873132
3.9554162	3.7652671
4.548148	4.129026
4.834485	4.3279953
2.3304927	3.2046463
-0.57570535	1.867269
2.9603522	1.4967247
3.3620803	1.9210659
2.0869505	1.6930776
1.912378	1.188406
3.2151928	1.5913308
4.5889997	2.715939
3.3764126	2.3923488
3.2847888	3.8283646
4.6750984	3.7999861
5.399915	3.7309897
4.3635464	3.5480034
3.9816868	3.436853
4.098092	3.8917987
4.0497494	3.5432234
3.5798686	3.715133
1.9836843	2.948399
-1.3371654	2.3696694
1.2495648	0.91466296
1.7338365	0.74621516
2.1428723	0.88338053
3.323466	1.8909264
0.8287572	1.7269478
1.3746939	1.8316635
5.375918	4.415298
5.4299393	3.6634595
5.297563	3.6878884
4.306627	3.4356806
4.18294	3.4162102
3.781594	3.4047956
3.7511487	3.6282103
3.537567	3.8280926
3.4701524	3.549402
2.3333633	3.3777616
0.75803685	2.7480533
-0.010129783	1.7188394
0.7874858	1.0121777
1.1608113	1.3144077
3.3411329	3.3938053
2.4570205	2.472246
-2.7035573	2.3104184
4.9200354	3.5923412
4.8177767	3.620834
3.8632772	3.4283192
3.7531426	3.8521023
3.846709	3.9534428
4.182189	3.8619447
4.5000987	3.7589538
4.294988	3.8142238
4.1710973	3.8359826
3.4059138	3.4736047
1.7729537	2.967866
1.0915623	2.6519408
-0.6247677	2.3271186
-1.245528	2.3068957
-0.07842052	1.2473068
1.5879056	2.7119284
-0.4747532	2.928923
4.4233813	4.118881
4.6593184	3.82681
3.8373384	3.7004266
4.0290737	3.5996635
4.751603	3.7919207
4.3003716	3.6128924
3.4601026	3.5019324
2.9454699	3.4225936
2.5506573	3.3695867
1.9145104	3.2272155
-0.50392455	2.280673
2.9342055	2.78038
3.7406573	3.894907
3.71905	3.6962054
3.9430397	3.6621447
4.5272913	3.7946284
4.622389	4.095051
4.6782274	4.0090017
5.028275	3.8599038
1.5473379	2.7464979
2.4645336	2.4926078
1.755808	2.348927
2.3243966	2.816845
0.82283044	3.149396
4.1496596	3.7673693
4.0407257	3.8454945
5.14492	3.769421
5.0700555	3.8092358
4.8085656	3.776242
2.9331846	3.2178965
4.1170306	3.7879612
3.7062612	3.6309917
4.136227	3.423617
4.374418	3.3369045
3.9995086	3.369479
5.12105	3.7375958
4.687958	3.60293
3.0077744	3.0194645
1.5696416	2.3392491
0.85939056	2.0224469
0.4982054	0.61886257
3.0784276	3.6713471
4.2655215	3.5879886
3.7266357	3.562625
4.9269905	3.621127
4.769484	3.5934315
4.532639	3.5577602
3.6579976	2.9524753
3.4832237	2.888648
3.0522873	2.2380693
1.5692763	2.0021002
0.706222	2.2362995
0.24972846	1.6687602
-1.6014484	2.5550575
2.0671775	3.1276095
3.905656	4.0116463
4.062403	3.9172542
4.3327203	3.4974134
3.7320473	3.330757
3.4446363	2.9506428
3.3555896	3.194919
3.5921037	3.672185
4.109598	4.0969543
4.796907	4.0924625
4.5093074	3.425164
4.152424	3.213845
3.4583778	2.801597
3.1786602	2.347683
1.1786914	2.048531
1.0684767	1.9275055
1.9051688	0.16276559
-0.040488858	2.7729769
0.98838884	3.041631
3.3344705	3.653826
3.7600932	3.926987
4.1593113	3.9770842
4.0828886	3.9220912
4.1019344	3.7342918
3.1026812	3.2675612
2.976085	3.1642451
3.0294647	3.332545
3.3824084	3.6071248
4.466116	3.8498595
3.5759137	3.1795433
2.594163	2.100831
0.24029092	1.1293943
1.2152951	2.2675622
1.1407605	2.5488656
2.5101466	3.0286407
-1.2027789	2.0074098
3.86942	3.6149046
-0.37061402	2.5536866
1.5410222	3.0640185
3.6776483	3.7327778
3.8007536	4.050331
2.8318856	3.0502653
2.755216	3.0308297
2.973098	3.160715
3.0487466	3.1214714
3.80835	3.0045466
3.4312646	3.0266964
0.87891144	2.089506
3.5793133	3.4688048
4.6622005	3.6013525
3.5609906	3.0902395
0.6364472	2.6798863
3.2946222	3.3002021
3.6251159	3.3289735
-1.5343316	2.1066015
3.3114564	3.75842
3.4588952	3.906038
3.7633593	3.2915044
2.7082496	3.088604
3.6559408	-0.029357646
3.5464056	-0.28177148
3.5547075	0.21948892
3.6088514	3.3521798
4.796602	3.5629554
4.0500836	3.3507292
-0.09750665	2.2919672
4.120404	3.437981
-1.1555412	2.1787815
-2.1922598	1.979506
1.3390707	2.4808211
0.99632764	2.652914
3.303853	2.881186
3.4392877	0.574148
3.3224132	-0.29896528
3.740803	0.3214988
3.1512024	3.0424895
5.1424813	3.49955
1.7216972	2.3489428
0.069053255	2.2222226
0.5782685	2.9161148
3.8045988	3.5744994
3.8213606	3.2861133
2.4667928	2.7902112
-2.2423725	1.798032
-1.7526119	2.2287292
-1.2234988	2.1064851
-0.4205115	2.2743735
4.284821	-1.2154471
4.8114176	3.5316963
5.4198384	3.679382
2.8666308	3.2022777
2.866309	3.4338984
3.6430206	3.1615233
1.7551984	2.594294
-0.49007016	2.1305995
-1.937808	2.2016406
-0.6137884	2.301442
-0.45839366	2.09301
1.1866162	2.7984734
2.751742	2.8634984
4.441906	1.2901309
4.3049192	-0.9785887
4.120912	-1.8608601
5.2873826	0.19589227
4.873221	3.7769914
4.9917693	3.8282561
0.18897244	3.043039
1.2925793	3.192609
2.4388337	3.3706527
-1.9736001	2.3013444
1.2920033	2.2703452
0.96650374	2.1215732
-0.9687755	2.1795971
5.5508337	-0.22639853
5.7446294	0.15218505
5.7573195	0.48980728
3.7877417	3.367922
4.934835	3.9630451
3.5006697	3.1540194
0.48451564	3.044009
0.40231237	2.8917675
2.1857107	3.050444
3.0307004	3.2245212
-1.6689965	2.3332708
0.9844758	1.8588777
2.454894	1.9012319
3.5951607	1.8429478
1.6847934	2.2553623
0.72206265	3.194972
1.1287299	2.875482
0.54655856	2.5448263
-0.5988424	1.9965001
8.062512	2.363624
5.432985	0.09017873
5.630296	-0.2137714
4.9374256	4.0238676
3.8604257	3.7520518
0.5899956	2.9147553
0.6384231	2.8717082
3.0901308	3.2179675
2.6378345	3.0731206
2.157204	3.119596
1.1111742	3.1298838
0.958159	2.7759244
-1.0146791	1.7367696
6.0283484	4.34006
8.847728	4.2584114
5.7230988	-0.29733872
5.8335385	-0.44670326
4.483342	3.2936413
5.7650304	3.9481072
4.8786025	3.5994217
4.4404907	3.4965005
0.5417717	2.6588936
0.66707313	2.8838992
0.4314404	2.8650637
0.5838333	2.792724
2.4514537	2.9017994
2.933678	2.798453
-1.8543723	1.8490479
2.0747323	0.8121933
5.5038633	1.3762887
3.7831404	2.2642848
0.086734146	2.5870588
-0.010037149	2.392257
6.3529625	0.58998245
6.390113	-0.44964027
6.3304267	-0.4623494
5.8453927	0.77165186
4.245379	3.0511723
5.508549	3.7022629
0.71921766	2.6989737
0.88825196	2.861922
1.4062698	2.8770401
2.862168	2.7402503
2.6045954	2.8841672
-1.2100884	1.8128823
-1.0570903	1.0232542
6.00543	0.46950954
5.669205	1.3704782
-0.9545595	2.0890386
-1.3201431	1.9977819
6.972961	0.17539844
6.8383436	0.16284077
6.7148666	0.5903872
4.326789	3.443876
5.6983614	3.636249
0.63013256	2.6971922
0.3044203	2.9632442
0.47911546	2.9825928
2.7103133	2.7297158
2.7515478	3.025044
0.9568782	0.6607274
4.237033	2.0364926
1.9687668	2.2794883
7.158844	0.78998137
7.3644834	0.8720896
5.6573744	1.3334315
6.35185	3.9746456
0.7069709	2.7006457
0.55942166	2.8743703
2.2931147	2.8691227
1.584872	1.114621
3.4678931	1.0526481
4.0393815	1.8965421
1.945321	2.1550725
6.4772477	3.9473355
6.929767	1.2340642
7.2105722	1.4035771
7.4099903	0.9925986
6.0129867	0.85383165
6.4102964	3.961068
0.3488262	2.5810058
-0.1855199	2.9438634
0.26025456	2.896432
1.1178172	2.7911885
2.7546115	2.8206983
3.371899	1.5496445
1.0435547	2.1090817
5.5181394	3.6858063
7.91581	3.4488208
7.908137	2.5877142
7.232072	1.949
7.399962	2.0010986
7.6890454	1.7736347
7.2314134	0.9666063
5.4979463	0.17666005
5.03431	3.6217666
6.1331234	4.0767503
6.252911	4.042209
-0.104201905	2.5994217
-0.16360703	3.0109959
2.2585447	2.8163314
4.1167207	1.8020084
3.5627384	1.9788276
0.9771036	2.2962372
-0.019832157	2.2387948
7.968907	3.254517
6.7312036	1.1526921
1.397049	0.10079932
5.975208	3.814199
6.242399	3.942048
-0.28950626	2.6789913
-0.19238073	3.2816503
-0.032394048	3.157676
1.3682353	2.8164604
2.6962445	2.9957306
0.43151093	1.8784369
2.7191446	1.8951921
4.574647	1.817238
0.5619571	2.4264917
-0.011239387	2.3478806
7.1220293	3.4831064
6.5044084	1.9655257
6.566344	1.9584131
-0.60706204	-0.17200758
5.434048	3.6799936
5.4197707	3.7757237
0.1126715	3.1900718
0.0771248	3.3572438
0.15514952	3.2967079
2.2647433	2.865654
2.4777138	2.909315
2.5842397	2.8960183
2.6070564	2.0353236
2.1451013	1.9248512
6.085572	3.1658614
6.0609555	2.4505875
5.349166	1.4457173
4.314445	0.40544406
-0.65546334	2.6340485
-1.044689	2.874048
-0.23681128	2.8315718
0.3065284	2.8002026
0.54271704	2.9677744
0.4132929	3.3162634
0.16051681	2.9888906
1.8825297	2.9072177
2.4597235	2.9789965
2.8512337	3.0369065
2.869371	2.9582837
1.9631833	2.2304585
3.1559563	2.3319054
5.2337794	2.2371907
5.609114	2.0253973
3.925273	3.017033
4.793953	2.3566363
3.7974977	1.077926
4.509345	3.5104783
-0.8645635	2.6832163
-0.12590659	2.9316885
0.51947796	2.919809
0.30278954	3.244807
1.645151	2.8890536
2.352765	2.896537
2.5650349	2.9462721
5.2758837	2.6591687
2.2497642	1.6773442
-1.0892559	2.233062
-0.37949884	2.4735663
4.372231	3.7106633
-0.5039353	2.6715558
-0.21824172	2.7224662
0.11140886	2.8654232
1.2621095	3.4241648
2.1878617	1.9062796
-0.1354281	2.683958
-0.08472977	2.645477
1.6039454	3.1492105
2.167175	3.2246714
2.0414727	3.2857409
2.2458706	2.9903874
3.5305586	3.3965087
3.404446	3.1707556
1.073868	3.045953
2.6080055	3.2833717
3.0898392	3.3221314
3.390192	3.4395735
2.8925822	3.0760348
1.9494318	2.798756
1.865423	2.7760584
1.6138239	2.9983728
3.2106385	2.5416627
-0.2847729	1.4366231
2.5598018	3.3949938
2.8965158	3.4520504
3.113569	3.2150555
1.8133432	2.559227
1.1132929	2.4754417
1.8248262	2.322941
-0.8586425	1.313753
4.630241	3.9554033
3.1574714	2.9562902
0.68925565	2.2043006
0.39623064	1.7272774
4.942287	4.082519
5.0140457	3.9232163
5.031788	3.988119
4.3249063	3.3079305
2.8198295	2.7109358
2.817245	2.8927295
3.072151	3.0682194
2.0336003	2.8298087
-0.98098487	2.3206096
-0.12675406	2.2645376
0.046539072	1.8431344
4.900098	4.256048
5.0766416	3.9486902
3.8911417	3.1866274
-0.06840905	1.5189607
-0.7286519	1.5086778
5.0635343	3.7258387
-0.46284446	2.1881676
1.8902177	1.4729766
0.51914	1.6008139
-1.2545718	1.8080157
3.0579724	3.5102758
0.6295656	2.9604788
-1.4680401	2.1242807
3.5134892	2.0439656
0.51581043	1.223448
2.7956066	0.43948746
4.030753	0.21477601
3.9789956	0.1256359
7.369377	0.0310646
-2.90777	-2.1627333
-3.0100808	-1.9386544
-2.7140834	-0.94943154
7.8126893	0.5965352
-1.9743356	-1.8128772
-2.4948795	-2.0686464
-2.8532474	-2.315579
5.5215526	0.8251368
-2.2646108	-1.8825548
2.3508036	1.260838
2.3574967	-1.1530081
-0.3314678	-1.5447398
0.21449728	-0.7528551
1.2573558	-1.9951577
0.87537336	-3.2968853
0.68224114	-3.8033288
0.68465465	-3.3205478
-0.32962623	1.9397224
2.6179483	2.2370338
3.8235152	-1.8662906
2.0106907	-2.760842
-0.013405317	1.8148386
0.7706265	1.9132206
1.6714445	-3.0581076
4.7873936	-1.2589735
1.585923	-2.8970754
0.6557506	-1.7382066
1.4414024	-2.2946453
3.8644981	-1.3568707
5.7171435	-1.7114052
6.0527763	-1.8115362
5.258977	-1.2760892
0.9231172	-2.3107164
3.5856	-1.0397637
4.7307396	-1.4964257
5.920947	-2.047977
1.9285078	-2.6123855
-0.97277653	-0.11575595
-1.1851646	1.085499
-0.7693415	1.501058
5.1922474	-1.8649789
5.913273	-1.7740123
1.4183801	-3.0917444
4.4322968	-1.0359303
1.580475	-2.4734073
0.048347864	-3.0753818
1.4385005	-1.8088756
