-6.9121118	1.0162786
-4.567122	1.6532611
-3.4647713	1.9860653
-2.9591312	2.0668082
-3.019281	1.7023594
-3.2011952	1.2164738
-3.9292333	0.85386086
-3.154422	1.3171866
-4.206362	0.95152503
-5.620676	1.3006033
-4.293745	1.2666314
-4.7442946	1.1993598
-5.605065	1.2536029
-6.682805	0.94163907
-5.6270695	1.3148986
-5.785833	1.2914526
-5.8923197	1.1994531
-5.9888477	1.174442
-5.984246	1.2428923
-5.452405	1.5340974
-5.221348	1.5273085
-4.936618	1.6100293
-4.575439	1.8249787
-3.8559506	1.8507946
-3.9057374	1.8205438
-3.9397154	1.9849279
-4.3961434	1.8266107
-4.8794107	1.419706
-4.562848	1.5748321
-4.288233	1.7419758
-3.8997204	1.8844274
-2.8354063	1.8885567
-2.2176828	1.854327
-7.997942	0.57953537
-6.478847	0.99112916
-5.0610347	1.4413189
-4.0233893	1.6461142
-3.3819945	1.4975995
-3.9055996	0.7670208
-4.19557	0.727872
-4.1947055	0.95734817
-3.3286028	1.41125
-1.3210653	-1.6803974
-2.7614803	-0.2544413
-5.2930174	1.3078116
-4.8485413	1.6165315
-4.817302	1.3426833
-5.4280114	1.2713072
-5.973696	1.1326786
-6.557627	1.0963262
-6.815612	1.0784491
-6.810509	1.0241797
-6.4286933	1.1956605
-6.1968827	1.4269162
-6.091597	1.6399693
-6.176627	1.498238
-5.886816	1.3478839
-5.6109896	1.372822
-5.5781264	1.3194163
-5.2570987	1.5406499
-4.942508	1.5444157
-4.9831333	1.5643638
-5.1267185	1.5017003
-4.3462543	1.5649762
-4.0470204	1.716469
-3.6053123	1.925723
-4.194675	1.8799393
-4.28815	1.8268871
-4.2804475	1.6916237
-3.8941185	1.789821
-3.7567208	1.8379368
-2.2757804	1.9542788
-0.78699	1.429632
-2.8233335	1.3929679
-8.017181	0.8871944
-7.806011	0.5789686
-7.9402556	0.15610418
-6.9592137	0.6883356
-5.307806	1.392425
-3.9197416	1.5953497
-3.5466099	1.4179488
-3.7695146	1.1012026
-2.7238846	1.7502941
2.772191	-3.1509364
2.6735673	-4.856768
2.2377272	-6.3312407
-0.5048309	-2.6056623
-2.0758846	0.021838173
-3.7382991	1.441958
-4.4953446	1.632404
-4.6597486	1.6712393
-4.4162874	1.5643532
-4.70375	1.4690061
-5.1573806	1.379889
-5.740717	1.3716631
-6.13506	1.4371922
-6.3665953	1.5300875
-6.385239	1.4542172
-6.276019	1.2968143
-6.1123595	1.2546661
-5.9345627	1.2978
-5.799898	1.5686445
-5.575832	1.661501
-5.364163	1.6203403
-5.165347	1.7443804
-5.095937	1.7436324
-5.0289245	1.857553
-4.722249	1.8012743
-5.0432534	1.5689096
-5.518506	1.4384875
-5.5967736	1.4798076
-5.4100676	1.3440552
-4.883769	1.3593819
-4.36135	1.5062549
-3.741354	1.7739569
-3.5072591	2.049823
-3.3504176	2.1017308
-3.6568859	1.7253767
-3.472963	1.8948859
-3.4024966	2.0461595
-2.9348986	2.072276
-2.5344152	1.8101426
-2.6674695	1.6862129
-2.3947935	1.5692015
-2.5611932	1.5254875
-3.6238604	1.6767901
-3.3509915	1.7101568
-2.679879	1.9871553
-6.967043	1.130861
-8.126183	-0.009529471
-9.211004	-0.27998537
-6.7292805	0.6821124
-4.5132923	1.116788
-3.4728417	1.2193514
-3.5404785	1.2232112
2.4843721	-0.9039341
2.2841508	-6.5507154
2.5111487	-8.304079
2.6484287	-9.57691
2.5065253	-11.0530615
2.3453114	-9.813166
-0.17216218	-2.0012114
-3.9355307	1.5455102
-4.277767	1.5438601
-4.0523524	1.5352408
-4.3176	1.510397
-6.3939705	1.5240425
-5.7432957	1.4184463
-5.7005835	1.3450506
-5.8073635	1.3144199
-5.8934674	1.4305514
-5.87546	1.5926089
-5.434164	1.5869458
-5.271441	1.5529888
-4.795843	1.9183168
-5.071212	1.6877046
-5.477342	1.5310833
-5.5641375	1.0968363
-5.152642	1.2019384
-3.9170275	1.6465949
-3.1189947	1.9054556
-3.9189558	1.8019332
-3.8008826	1.8398128
-3.6299558	1.8469507
-3.0978563	1.8972332
-3.2193034	1.6193105
-3.5768504	1.4767457
-3.923745	1.4709079
-3.7798848	1.5253606
-2.8491542	1.8795412
-8.053672	0.6211818
-7.565277	0.3775001
-8.508025	-0.5038372
-9.475806	-0.847065
-9.5300665	-0.66753125
-7.549596	0.2348266
-3.3141217	1.2683432
-2.4209528	2.0834124
-1.960544	2.4613266
1.1763308	-2.5725873
1.7800705	-4.2978134
1.9307529	-7.8266706
2.063119	-10.962861
2.168869	-11.894324
2.267682	-12.137516
2.2013922	-12.24601
1.0213655	-5.0268936
-1.1317095	-0.89520043
-4.3526244	1.4291233
-4.3133125	1.4292887
-4.4992604	1.3995516
-5.133677	1.5260773
-5.9883413	1.5823586
-6.3399277	1.6893015
-6.1947017	1.7164192
-5.6682267	1.5789887
-5.726753	1.4873681
-5.8439364	1.4658723
-5.7757273	1.5224994
-5.521907	1.408574
-5.447488	1.671433
-5.6879163	1.7977258
-5.63133	1.6167022
-5.651612	1.4975337
-6.0369787	1.2647038
-5.913702	1.084677
-5.5750666	1.0907055
-5.1258993	1.3047817
-4.1713233	1.7777033
-3.7556496	1.8882447
-3.8620214	1.6726137
-4.14325	1.4531809
-4.5705333	1.3015227
-4.958267	1.4250689
-3.9342802	1.7921786
-3.9035037	1.7014922
-4.147479	1.398291
-4.1563926	1.6322345
-3.6622684	1.7581027
-3.3907783	1.6327858
-3.4070117	1.6361972
-2.807268	1.8139237
-9.411699	-0.41337633
-8.947642	-0.45279557
-9.462329	-0.8084762
-9.231207	-0.69113606
-7.589883	0.011238888
-2.926008	1.6524578
-2.7177877	1.8486259
-2.6449234	2.0351892
-2.4305382	2.195137
1.0557561	-5.6576395
1.1171744	-8.19554
1.518908	-12.212444
1.696527	-12.60017
1.8464277	-12.820511
2.0268347	-12.822882
1.862948	-12.7518
1.8353287	-12.855092
2.2274075	-11.589101
0.09575935	-3.3797574
-2.4713433	0.03919115
-4.23208	1.2402616
-4.69364	1.426259
-4.8584485	1.4002312
-6.0769362	1.5722525
-6.117774	1.6712703
-5.7086587	1.6566076
-5.4107046	1.5816185
-5.4012218	1.5548797
-5.692072	1.4723644
-5.9770384	1.3623981
-5.8775153	1.4884044
-5.5706124	1.5437645
-5.3818746	1.2836417
-5.3892736	1.2239748
-5.4975834	1.3542211
-6.0714717	1.2935078
-6.1937423	1.0492517
-6.1207404	1.0243357
-5.6847363	1.1107715
-5.271457	1.2022948
-5.283864	1.2220534
-4.9089837	1.6839411
-4.694693	1.6753739
-4.795629	1.4353225
-5.50634	0.94700146
-5.9321036	0.8728207
-5.3210435	1.3816242
-5.057459	1.4920985
-5.039671	1.4942541
-4.514618	1.4630421
-4.6679983	1.3164245
-4.6355953	1.4125099
-3.964859	1.8126154
-2.9096184	1.9962116
-1.992462	1.9700288
-0.9688991	1.9916335
-9.857765	-1.045099
-9.177449	-0.77297944
-8.5576	-0.44354248
-7.9304576	-0.19795918
-3.6257834	1.7010884
-2.7796247	1.9765986
-2.391961	2.4069536
0.7582377	-1.348175
1.5701076	-4.2100983
1.9346495	-4.898125
1.7844875	-6.939816
1.2693012	-10.176572
0.7889366	-13.059842
0.5320259	-14.1896925
0.611023	-14.354057
1.5602877	-13.1147
1.7202523	-12.733815
1.7317044	-12.417248
1.8722945	-12.44881
1.8321575	-12.65425
1.9162302	-10.13253
1.0050088	-6.053592
-1.1307824	-1.8295349
-3.4175498	0.7360017
-4.85026	1.439902
-5.4245095	1.7868402
-5.086319	1.7791963
-5.042891	1.6831424
-5.3669796	1.566244
-5.871676	1.5689876
-5.9757714	1.4002935
-5.9299135	1.5239289
-5.7412105	1.6480596
-5.5855303	1.650005
-5.3823113	1.4278151
-4.9625797	1.4327921
-5.0388265	1.4782706
-5.9672766	1.2600532
-5.9638777	1.1319847
-5.693316	1.2359943
-6.099574	1.0273207
-4.9794493	1.2867191
-5.075623	1.4337064
-5.12156	1.6280749
-5.1708508	1.7260518
-5.267024	1.3925339
-5.5274324	0.97103786
-5.8078556	0.53578323
-6.5041466	0.68172985
-6.124477	1.1338397
-5.213408	1.4136704
-5.3453274	1.3264898
-4.92739	1.4616067
-4.6230316	1.479616
-2.4121954	2.3354552
-9.873981	-1.351138
-9.234253	-0.86856323
-8.318374	-0.22193679
-7.4874563	0.3318363
-6.2493854	0.7830635
-5.454814	1.1895696
-4.310919	1.7178435
-3.4593532	1.953522
-2.6624796	2.209606
-2.441916	2.3303876
0.052367464	0.3740946
1.2870824	-4.134418
1.4667445	-6.52383
1.8765355	-8.437468
2.1100721	-9.216805
2.3512518	-9.301039
1.5616782	-11.3678255
0.8527015	-13.421871
0.3841253	-15.078465
0.69681466	-14.6933775
2.1852038	-11.744833
2.1553726	-11.75252
2.1281219	-10.963492
1.8455331	-8.566161
0.6926303	-5.27423
-3.0016272	0.14042832
-4.299937	1.2931947
-5.0080853	1.5778686
-5.086633	1.6473546
-4.984991	1.6020484
-5.1368093	1.5529959
-5.365964	1.5214107
-5.6935935	1.6014668
-5.8598356	1.5388472
-5.83774	1.6844164
-4.8229227	1.5947927
-5.41181	1.179101
-5.2225084	1.279893
-5.205239	1.0511843
-5.607753	0.94333625
-4.5245514	1.274766
-4.886849	1.5539739
-5.3799353	1.6094444
-5.6624928	1.2169292
-5.91348	0.8389373
-6.8347054	0.5783332
-6.8977427	0.91470075
-6.1383467	1.4380511
-4.9328117	1.5037144
-5.1602077	1.4311978
-4.9585943	1.4776933
-2.665001	1.9924552
-1.4601941	2.368938
-9.179383	-0.5435771
-8.06841	0.2323786
-6.522458	0.9082352
-6.4053245	0.8918832
-6.2703385	1.0522321
-3.6409552	2.0094662
-2.5258589	2.1696875
1.8508766	-9.105816
1.8994513	-11.27265
2.0271437	-12.264988
1.9781666	-12.414448
2.0524535	-10.738096
1.4494022	-11.985543
0.7224936	-13.664016
0.21008742	-15.249484
0.6877415	-15.023716
1.079148	-14.260641
1.3872463	-13.253629
1.9889208	-11.581025
2.2695735	-11.27927
2.0179992	-11.328869
0.9840017	-5.2709103
-0.8266797	-2.0944963
-2.7763526	0.46108595
-4.7220254	1.7862301
-4.938354	1.5382925
-6.0810695	1.3811862
-6.1611814	1.5203335
-5.386092	1.6001118
-4.929657	1.5513737
-4.7578616	1.5302776
-4.889217	1.4087436
-4.8819923	1.4158576
-4.8953147	1.2254157
-4.9831777	1.2249599
-5.20344	0.9801946
-5.2157965	0.9811156
-4.562215	1.6752813
-6.5034676	1.097694
-6.622204	0.76697874
-6.8185754	0.72740054
-6.608034	1.2079749
-4.2220993	1.9799342
-3.3865047	1.860123
-2.606033	2.0709426
-9.682353	-0.82506764
-8.318732	0.49850786
-7.314396	0.9215874
-6.9508276	0.89334154
-7.070217	0.7507837
-6.015465	1.4684358
-4.7324905	1.9485499
-3.1568227	2.0053492
-0.002345547	-3.0943656
0.5990674	-5.1278057
1.5264922	-10.74367
1.8478341	-11.895319
2.0948539	-11.996495
2.258226	-10.86047
0.782625	-14.125383
0.8661575	-14.816495
1.9957901	-12.346082
2.561563	-11.2328415
2.5143335	-10.989803
2.36626	-10.997205
-0.67125285	-1.2885665
-2.9264522	1.017455
-4.93716	1.3527772
-5.3394966	1.4395274
-5.893249	1.3948913
-6.3212314	1.2674605
-6.4969554	1.2873459
-6.573149	1.2283034
-6.0102444	1.4969887
-5.507172	1.6355314
-5.3825393	1.427336
-5.1823545	1.3874215
-4.9730425	1.3293664
-4.7388587	1.3399048
-5.063876	1.303242
-5.0268707	1.1321795
-5.4300585	1.088166
-5.4335527	1.2563722
-5.04203	1.429126
-6.8363867	1.3275561
-6.8236475	1.1481559
-5.070847	1.5046068
-4.2173557	1.979543
-9.315066	-0.28832775
-8.1191	0.7808832
-7.146369	1.0477746
-6.605303	0.9443419
-6.7562547	0.78976786
-7.1352816	0.7862667
-6.604014	1.3272318
-5.4495335	1.754851
-3.5446537	1.571389
-1.4076029	-0.55194324
0.43889016	-4.109867
1.3352599	-7.5961695
1.5311527	-9.968069
1.4227414	-11.45472
1.3776095	-12.565242
1.5242572	-12.83747
1.476203	-13.194605
1.5777535	-13.073164
2.0403545	-12.489004
2.280065	-11.677699
2.4279377	-10.5795
2.166738	-10.728018
1.5364817	-12.432191
1.0737643	-14.574453
1.3116964	-13.980601
1.9903542	-12.540054
2.341846	-11.896109
2.7147832	-11.293355
2.6756506	-10.708137
2.5445156	-10.724336
2.4918103	-10.701286
2.6892192	-10.534127
2.772211	-9.727342
2.40777	-7.462343
0.9985397	-3.6460664
-3.2965372	1.3133899
-4.9998856	1.3552914
-5.2136283	1.4314812
-5.8253465	1.338593
-6.69437	1.2415241
-6.754895	1.2278568
-6.0251245	1.4484943
-5.950179	1.4474244
-5.8125277	1.4429947
-5.438324	1.4020318
-5.286711	1.3423634
-6.085647	1.3165317
-6.602607	1.2174788
-6.919348	1.3787632
-6.790099	1.3181366
-2.3028526	2.2019556
-8.40232	0.41173458
-7.1588154	0.97688794
-6.0384974	0.96727824
-6.2502275	0.9948385
-6.4735184	1.3114268
-5.4179497	1.6239003
-3.5339212	1.4933287
-0.99349344	-1.0692317
1.041367	-5.7983794
1.8908832	-10.26505
1.4691007	-12.940061
1.3412986	-13.376325
1.211545	-13.527817
1.1964543	-13.288609
1.5154307	-12.834558
2.2514968	-11.109482
2.3632488	-10.003107
2.0770063	-10.555082
1.1690876	-13.897026
1.4407579	-13.295098
2.0029004	-12.51251
2.5519795	-11.733095
2.8703637	-11.113105
2.7866588	-10.4769125
-1.9463508	0.31933838
-3.8919623	1.2735336
-5.0470266	1.1759566
-5.376024	1.6122953
-6.2865973	1.2675608
-6.556301	1.3292526
-6.3912325	1.3863381
-6.4826264	1.3152845
-6.543013	1.3010875
-6.392686	1.3097774
-5.5931435	1.5466678
-5.7159224	1.4282963
-6.0813704	1.3837075
-6.5925756	1.129916
-6.9777718	0.9164985
-6.1596365	1.4499693
-4.344712	2.0006566
-6.250194	1.0058852
-5.88256	0.9000914
-5.712549	0.89716756
-6.447234	1.2452385
-4.67401	1.681243
0.5304345	-4.1590424
1.3834045	-12.25856
1.0519022	-13.283632
0.9790807	-13.681669
1.2254522	-12.96737
1.6489679	-12.316969
1.9311187	-11.463082
2.363182	-9.8113785
2.506326	-9.186668
1.5114323	-12.505828
2.7453125	-11.098223
2.9363778	-10.018275
2.909863	-9.823563
2.8100746	-9.920954
2.567108	-10.427748
2.495765	-10.287996
2.3891816	-8.596755
1.3311698	-5.357381
-2.9274194	0.7967634
-4.6737604	1.3482809
-5.3481755	1.3134776
-5.015903	1.660413
-5.386868	1.629938
-5.9853983	1.3867761
-6.432789	1.1784146
-6.905313	1.2230768
-6.465542	1.2258365
-6.194927	1.1246363
-6.1431484	1.2695818
-5.8909497	1.3677247
-5.728874	1.5647216
-6.0455236	1.5691187
-6.178883	1.3653369
-4.9067974	1.3624457
-7.0360484	1.1167972
-6.202596	1.1112652
-6.5741367	0.96050507
-7.168156	1.3527536
-5.416233	1.457111
0.9310675	-12.796682
0.7334308	-14.237632
0.5879435	-14.354141
1.0188329	-13.107378
1.1599648	-12.67758
2.0952864	-10.597624
2.5597363	-9.414615
2.567662	-9.339591
1.758882	-12.044657
1.7798156	-12.53538
2.0078244	-12.2817545
2.4594655	-11.422525
2.8841853	-10.694292
3.149908	-10.056689
3.2388117	-9.599064
3.2388003	-9.282993
3.1573431	-9.332868
2.3633761	-10.326728
2.3067696	-9.811026
-3.3345082	0.29745835
-4.7927876	1.2140462
-5.301377	1.538813
-6.3259335	1.339716
-6.766986	1.0308387
-7.02114	0.93677086
-7.145119	0.88697904
-7.1626024	0.8709915
-6.8548284	0.82369655
-6.676079	0.7754393
-6.407765	0.9905844
-6.1599894	1.1776628
-5.719211	1.6985228
-4.6331043	1.6206081
-7.244359	1.2250011
-7.0481477	0.9762751
-7.4465384	0.7674487
-4.4460278	1.7634028
0.121033095	-1.3798152
0.6924679	-6.180387
0.9395472	-10.853285
0.92705977	-13.743508
0.71524894	-14.465907
0.62688625	-14.34389
0.5557103	-14.112704
0.8423413	-13.734857
1.4158549	-12.986383
1.4986374	-12.7633
1.7187281	-12.31598
1.8547214	-11.916285
2.197706	-11.225971
2.9463687	-9.055437
2.0440533	-11.841867
3.331586	-8.652302
2.7381344	-9.725855
2.6481586	-9.159624
-3.7015264	1.2290769
-4.9793425	1.693969
-5.9098473	1.5172162
-6.6801505	1.3553743
-7.2561398	1.0458765
-7.2730575	0.9515122
-6.969134	0.8275246
-6.935794	0.7743368
-5.9402394	1.3505275
-5.178639	1.7591044
-4.271674	1.9906335
-2.9730756	2.2506394
-7.492972	1.3148309
-7.4184513	1.0687805
-6.661654	1.247419
-5.6130366	1.6561846
-2.9983997	2.0624297
0.38509038	-2.1685631
1.1674086	-7.3815885
1.3762164	-11.873934
1.1333823	-13.794103
0.93914884	-13.988569
1.2262216	-13.477643
1.5978124	-12.93385
1.7339363	-12.7567425
2.2933147	-11.688808
2.636845	-10.972873
3.0103586	-9.865571
3.2386029	-8.822057
2.4163246	-10.851701
2.224033	-12.084091
2.8888915	-11.5372925
3.443427	-10.409121
3.6721418	-9.574346
3.4664729	-8.945884
3.619015	-8.692762
3.5001678	-8.629621
3.01231	-8.897515
2.5292895	-6.910391
1.5351357	-3.807923
-2.8362231	1.4136168
-6.5754642	1.480221
-7.051727	1.319008
-7.22966	1.2537088
-7.276945	1.3015414
-6.521433	1.0801126
-6.2678633	1.111733
-5.4913235	1.4492699
-4.5622506	1.7180886
-3.391732	2.2034485
-7.5712495	1.136054
-7.545341	1.1005039
-7.087738	1.1675313
0.1591518	0.30085254
0.91102356	-4.132596
1.3972405	-9.318714
1.3212007	-12.831037
1.2007576	-13.668922
1.2487972	-13.514804
1.6015722	-13.067557
2.0426376	-12.6169405
2.2018952	-12.276922
2.4090528	-11.615995
2.9968154	-10.34903
2.499531	-11.059575
2.6455638	-11.658413
3.2973628	-10.055288
3.2519245	-9.51563
3.3935103	-8.956124
3.7093797	-8.345953
3.7925875	-7.8843846
3.2529542	-6.720215
2.730127	-2.7974496
1.9707851	-0.8869856
-7.347087	1.4272895
-7.5297933	1.2871702
-7.373446	1.1624867
-7.1815467	1.1402423
-6.9407697	1.5590575
-6.383735	1.6206639
-5.8730183	1.7163637
-5.220345	1.6776203
-4.5771136	1.8399283
5.2687902	-2.6491616
5.297089	-3.8704312
5.546083	-3.269908
6.0508904	-1.0037963
-6.0312285	1.3460025
-5.8304396	1.4292562
-4.8491907	1.7226969
0.24279875	-1.2209733
1.0385666	-6.220568
1.2999878	-13.373479
1.2717237	-13.346891
1.192207	-13.425385
2.0621684	-12.54722
2.29472	-12.024205
2.7301168	-10.415097
2.914071	-9.221285
2.8738165	-9.009856
2.437201	-10.066569
2.2872972	-11.406009
2.8180308	-10.690247
3.208389	-9.469817
3.7634208	-6.875802
3.59289	-5.580052
3.2602308	-4.183811
3.2188256	-1.5057855
-2.8681097	1.7808818
-5.44121	1.3532706
-5.7605934	1.4454247
-5.38026	1.757762
-4.9858403	1.8687367
-4.5208445	1.9951495
-3.7239075	2.119476
-2.3806903	2.3658302
4.3134913	-6.3466387
4.2186575	-7.909776
4.255253	-8.858691
4.55935	-8.232836
5.3839693	-5.179742
-4.1482234	1.8894535
0.303207	-3.079891
1.1048344	-8.454876
1.2304213	-12.240812
1.1904052	-13.503963
1.1722404	-13.382684
1.2160984	-13.230599
1.5073482	-12.991282
1.9534073	-12.657365
2.3850129	-12.041183
2.5955558	-10.68341
2.654868	-10.282567
2.647187	-10.42818
2.702735	-10.056212
2.6905997	-9.468863
2.3083112	-10.184686
2.4524508	-10.383511
3.8064165	-2.88713
3.5234022	-0.005832702
-3.7215242	1.5976828
-5.510336	1.3638767
-5.9045787	1.4953945
-5.1609473	1.575575
2.9369435	-10.81278
2.8512955	-12.194926
3.2186193	-11.851124
4.575328	-8.45494
-0.9616093	-0.23288973
0.01723478	-3.9445524
1.2393969	-10.385936
2.380619	-11.652288
2.680625	-11.196556
2.7134929	-10.246291
2.588694	-10.43473
2.4328427	-11.108965
2.523725	-10.676779
2.3965366	-9.50602
3.1196659	-6.0805063
3.7989023	-3.255052
3.7705095	-1.0028628
-2.2428188	1.937004
4.1084576	-6.1980424
3.0112407	-10.134923
2.5722356	-13.090771
4.636313	-8.21382
6.072588	-4.1715646
-2.0661774	-0.35962942
2.0521355	-8.715491
3.1654332	-9.923268
2.8284864	-10.271156
2.7065437	-11.025054
2.7287982	-8.950736
2.9537725	-6.563092
3.4619567	-3.7377403
4.3995214	0.9715713
3.6090553	-7.2107296
2.1361399	-13.201015
2.9722507	-12.425135
3.7077537	-10.657853
4.8446283	-7.7624555
6.117256	-4.0409164
-3.9974437	2.1755524
-3.1029267	1.6022345
-4.4452963	1.7820866
-3.3253245	1.3456149
-0.7321808	-1.006661
1.7682581	-4.7121
3.3092282	-7.7705073
3.7671783	-8.626211
3.6508508	-8.337256
3.3775392	-8.144821
2.7004778	-10.351052
2.626975	-10.301071
2.821227	-8.93142
3.8706827	-2.4162965
4.431951	-5.688847
3.1494575	-9.917792
2.8378158	-12.376743
3.51322	-11.100253
5.339134	-6.140723
-6.5721493	1.7597713
-5.7616663	1.9620283
-4.622772	2.0369594
-3.7019327	2.313518
-3.0860033	2.3448403
-2.9526813	2.2411697
-3.3301237	1.9237374
-4.054635	1.7887925
-5.7090926	1.5832587
-6.3044896	1.7139537
-3.0500731	1.0751499
0.3327166	-1.500071
2.8367555	-4.356819
3.4686387	-5.781328
2.8420322	-5.9607787
2.1891403	-9.068122
2.899261	-6.0095253
5.4911265	-3.848374
4.482557	-6.2717967
3.5736425	-9.240997
3.2123775	-10.96005
4.2551866	-9.029267
5.9115453	-5.1185913
7.0070953	-3.305729
-7.5218673	1.5769252
-6.5272155	1.6900175
-5.41566	1.9035983
-4.586305	2.0226393
-4.2443275	1.9270781
-3.957713	1.9256257
-3.6884112	2.007906
-3.5902863	1.8148205
-3.9041202	1.7277405
-4.429195	1.7658128
-5.3918805	1.6875054
-6.349496	1.4527171
-7.013311	1.525471
-7.1614733	1.8038509
-5.346198	1.8735038
-2.2309837	0.7592655
1.9404032	-2.6117222
2.5863254	-2.344055
2.5556242	-3.519025
2.7155237	-2.933147
5.775384	-5.8264184
5.278033	-6.3666716
4.672174	-7.137669
4.158829	-8.438831
3.9031448	-10.073723
5.3325596	-6.8740554
6.3406672	-5.35435
-8.246674	1.2105858
-7.586948	1.3289478
-6.7692895	1.499685
-6.098262	1.6015365
-5.9956994	1.701289
-5.8202186	1.7337524
-4.9213133	1.7287769
-4.8914247	1.5873086
-5.3793893	1.6842269
-5.8426776	1.7677076
-7.0931387	1.7914718
-7.414439	1.8042072
-4.455596	1.4855953
-1.6040108	0.8410831
0.5370194	0.16689263
1.7642069	0.33354792
2.2814422	0.78037363
2.8750396	1.1313647
3.1888084	0.9168489
5.2445354	-4.099471
5.129647	-5.714284
5.159129	-7.660042
5.005475	-8.202829
4.826374	-7.1855345
5.180071	-7.9827876
5.189413	-8.132799
4.7952313	-8.862943
5.523595	-6.920976
-8.4408455	1.1331091
-7.883439	1.2459555
-7.5462403	1.2427788
-7.6309805	1.1643838
-7.7634864	1.3252633
-7.6094375	1.4289035
-6.7473445	1.7813951
-5.7282896	1.6415869
-5.936301	1.5071272
-6.674165	1.5860766
-7.0407734	1.708264
-7.0684595	1.6615388
3.9781866	-4.4342213
4.794817	-7.6230936
4.7497864	-9.090605
4.8150806	-8.938304
4.9115214	-7.6054726
5.120845	-7.1250978
5.722172	-7.1005807
5.6824446	-7.570495
5.290386	-8.341567
5.4144754	-7.6891193
-8.082276	1.2187225
-7.9847703	1.1499976
-8.037476	1.1446939
-7.9991236	1.2965618
-6.664778	1.6026475
-6.282754	1.5498112
-6.505091	1.3480029
-6.9364133	1.522078
-7.482702	1.5777347
-6.555931	1.9558009
-5.801532	1.9601575
-4.967331	1.7969277
-3.674296	1.9874077
4.545432	-7.807203
4.824288	-8.541129
4.7763834	-8.828544
4.775089	-8.975057
4.7489457	-9.006276
5.1365843	-7.287474
5.293034	-6.999577
5.403275	-8.138501
5.4216785	-8.342548
-7.409352	1.576446
-7.8935995	1.5087296
-8.470989	1.34595
-8.125922	1.2110733
-7.7897086	1.3195703
-7.280892	1.4973176
-7.0051646	1.6157894
-6.831729	1.578898
-6.4395585	1.4513314
-6.6059155	1.6391122
-7.2781982	1.5669622
-6.6509013	1.7077639
-5.4703364	1.8419795
-4.0316243	2.1381304
2.5017524	-4.549121
4.8334503	-8.557324
4.7779455	-9.020152
4.38756	-9.838598
4.551675	-8.596115
4.606511	-7.99697
4.8308997	-8.173602
5.528792	-8.313701
5.56595	-7.876396
-7.0732436	1.5079668
-8.521122	1.2258357
-8.067051	1.2041225
-6.5469165	1.444838
-6.215557	1.390251
-5.8826227	1.7042942
-4.991695	1.9851274
1.3435723	-2.1853452
2.4707003	-5.3895445
4.7881193	-8.311918
4.48285	-9.383952
4.2565174	-10.059242
4.2517633	-9.95487
4.7603936	-7.300762
-8.828792	1.4237615
-7.5595946	1.1170253
-6.9579825	1.2457451
-6.601503	1.3701435
-6.2159076	1.4956777
1.3069642	-3.1211014
3.076628	-5.9356513
4.49151	-9.087764
4.3245263	-9.906291
4.315684	-10.802532
4.1330385	-9.127763
3.9170973	-5.8808837
3.2334075	-2.0045955
-7.529789	1.1454983
-8.8742285	1.1882873
-8.628756	1.1962197
-8.008522	1.0372708
-6.5760546	1.3181463
-5.14161	1.5593913
0.70387524	-0.73862183
2.0461621	-3.74494
3.6633425	-6.412982
4.5866914	-8.716866
4.370584	-10.751049
4.245872	-10.551038
3.8850954	-6.5719967
-7.995306	1.10123
-8.795248	0.9501674
-9.002962	0.9707443
-8.657846	1.062042
-8.066129	1.2651647
-5.913772	1.5238597
2.3912046	-4.2118616
3.718457	-6.8179507
4.5424347	-8.11568
4.7999086	-8.794858
4.212281	-10.641859
4.1298237	-9.849071
3.9879506	-6.59413
3.5016394	-2.1142857
-8.603391	0.9514845
-7.6525226	1.2234144
-6.799322	1.3659308
1.2044061	-1.6778865
4.007724	-6.890372
4.6449633	-8.325124
4.1573105	-8.0485935
4.054579	-5.160144
3.6640139	-1.2286742
-7.0190454	1.4827513
-6.050616	1.6677293
-6.021409	1.5645539
-6.7962475	1.2878494
5.024398	-5.6168227
3.4929798	-3.9315624
3.2421908	-2.0903065
-1.5155034	2.697439
-1.3943706	2.5136874
-3.5939872	1.6209545
-6.304592	0.9326924
-7.8951583	0.63658303
-6.5500655	1.0920322
-1.3871245	0.17692953
-3.3642051	-0.46495032
-4.5486937	-0.9211523
1.9675385	-1.6905774
3.3784072	-2.6567683
3.9392002	-2.3138828
3.1841307	-1.4613628
-5.109649	0.9122939
-7.7995925	0.3603676
-7.87249	0.6479934
-1.3703072	-0.007355511
-5.352453	-1.3139101
-5.9761357	-1.5671655
-4.9795513	-1.2868418
-3.1688566	-0.8356607
-2.3515544	1.3949525
-5.7396235	0.64660454
-3.5653727	-0.80418056
-5.4333196	-1.5418319
-6.2767024	-1.7697943
-6.546714	-1.9201474
-5.87799	-1.786188
-4.513481	-1.5088601
-2.641679	-0.9969635
-5.6236176	-1.5601492
-6.204336	-2.043552
-5.840325	-2.2163594
-4.0944333	-2.0818222
-2.9987004	-1.6604941
-2.2933698	-1.235032
-1.9853566	-0.28442872
-5.7995706	-1.4783373
-5.8149724	-2.0698078
-5.5651145	-2.3553634
-5.3701115	-2.581995
-5.0478973	-2.7209423
-4.302623	-1.1168954
-5.753233	-2.0039618
-5.2968946	-2.3209968
-4.9218946	-2.5632627
-4.8872037	-2.6926308
-4.9253283	-2.9539735
-5.131398	-3.1309845
-5.1268883	-3.1467545
-5.0971556	-2.9457717
-4.2395644	-2.3744495
-0.8592686	-0.51527715
-4.818777	-1.6165711
-5.2636247	-2.391234
-4.941449	-2.588994
-4.9330025	-2.9996362
-4.9499474	-3.145096
-5.0939198	-3.009915
-4.767711	-2.6260946
-3.6196911	-1.9682329
-1.446234	1.8856852
-1.9797821	1.3947809
-2.1179063	1.2898235
-1.7049712	1.5100332
-3.3857248	-1.3457345
-4.914156	-1.8409342
-5.355834	-2.0520215
-5.2380743	-2.4108636
-5.1878743	-2.533512
-5.1008472	-2.763057
-5.136577	-2.899197
-4.763473	-2.7806764
-4.53486	-2.3957577
-1.3901823	-0.8181976
-2.422615	1.6142845
-1.6842299	1.8414878
-1.8044553	-0.655796
-3.8168085	-1.4529812
-4.996147	-2.0272098
-5.270828	-2.6163335
-5.3098397	-2.874325
-5.0976396	-2.848463
-5.2174983	-2.5008235
-4.340968	-1.9813187
-0.9830015	-0.26555663
-2.5011683	1.5176411
-2.0605552	1.8396032
-0.25582013	2.2738593
-4.599363	-1.8149127
-4.635376	-1.9834225
-4.48416	-2.0754602
-4.9823093	-2.5981889
-5.1834097	-2.902931
-5.2330656	-2.787533
-5.2178636	-2.6613648
-5.4633026	-2.7076037
-5.651387	-2.5978754
-5.3496704	-2.363541
-4.1442547	-1.7215167
-2.3480115	-0.8667488
-2.781968	1.3333901
-2.9956563	1.435248
-1.680225	2.0312617
1.8641584	3.4029846
-0.5069258	-0.30076212
-2.4998333	-0.950607
-3.9999542	-1.5505041
-4.459464	-1.8200085
-4.253092	-1.9681631
-4.3829336	-2.0879495
-4.7038913	-2.4871716
-5.0478163	-2.7935965
-5.13594	-2.8431678
-5.3047633	-2.8916454
-5.6090436	-2.587898
-3.9056418	-1.4750242
-2.846254	1.293517
-3.1947393	1.3009392
-2.2385404	1.8465363
1.2544206	3.3697853
-1.2674085	-0.8106721
-4.416536	-2.1544068
-4.4170294	-2.1886938
-4.554388	-2.5142438
-5.2038965	-3.1376088
-5.591373	-2.9278767
-5.4839215	-2.6021354
-4.748977	-2.0068374
-2.8948853	-1.0206091
1.6201303	3.4083247
-4.5141425	-2.2258344
-4.584562	-2.285206
-4.53007	-2.1661904
-4.723193	-2.1609714
-4.922635	-2.4565
-4.911184	-2.817341
-4.748029	-3.0564194
-4.612637	-3.143246
-4.957431	-3.181786
-5.3952937	-2.9038541
-5.668205	-2.7331553
-5.2019234	-2.5022435
-4.919989	-2.4180512
-4.758517	-2.2280724
-1.3432056	-0.2606272
-3.0443392	1.3792293
-3.2979345	1.2708267
-3.368022	1.0587002
-3.6052806	1.1153142
2.09053	3.4154365
0.6520025	0.09182836
-1.9044485	-0.8933523
-3.7857232	-1.5229512
-4.5383053	-2.08887
-4.633682	-2.5287936
-4.6592155	-2.3637698
-4.273025	-3.0988357
-5.036137	-2.71609
-5.528473	-2.646034
-5.177008	-2.3794177
-4.6158657	-2.1812665
-4.5640554	-2.270811
-4.283758	-1.9573097
-2.8234148	-1.1403106
-0.24282528	0.1374663
-4.0572987	0.9683669
-1.9233031	2.191679
2.371471	3.4714723
-4.556107	-1.769817
-4.9325047	-2.257908
-4.9457927	-2.474451
-4.743731	-2.5334303
-4.528524	-2.4570668
-4.981807	-2.4507024
-5.086609	-2.3494673
-4.6073184	-2.498388
-4.19665	-2.5746217
-4.1157293	-2.6181588
-5.075007	-2.5697286
-5.0354123	-2.3706589
-4.617454	-2.1419997
-4.6927	-2.1711435
-3.2047827	1.4917794
-4.288485	0.82673603
-3.995692	1.0541714
0.56537664	0.5346503
-1.3603183	-0.3588165
-4.6920824	-1.773018
-5.1983156	-2.083278
-5.121292	-2.3382106
-4.830577	-2.4613473
-4.5890474	-2.6662865
-4.5848274	-2.6115737
-4.7409363	-2.6458297
-4.6380906	-2.4902985
-4.1443343	-2.4630947
-3.7373886	-2.3107278
-3.7718158	-2.284587
-4.3710375	-2.3339972
-5.341267	-2.7820685
-4.8619103	-2.4568448
-4.4966674	-2.2236638
-4.5514083	-2.2738125
-4.875145	-2.2957394
-4.782745	-2.1279557
-3.4434571	-1.4517628
-2.802026	1.4343566
-3.7592132	0.98135376
-0.51235676	0.59173274
-1.5331764	0.058182627
-3.2455301	-0.7944971
-5.118687	-2.0917232
-4.239444	-2.4444733
-4.222963	-2.39187
-4.036075	-2.2766368
-3.7020943	-2.2710106
-3.535168	-2.149753
-3.574603	-2.0956917
-4.1641603	-2.1702316
-4.7578964	-2.5394797
-5.054118	-2.8541281
-4.477382	-2.510125
-4.427663	-2.3590894
-4.862944	-2.4912453
-5.0886173	-2.5320365
-4.4371457	-2.2416089
-4.0391626	0.68195933
1.2555735	2.5991182
-1.8952818	-0.33728647
-2.374513	-0.34264335
-1.3289137	0.03559193
-1.1532493	-0.121768326
-3.4675858	-1.3660712
-4.446855	-1.8011549
-4.407045	-2.0030022
-4.31726	-2.245895
-4.0628934	-2.283823
-3.8081636	-2.275467
-3.4667773	-2.2804139
-3.3194165	-2.3711956
-3.2845352	-2.2605186
-4.4830713	-2.8196995
-4.051064	-2.6258428
-4.2747087	-2.7952123
-4.631672	-2.7847347
-4.9906282	-2.8049512
-4.84572	-2.6265838
-3.964979	-2.2847407
-2.390832	-1.432194
-3.9600368	0.785825
-4.7023573	0.39182162
-3.5665846	0.82937074
-1.2105227	1.7629542
-3.4188972	0.012674138
-5.0907006	-0.2697782
-5.044082	-0.6451552
-2.379499	-0.46924192
-1.21626	-0.3184818
-1.1176069	-0.390666
-2.00525	-1.0209296
-3.199515	-1.5813668
-3.7821014	-2.19722
-3.6797554	-2.1829665
-3.4820225	-2.188626
-3.1221325	-2.1379528
-3.045679	-2.2112863
-3.1245155	-2.072467
-3.321726	-2.166035
-4.0186567	-2.726913
-4.462307	-2.8116581
-4.839064	-2.7931845
-4.880154	-2.700221
-4.5093007	-2.4442456
-3.7344022	-1.8484399
-1.8976017	-0.7080757
-2.70883	1.0153964
-4.2413964	0.59570026
-5.374748	0.22899954
-3.7149587	0.933934
-1.7096593	1.7163107
-2.7313192	-0.7015977
-4.453719	-0.5421477
-5.784039	-0.2087255
-6.2296953	0.4102992
-5.148452	0.52942973
-4.8683414	-0.18484667
-4.6650376	-0.8800452
-4.128701	-1.1450994
-2.6648476	-0.9930148
-1.1342998	-0.7840264
-0.87218577	-0.9755945
-2.8838477	-1.7586563
-3.288253	-2.1289883
-3.28009	-2.184653
-3.1667762	-2.1716611
-3.2253783	-2.127672
-3.1048832	-2.1164422
-3.2962952	-2.3052635
-3.6993077	-2.4865859
-4.4942737	-2.7456524
-4.405433	-2.8462522
-4.046184	-2.855548
-4.164073	-2.666681
-4.6082397	-2.6260931
-5.0827327	-2.5178273
-4.882704	-2.166462
-0.46353	0.34757516
-2.534019	1.7213978
-2.0937784	-0.6383757
-3.3692396	-0.6171911
-4.7212863	-0.4622904
-7.219238	-0.35551915
-6.9194136	0.087962024
-5.191656	0.39955848
-3.8396137	0.19361097
-3.3485231	-0.46106002
-3.0520217	-1.2178494
-0.8597013	-0.98387814
-0.9945483	-1.1982979
-2.4816234	-1.6976603
-2.7478473	-1.9971942
-2.7912452	-2.214605
-2.7817044	-2.2812126
-3.0551662	-2.3255978
-3.2488163	-2.2451
-3.187676	-1.9640665
-3.574313	-2.265519
-4.414722	-2.693934
-4.165029	-2.34232
-4.4736786	-2.302136
-5.129336	-2.1325006
-4.875954	-1.5229262
-3.9307709	-1.0983819
-0.2112939	0.34408846
-3.585192	1.1108457
-5.9682975	0.2994529
-6.0508885	0.5051197
-2.9460602	1.2486155
-1.417426	0.64123785
-2.7522004	-0.2271792
-3.421793	-0.6244743
-5.094783	-0.73724484
-4.981533	-0.5859359
-2.8280509	-0.94865906
-3.2090828	-1.1878122
-3.8204525	-1.5014411
-3.5029821	-1.5595746
-2.5957153	-1.5855362
-1.8512089	-1.6279817
-2.2205007	-1.6920781
-1.9790673	-1.6346428
-1.8481026	-1.7608864
-1.9606738	-1.8652014
-2.548526	-2.0453606
-2.9362257	-1.9496208
-3.0802996	-1.8707106
-3.085511	-1.8673522
-3.4599347	-2.132835
-3.8338633	-2.4251325
-4.2296133	-2.6971939
-4.236296	-2.3431578
-4.251434	-2.1291802
-4.4588356	-2.2025003
-4.912187	-1.4786489
-3.8980637	-0.957977
-1.8849666	-0.35910195
-4.7647643	0.92710894
-6.6829658	0.263772
-7.361433	0.07980858
-6.4885154	0.62391144
-5.7940135	0.4169098
-5.0260067	0.18869793
-3.730308	0.18377115
-3.1274502	-0.93318635
-1.8529112	-1.1123165
-2.6554189	-1.3677123
-3.1763308	-1.8809463
-3.266907	-1.7453101
-2.8367214	-1.8353924
-1.8451447	-1.8553348
-2.1670053	-1.9039047
-2.0965002	-1.5901077
-1.6441606	-1.3731792
-1.3014421	-1.2792481
-1.2736092	-1.3038151
-1.7203468	-1.3203574
-2.0210867	-1.2517859
-2.2162714	-1.2894331
-3.20173	-1.8992294
-3.7094736	-2.4039989
-3.9981275	-2.5418892
-4.2472644	-2.5226388
-4.157006	-2.2266884
-4.064864	-2.1711059
-4.2590213	-2.1166055
-4.3313904	-2.1274292
-4.6494546	-2.2086024
-4.7055607	-2.0570178
-4.9493566	-1.7053714
-4.5635076	-1.4834802
-4.128793	1.3899693
-5.9669056	0.58377737
-7.7945313	-0.011362568
-8.334395	-0.23531984
-7.8362837	0.10860233
-5.790556	0.5519158
-5.710133	-0.23003554
-5.6710067	-0.57334125
-4.6850023	-0.64762676
-0.4809395	-1.3307054
-0.0625845	-1.2662431
-0.2717886	-1.3288797
-0.9454986	-1.6724651
-2.3562653	-2.1834393
-2.4726734	-1.948891
-2.159767	-1.742438
-1.8451148	-1.7807499
-1.087288	-1.8676262
-0.89886016	-1.8944774
-1.3170868	-2.142231
-1.1595491	-0.9485793
-0.73158836	-0.30883965
-0.60547554	-0.18592195
-0.50722766	-0.15850061
-1.3655754	-0.76065457
-2.5764887	-1.4647541
-3.7815876	-2.1272497
-4.1825995	-2.2560554
-4.2822123	-2.2438796
-4.747465	-2.334395
-4.8639235	-1.9306738
-4.9349236	-1.8009126
-4.7844806	-1.6963438
-4.1079082	-1.5691065
-3.6714349	1.419635
-5.2865434	1.156842
-6.5854497	0.519595
-7.742632	0.07184489
-8.062386	-0.18685341
-7.5411963	-0.057371274
-5.1180205	0.13742661
-4.622617	-0.25952896
-4.4249883	-0.6291019
-3.9432786	-0.9693354
-1.581856	-1.3517123
0.07008766	-1.3686115
-0.21436106	-1.643549
-0.8654514	-1.940804
-1.1244917	-1.8794491
-0.7067738	-1.8256377
0.5748711	-1.6661866
0.5797048	-1.733754
-0.22141942	-2.1263812
-1.464223	-2.3095105
-2.6177487	-2.1451573
-2.3522413	-1.815875
-1.9664289	-1.3305593
-3.0426135	-1.7830813
-3.4596875	-1.9593998
-3.806503	-2.2912192
-4.429919	-2.227336
-4.8420734	-2.181563
-3.312899	-1.3160515
-4.14273	1.2351192
-5.8856254	0.8658176
-6.857946	0.33177698
-7.5151353	-0.07719052
-7.005289	-0.33773646
-5.9243484	-0.2849835
-4.4797945	-0.37613624
-3.7329628	-0.8212732
-2.2638419	-1.495544
0.63294494	-1.5124791
1.1588081	-1.3039438
1.6659507	-0.85998726
2.1463919	-0.53369296
2.0573084	-0.6331661
0.9352085	-1.2470301
0.1607172	-1.5036435
-0.14604118	-1.5123521
0.15496142	-1.4656276
0.3571172	-1.698508
0.3977072	-1.85433
0.6165039	-1.9254899
1.1250004	-1.5038729
1.7644587	-1.4189448
1.8433132	-1.4281605
0.9608468	-1.8938248
-0.8574823	-2.2756479
-2.605536	-2.5227199
-3.2811735	-2.4565084
-3.235906	-2.2333076
-2.941495	-1.2404468
-3.0598457	-1.7044837
-4.028482	-2.4153578
-5.0064435	-2.2802637
-5.0725384	-1.9787334
-4.6978884	-1.9308772
-4.230956	-1.662076
-4.7387276	1.1281061
-6.767348	0.08529207
-6.7778735	-0.22782195
-4.447768	-0.74022466
-2.879112	-0.7737477
-1.2285578	-1.4167522
2.5562544	-1.2074823
3.064577	-0.830469
3.1337202	-0.27368474
2.7568262	-0.3944847
1.7346253	-0.76036364
1.2412372	-1.123358
1.3209451	-1.9001377
2.8133492	-1.0966852
2.0320585	-1.4815553
-2.0046122	-2.267867
-3.3750484	-2.2929392
-3.7792044	-2.2082233
-4.4744415	-1.5197363
-4.653221	-1.1703509
-3.7604978	-0.8395379
-1.1270646	-0.38808697
-3.4775467	-1.7922618
-4.78974	-2.4426014
-5.126844	-2.0067155
-5.0290494	-1.8377696
-5.020905	-1.9499949
-4.94343	-1.9919264
-4.619562	-1.7351854
-4.6165285	0.94121087
-6.175658	0.005838543
-5.065642	-0.5981683
-2.4737298	-0.71595836
-0.30846265	-1.6662976
2.0620477	-1.4871851
3.6397479	-0.85868406
3.7195175	-0.45783025
3.6522095	-0.40636283
3.7282462	-0.32412097
2.7190835	-0.41722238
1.2167716	-1.1964984
1.8373196	-1.5736033
2.1681073	-1.2997897
2.593602	-1.188858
2.6293743	-1.1453208
0.965318	-1.6693923
-2.3057632	-2.036472
-3.1448348	-1.9997642
-3.6699872	-1.770462
-3.757309	-1.3835391
-2.9084187	-1.5545354
-3.6521635	-2.0373297
-4.349647	-2.5051556
-5.0586004	-2.4969156
-5.0881743	-2.3199866
-5.107877	-2.0890243
-5.0465784	-2.0864532
-2.5070548	1.7548063
-3.226327	1.6817927
-5.2074323	0.7058745
-5.4658995	-0.102741584
0.09553188	-0.88516533
0.47082326	-1.2808108
0.7810376	-1.6721642
1.5727212	-1.5554984
3.9139385	-0.9693991
3.9589243	-0.59114814
3.6789021	-0.65840167
0.91611916	-1.039736
1.1134402	-1.1340871
1.7848008	-1.1926792
2.5261433	-1.231023
2.714328	-1.0968865
2.4211237	-1.1563398
1.90126	-1.2125522
0.42945275	-1.421927
-0.8813486	-1.6269034
-1.9467416	-1.7686706
-2.5006225	-1.5385841
-3.2150598	-1.3748596
-4.4026856	-1.7656235
-4.177714	-1.7331645
-3.0976684	-1.1357067
-1.620516	-0.35212097
-2.3273458	-1.2765878
-3.5225148	-2.1068723
-4.419511	-2.6317673
-4.6634173	-2.5101876
-4.8147345	-2.3344097
-4.6785827	-2.0609298
-4.360733	-1.7711036
-3.7173846	-1.500093
-1.4653934	2.2694225
-2.0366206	2.0715683
-2.9926472	1.7400007
-5.064273	0.11330086
-3.1517618	-0.94683665
-1.3721436	-0.9773165
0.6449494	-0.7684094
1.681427	-0.9110101
1.9150822	-1.3603687
3.7103848	-1.1758715
4.174968	-0.90706635
4.3042884	-0.8514052
3.7172148	-0.6955747
2.9034758	-0.46916696
3.8695803	-0.20074764
4.035639	0.057050794
2.809718	-0.47417465
1.5626001	-0.9910147
1.0443863	-1.2933915
1.1053187	-1.3303919
1.7140875	-1.2164965
2.4874353	-1.1017308
2.5941617	-1.03015
1.956874	-1.263683
0.8985115	-1.4797133
1.1794027	-1.2893718
0.9594162	-1.3046398
0.2410889	-1.4917558
-1.1302218	-1.4510503
-2.0326087	-1.5747426
-4.414074	-2.018965
-3.747301	-1.6991124
-2.4237013	-1.0069991
-1.7249252	-1.5138644
-3.0533845	-2.2585733
-3.8570964	-2.3234658
-4.2004223	-2.0156033
-4.231362	-1.7513136
-4.125949	-1.6716415
-3.6515315	-1.6525307
-2.492466	1.6748998
-3.14265	1.7532779
-4.6545086	1.6155125
-5.098275	1.3793935
-6.023365	1.0681095
-6.0811567	1.2829971
-4.4442587	1.6910048
-4.160856	0.4304858
-5.113155	-0.0140708685
-4.432782	-0.50820607
1.4694316	-1.259748
2.8667433	-1.1591084
3.4903867	-1.08486
3.9473271	-1.1158899
4.4817157	-0.9351924
4.881073	-0.8124383
4.6398883	-0.5610181
4.101376	-0.5344835
3.00974	-0.6112723
2.0640922	-0.7218092
3.0232759	-0.21412049
4.2187076	0.05069247
4.492775	-0.0021254197
3.9000459	-0.15472256
1.687208	-1.0263168
1.4787571	-1.2483635
1.6384538	-1.212262
2.1747987	-1.0371333
2.542692	-0.8434456
2.1823163	-0.96041507
1.2028209	-1.3454398
0.6352995	-1.4461383
0.40039176	-1.3573642
0.24335104	-1.270997
-0.5532726	-1.4932433
-2.8593307	-2.0019114
-4.363136	-1.9622699
-2.5881758	-0.86489695
-0.99730605	-0.13772425
-1.6370772	-2.6843994
-2.4644775	-2.2711158
-3.2418969	-1.2928675
-2.6184423	-1.2698832
-2.0258675	-1.3486899
-1.8268738	-1.3906916
-1.3254775	2.2611287
-4.359629	1.4620315
-5.0753484	1.21925
-5.015532	1.1131686
-4.8547873	1.4154701
-4.8816504	1.5856373
-4.8019605	1.8264112
-4.7223268	1.7273301
-5.344959	1.584475
-3.9250925	1.8980513
-3.9084518	0.02716332
-2.1857386	-1.8656979
-1.285943	-2.1349735
0.053510778	-2.1071715
1.7243208	-1.620448
4.406733	-0.6140996
5.3517714	-0.2939481
4.446573	-0.27731162
3.172633	-0.44044447
1.5680869	-0.7626771
0.46493784	-0.9486253
0.53790206	-0.72701734
1.3092844	-0.41203192
2.589522	-0.17743173
3.3997157	-0.34964007
2.3304932	-0.84260774
1.8767968	-1.0157589
1.5380101	-1.1919409
1.3976727	-1.244081
1.61813	-1.1339291
1.130511	-1.2646241
0.44175774	-1.4841249
0.07658623	-1.4447169
-0.59637237	-1.7630247
-2.9761548	-2.1749628
-3.8560953	-2.2121031
-4.338553	-1.9145378
-1.9155314	-0.5282621
0.88019633	-5.0424013
-0.086961776	-3.7677836
-2.2355978	-1.4386361
-1.9550818	-1.1228971
-1.3988377	-1.2822615
-2.940709	2.2236373
-3.2892604	2.0367513
-5.121392	1.5236495
-5.779052	1.2018894
-5.5401845	1.0293909
-5.3286295	1.1263032
-4.8418646	1.6095566
-4.02375	2.0856154
-3.910936	1.9347601
-5.1350493	1.7066301
-3.636975	1.9815332
-4.0857882	-0.49983564
-1.4877721	-1.5957322
1.3524193	-2.019915
5.8841033	0.12952262
5.755163	0.10306361
4.535988	0.07361617
2.9697964	-0.058385283
1.2893295	-0.4384219
2.0480158	-0.39068067
2.316676	-0.49744654
1.7507895	-0.86134267
0.70428085	-1.1200683
0.39094815	-1.0697969
0.41587922	-0.9873347
0.52620685	-0.9978874
0.580227	-0.93451303
-0.047983993	-1.4677297
-0.4757091	-1.6443553
-0.22962745	-1.5469631
0.18908851	-1.5502013
-2.011816	-1.9088932
-3.7636523	-2.1557972
-4.76507	-2.1154552
-4.2746363	-1.6321558
-3.4396706	-1.1818209
-2.5551324	-0.87495273
1.8478113	-5.0342755
2.6000717	-7.477943
2.759003	-8.794083
2.7543566	-8.927143
2.563013	-8.222031
1.8935187	-6.8001204
0.6457575	-4.95815
-0.48611742	-3.1034322
-4.4529715	1.9754865
-4.3418193	1.9937605
-4.793607	1.7365167
-5.176361	1.4177061
-5.4922967	1.3173299
-4.8784275	1.551065
-3.4807181	2.113425
-3.1796417	2.0751505
-4.578221	1.9500555
-3.3980832	2.0139375
-2.3177416	1.0878594
-4.390485	-0.3425926
-4.3249006	-0.93472666
-2.651501	-1.1734983
0.84265757	-1.7981557
1.781072	-1.8619283
2.705593	-1.6643883
4.700191	-0.49609986
5.331917	-0.003556177
5.892346	0.26473758
6.197839	0.43171504
3.5889463	0.0670941
2.1471088	-0.27265412
0.79618186	-0.8010075
0.93213457	-0.6515076
1.4303246	-0.44228
0.6062973	-1.1470333
-0.7811426	-1.4283535
-1.1228646	-1.3581871
-0.82459956	-1.0873666
-0.6860201	-1.136961
-0.30444485	-1.880326
0.23266512	-1.8427099
0.085170925	-1.7940769
-0.71874744	-1.6947259
-1.89685	-1.6868113
-3.2874033	-1.9734408
-3.8075526	-2.2131696
-4.419318	-2.4200377
-4.857934	-2.2053494
-4.18211	-1.7101865
-3.5441222	-1.7294117
-3.048104	-1.8180853
-2.3812406	-1.9939506
1.2522333	-6.5551834
2.5300562	-9.278672
2.9658816	-10.136689
2.3257024	-8.148354
1.3879906	-6.078803
-4.1601157	2.1506352
-4.007983	2.0835695
-3.8131993	2.051866
-4.1939974	1.7857788
-5.2567844	1.3950347
-5.0032945	1.3958943
-4.530441	1.6668417
-3.6459095	1.8846825
-2.986609	2.12072
-3.5542376	2.1170495
-4.187033	2.031284
-3.4421396	1.9113643
-3.6603115	0.98440504
-4.2538323	0.5866614
-4.329798	-0.12106467
0.6077976	-1.3619497
2.1725066	-1.3322707
3.1158395	-1.3490671
3.7610834	-1.236369
4.366311	-1.0070225
4.9729466	-0.2771712
5.51839	0.09841942
5.493935	0.32060438
4.586011	0.14000352
3.5219765	-0.09455173
2.6373854	-0.35215104
1.81118	-0.56167907
1.6544112	-0.57641214
1.6393698	-0.595473
0.6282809	-1.093463
-0.64876854	-1.5355638
-1.9746176	-1.6697919
-2.0663211	-1.4995971
-1.8342408	-1.4051385
-1.7140563	-1.3684435
-2.0185258	-1.4043927
-2.234544	-1.5118089
-2.081181	-1.5535295
-1.7880783	-1.7216694
0.2795409	-1.8623651
-0.3581759	-1.6448976
-1.2465422	-1.5928725
-2.421867	-1.8009953
-5.1666026	-2.4463043
-5.3181677	-2.2358873
-5.0706563	-2.250637
-3.1506531	-3.4507415
1.2282658	-7.56677
2.6457157	-9.420479
2.68953	-10.489439
2.9578152	-11.126593
2.9650226	-10.861359
2.2836854	-7.1655335
1.7618582	-4.610436
-3.8726547	2.0519915
-3.6948028	2.246735
-3.3617015	2.2072384
-3.2523277	2.0593019
-3.7866795	1.6661656
-4.495219	1.5500221
-5.0357757	1.4186629
-5.2104077	1.28883
-5.773575	0.96172965
-6.3546047	0.89719224
-6.202086	1.1291049
-4.91753	1.6179038
-3.5037124	1.9770579
-3.4528337	2.1107826
-4.0640783	1.9595141
-3.5066378	1.3039902
-3.404125	0.22268216
-3.2692173	-0.7761595
-2.7353632	-1.3921348
2.2084606	-1.0518792
3.4339478	-0.88522816
4.3473296	-0.8983077
4.337727	-0.9388003
4.2093945	-0.8140588
4.7387853	-0.24025321
5.4320726	0.13760003
5.729774	0.23098588
5.414866	0.21131411
2.1235137	-0.987484
2.3675327	-0.69449854
1.9783604	-0.7958989
0.83481526	-1.2344755
-0.33206916	-1.5029855
-1.0009605	-1.4845675
-1.0223823	-1.4127831
-1.5732826	-1.5315998
-2.765581	-1.7891623
-2.5828273	-1.8397992
-2.4147086	-1.8131857
-2.2059982	-1.7623622
-2.0396013	-1.7583418
-1.0288762	-1.8014627
-0.11270568	-1.9079939
0.5949453	-1.9159281
0.24974555	-1.9074435
-0.40500858	-1.7129879
-2.5623555	-2.0667224
-3.9478254	-2.4129076
-5.1266527	-2.4898167
-5.3598475	-2.4444585
-5.103007	-2.6481123
-5.05334	-2.5650973
-2.3042629	-3.6160262
0.31151083	-5.3723207
2.185388	-7.5199003
2.705504	-10.836444
2.9431603	-11.552528
2.9985423	-8.289002
2.3126388	-6.164463
-3.7142687	2.181703
-3.3312407	2.3480034
-2.8583574	2.267515
-7.0200415	0.8666294
-6.9071345	1.0888739
-5.570947	1.5656009
-3.6752827	2.088987
-3.360486	2.1295617
-4.1292305	1.3909374
-3.8302038	1.1253635
-3.277605	0.40351155
-2.5311472	-0.46155295
1.141511	-1.4349799
4.637892	-0.6370033
3.746131	-0.92701167
4.789946	-0.25275326
5.2348075	-0.011302687
4.9285583	-0.031156152
4.05996	-0.34008372
3.0107815	-0.7228246
2.2652612	-1.0682939
2.5821848	-0.77282923
2.826232	-0.55540925
2.4556968	-0.71072614
1.5189843	-1.07771
0.63351625	-1.1883249
0.43815205	-0.7627344
-0.8137684	-1.10203
-1.9236319	-1.4275265
-2.5515547	-1.6298026
-1.9370865	-1.6254126
-1.858078	-1.6960891
-2.1965282	-1.724761
-1.7274513	-1.71876
0.057246104	-1.8230096
-0.5662564	-1.7627599
-2.0787299	-1.7877007
-4.588959	-2.2970233
1.7804261	-6.9599853
2.9162502	-9.669085
3.1911187	-11.616423
3.4014516	-11.564531
3.4789646	-11.2923975
3.5485036	-10.36276
3.4851868	-8.474418
3.1168687	-5.816575
-3.4034786	2.1843264
-2.4599907	2.2616606
-5.4732447	1.1314167
-6.1519313	1.0720791
-5.7573657	1.3773565
-4.883547	1.741024
-4.1169653	1.9950888
-3.54915	2.1124048
-3.2662873	2.1716316
-3.3035116	1.7646918
-4.0631943	1.4080573
-4.263648	1.0758175
-3.616729	0.58488214
-0.46788323	-1.8219284
1.218023	-1.7605605
3.0914881	-1.2505363
4.2816553	-0.7754724
4.9507947	-0.36060447
4.8615313	-0.38138533
3.5279143	-0.9275934
3.8163557	-0.5953731
4.572024	-0.09196891
4.663216	-0.14172989
3.8328638	-0.40405992
2.9927726	-0.7691105
2.520939	-0.9499066
2.4391136	-1.0600036
2.4493515	-0.72295195
2.0399556	-0.815237
1.1984959	-0.24033985
-1.3161833	-1.0345677
-1.3518987	-1.1637062
-0.31332344	-1.0209
-0.12569334	-1.0860901
-1.2567465	-1.2367849
-1.5308027	-1.6347257
0.103599966	-2.2205696
0.15037206	-1.9064261
0.095992595	-1.70323
-1.7067206	-1.6974672
-3.3472948	-2.1693966
-4.8631487	-2.310882
-5.113133	-2.3174622
-4.180524	-2.266984
-0.6558976	-3.4181268
2.8394692	-9.821096
3.513011	-9.653657
3.509926	-8.78729
3.5998323	-7.5647097
3.4085417	-3.0559428
-3.3796198	2.2973526
-2.1562388	2.1431699
-2.99421	1.719778
-4.1560063	1.4591917
-5.0286283	1.6040629
-4.351296	1.823505
-3.878487	2.002373
-3.5119004	2.0738132
-3.3627872	2.1635587
-3.4096735	2.0089118
-3.9526253	1.6434579
-3.861657	0.72395307
-2.956621	0.022267934
1.3886155	-1.6459657
3.1860974	-1.3062769
4.559444	-0.81599146
4.8096356	-0.26587635
4.4589815	-0.4229809
3.8950033	-0.6035749
3.5875657	-0.7624319
3.5995116	-0.84560645
4.4645443	0.07528426
4.813899	0.2140316
4.348484	-0.10930414
3.6610048	-0.3654818
2.9870198	-0.66970223
1.4597304	-0.6365115
1.2755156	-0.8236301
1.8234028	-0.7666334
1.3758813	-0.5281774
0.44282913	-0.36807904
0.031584367	-0.18365093
-0.6741761	-0.43697146
-1.2952448	-0.6163331
1.5588632	-0.35480496
1.82826	-0.4821276
-1.135547	-1.7718221
-0.21021816	-1.8252745
0.23378792	-1.4131967
0.39733988	-1.219682
-0.41900533	-1.4651054
-1.6444443	-1.7045423
-4.9064293	-2.158564
-4.945017	-2.1014135
-4.5871134	-2.2701077
-4.1216073	-2.1882105
-1.7035435	-1.976297
0.18526363	-3.4931397
1.1146749	-4.8400636
2.0946734	-6.2350745
2.8963757	-8.073985
3.210224	-6.8470607
-3.0851562	2.0797
-3.1868768	2.0625722
-2.882381	2.1055317
-2.1822784	2.1379051
-2.504826	1.9223046
-3.7279763	1.6226279
-4.9560933	1.4283743
-5.270483	1.4910079
-4.7034283	1.6461152
-4.013668	1.8628654
-3.8490374	1.9074026
-3.944271	1.84199
-3.8362627	1.8373518
-3.695139	1.7307489
-4.2625437	1.4153618
-4.4323335	0.9726734
-3.695232	0.43683267
-2.6116366	-0.35689804
-1.2582202	-1.2067236
0.23138945	-1.5967087
2.2103698	-1.5384612
3.7682085	-1.2412907
4.7658396	-0.5812013
4.3564086	-0.6256308
3.8367896	-0.70065004
3.4815187	-0.8090541
4.436703	0.11278249
3.246163	-0.31532708
2.6098096	-0.5850723
1.648978	-0.55284894
0.43883672	-0.6744523
-0.52720076	-0.88104564
0.83584577	-0.9856118
1.4952497	-0.72116154
0.976058	-0.64314103
-1.0080485	-0.4724803
-1.0355129	-0.41686752
2.3673124	0.1442105
-1.2604306	-1.3025807
-1.2085011	-2.028624
-0.4312145	-1.2962831
-0.98657006	-1.4429557
-3.5223994	-1.8671632
-4.123184	-1.9277964
-4.419901	-2.1051464
-0.7830855	-1.635442
0.06550719	-1.6448758
-0.3003412	-2.121176
0.5353978	-2.9447334
2.1607013	-5.1467915
-3.1538112	2.0695376
-3.5730574	1.7065675
-4.76247	1.511046
-5.5186524	1.5476413
-4.1559534	1.7471435
-3.5456774	1.8312774
-3.8343008	1.6463537
-4.171639	0.84581345
-3.5758765	0.08156186
-2.481416	-0.73352164
-0.98905236	-1.5322993
0.854068	-1.6150247
3.8769238	-1.2197627
4.6616797	-1.0054648
5.056085	-0.65705645
4.925672	-0.708444
4.5582585	-0.6587066
4.139748	-0.66909134
3.9162755	-0.69606274
4.0277276	-0.6165458
4.416717	-0.324403
4.76985	0.1340472
4.7994766	0.3332542
4.37519	0.26757294
3.5201468	-0.016575739
2.6246924	-0.39123037
0.438485	-0.60187495
-0.49278143	-1.0182452
0.29759613	-1.0755099
1.1218314	-0.68417126
1.0367324	-0.60856766
-0.4512813	-0.22026464
-0.061909124	-0.2647684
1.1121341	-0.01501175
2.4847453	0.13401821
3.2286756	0.19352037
0.037034623	-0.91784847
-1.9689988	-1.8266523
-2.1096637	-1.9551442
-2.2218113	-1.8624463
-1.8173077	-1.4514515
-2.126307	-1.5641454
-3.5597088	-1.549224
-3.8472202	-1.4002079
-4.1040115	-1.8967954
-0.96400064	-1.3583804
0.39955673	-1.1272715
0.23633848	-0.93296057
-0.7453827	-1.0930929
-2.2189422	2.0330532
-2.505338	2.0217025
-3.177061	1.9771123
-4.2859	1.7032545
-6.088087	1.4152665
-4.3359156	1.7959942
-3.6788852	1.7176497
-4.0635147	1.3866197
-3.04967	-0.2551736
-1.7888218	-0.91998565
-0.30433172	-1.5846882
1.3689	-1.6918663
3.3517535	-1.5569007
3.8629923	-1.497237
4.315275	-1.3724236
4.740515	-1.0131433
4.707824	-0.9923353
4.1571064	-0.80253804
4.2087927	-0.7010382
4.440969	-0.48139665
4.639116	-0.00690151
4.0826917	0.038775615
3.2787976	-0.19269791
1.9805485	-0.79576546
0.85802907	-0.7406136
0.19125958	-0.84761006
1.2955496	-0.4764345
1.2617399	-0.074567795
1.8636912	-0.3317137
-1.8343511	-1.4901779
-3.4767504	-1.9718708
-3.115087	-1.63629
-4.277714	-1.3264308
-4.144153	-1.4701343
-4.105026	-1.7245462
-4.162559	-1.8733699
-3.368374	-1.7831581
-1.7725766	-1.2188967
-0.08780471	-0.7446059
-1.8073214	2.1393044
-1.8440986	2.1611989
-4.6770153	1.6722798
-6.196494	1.4672465
-5.5996227	1.7735547
-4.6583133	1.8245461
-4.039118	1.862608
-3.7900283	1.859467
-3.4471521	1.6164246
-3.5947154	1.445315
-4.201315	1.3243914
-4.622677	1.1414189
-4.2738743	0.68829036
-3.474456	-0.016252324
-2.1974134	-0.7895947
2.7526877	-1.3382821
3.637216	-1.2059758
3.820772	-1.4519784
4.294148	-1.1431993
3.6584046	-1.267864
3.4976897	-1.028465
4.202271	-0.5820686
4.1726675	-0.02869618
4.2514787	0.0043499917
2.3720531	-0.75591165
1.9327126	-0.58198804
1.4096539	-0.5772162
1.2465382	-0.5828308
1.3022851	-0.35836577
0.87014455	-0.37952557
1.1795623	-0.15972532
1.0631137	-0.15429598
0.7829156	-0.4312516
0.31232667	-0.98996097
-0.85613006	-1.2680537
-3.1607473	-1.4676452
-3.616458	-1.6180267
-3.7906892	-1.5849614
-3.9716318	-1.8348806
-3.705225	-1.8160477
-3.4621882	-1.8472013
-3.5409853	-1.7510974
-4.158178	-1.5560122
-4.4599843	-1.4227761
-4.606133	-1.1690209
-4.6206455	-1.1446751
-4.5979195	-1.2199669
-4.3908887	-1.4558072
-4.013684	-1.3558059
-2.144847	-0.87849283
-2.274542	-0.87180686
-3.3535633	-0.7469252
-2.267945	1.887827
-2.0642285	2.0149858
-2.332352	1.9387736
-3.2615924	1.8882761
-6.456411	1.3379027
-7.0783587	1.3174791
-6.2716084	1.5652356
-4.4555297	2.053819
-3.181911	2.1321828
-3.2189999	1.9267309
-3.2627013	1.7926881
-3.5144265	1.3247355
-3.9512136	1.0515182
-4.551331	0.8669721
-4.901106	0.6812398
-3.906165	-0.5025457
-1.9281373	-1.1382153
0.27892455	-1.5653305
2.0957363	-1.6584659
3.2664382	-1.4386626
4.242856	-1.1172622
4.145195	-1.2454656
3.8431642	-1.32556
3.0536265	-1.5753905
3.0844083	-0.989897
3.5691917	-0.71114093
3.689296	-0.6150925
3.802524	-0.34506857
4.1805325	-0.06415719
4.323142	-0.0072385967
2.206576	-0.48752433
1.9039853	-0.45719633
1.5845165	-0.3281593
1.2208493	-0.33106214
0.8172885	-0.4496016
0.5477973	-0.74170244
-0.11480956	-0.72267115
-1.4137107	-1.118945
-1.7703991	-1.4102955
-2.0784218	-1.653501
-3.3674097	-1.708957
-3.911672	-1.5711099
-4.072098	-1.6519496
-4.174204	-1.9803494
-3.833423	-1.691679
-4.078996	-1.482157
-4.8334193	-1.3721166
-4.6246576	-1.2401764
-4.169865	-1.1365006
-4.397727	-1.1829363
-6.27997	-1.0221997
-4.7403746	-0.45349598
2.585285	-1.187154
-3.3392525	1.798162
-3.8928292	1.5495801
-6.4219737	0.976803
-7.5341315	0.800657
-7.1560526	1.0105885
-5.3799815	1.5582781
-2.3076196	2.2377782
-2.7806554	2.0214565
-3.3079207	1.6658789
-3.9570177	1.0278392
-4.421042	0.60936755
-5.1590667	0.3087669
-5.3896255	-0.19808733
-2.4646714	-1.5201759
3.4154134	-1.3755997
3.8226664	-1.198081
3.879826	-1.1507418
3.8708193	-1.2846742
3.6543167	-1.3989677
3.0191069	-1.1192656
3.2170043	-0.88477135
3.2699788	-0.74800575
3.5677598	-0.39669955
4.881461	0.19962697
4.365798	0.24363744
3.6237462	0.023768656
2.824908	-0.27910355
1.6656039	-0.48704678
1.0685649	-0.46852925
-0.24207617	-0.7561257
-0.6342428	-0.98236716
-1.1381345	-0.95916754
-3.1078765	-1.3319994
-3.0989714	-1.6718948
-3.3879719	-1.7424529
-3.6596012	-1.6230912
-3.9484966	-1.5656937
-3.926865	-1.6677763
-3.9944644	-1.8818972
-3.96966	-1.9806608
-4.039072	-2.0757449
-4.0623384	-1.9006429
-4.0513916	-1.83307
-4.067879	-1.509204
-4.077433	-1.4330477
-4.4878273	-1.3063201
-5.064217	-1.4074173
-5.0695343	-1.4170994
-5.357555	-1.3396689
-5.5296865	-1.1270933
-4.9911613	-1.1351997
-7.2987742	-1.1563071
-1.6823409	0.11110085
1.089848	-0.62957263
0.9728641	-0.77709305
1.7232932	-1.2381613
-3.898632	1.698074
-5.245801	1.1505957
-6.59945	0.8017402
-7.256578	0.6438383
-7.3915133	0.8174574
-6.281442	1.0831217
-2.2015755	2.328338
-2.5602705	2.1082509
-3.3839374	1.7305133
-4.416028	1.080498
-5.197609	0.59936
-5.9512653	-0.17186679
-5.484259	-0.94616896
1.2928668	-2.333576
1.9457097	-2.0897782
2.5928242	-1.7594563
3.1543934	-1.428266
3.5343776	-1.3353213
3.9576976	-1.29571
4.167517	-1.1946089
4.108065	-1.117101
3.843978	-1.0533726
3.54499	-0.7050999
3.8391902	-0.42357233
4.236888	-0.29983848
4.6277456	-0.10147332
4.6577897	0.15188903
4.326339	0.25734624
3.5237508	0.009844802
-0.33378667	-0.7311063
-0.37193936	-0.82319915
0.11856252	-0.73968863
-0.0803996	-0.82450527
-1.0461135	-0.98492134
-2.261891	-1.4082143
-3.0650637	-1.3304086
-3.6480107	-1.2892368
-3.8690617	-1.4519317
-3.8705778	-1.4615393
-3.5443034	-1.9552662
-3.7509363	-2.0326784
-3.9269698	-1.8381119
-4.1619716	-1.8352875
-4.297563	-1.5728972
-4.371385	-1.4569664
-4.543323	-1.3247807
-4.711003	-1.4061759
-5.1264086	-1.4477017
-5.501586	-1.0635084
-4.359774	-1.4187189
-4.089265	-0.4273617
-1.3655224	-0.019668736
0.65803856	-0.13019657
0.9946159	-0.690979
0.23699176	-1.0572919
0.760811	-1.2856345
-3.7553484	0.71739537
-3.976179	0.5987094
-3.08729	1.0617357
-5.0227656	0.76050633
-5.5561543	0.8008296
-5.667376	1.1121063
-5.077432	1.4571468
-4.5844507	1.1754491
-6.358769	1.044769
-6.418052	0.98800945
-5.958562	1.1238934
-5.5792303	1.369978
-5.162363	1.4785787
-4.2526045	1.9461672
-3.3655145	1.9532461
-9.39263	0.32983887
-3.4810917	1.1011403
-3.9411044	0.7578108
-5.0328836	1.1370873
-5.3029394	1.4696082
-4.5999403	1.49941
-4.5557833	1.4848765
-5.747275	1.2714106
-5.377727	1.4007502
-4.851148	1.4608014
-3.5834055	2.018197
-3.3819993	1.9706146
-2.699765	1.988678
-1.7493255	1.0257097
-7.8953147	0.13326263
-3.6998181	1.096121
-3.5889244	1.2384222
1.5526423	-6.80736
-4.3505607	1.6444459
-4.7423444	1.8614081
-3.3846853	2.0398602
-3.1577566	2.1133883
-2.713809	1.9840881
-2.2861178	1.5051283
-3.256462	1.5053802
-8.917094	-0.047395825
-3.5123014	1.3118168
-3.4540875	1.4198539
2.3175373	-2.766086
2.1472719	-4.730413
2.6313534	-10.653329
-2.4507542	0.78725886
-5.7983975	1.5151825
-6.5176635	1.560444
-6.0428634	1.4683428
-5.62316	1.6506007
-5.1723676	1.8919748
-4.918658	1.9542146
-5.6580234	1.3331099
-4.52217	1.3205322
-3.5179002	1.8351014
-3.1329708	2.0332284
-3.443893	1.8529342
-3.305711	1.9659389
-3.130829	1.8405477
-4.1051297	1.5005049
-3.95037	1.4597132
-3.147786	1.518987
2.0914414	-5.9834213
1.925514	-9.543325
2.179687	-12.286478
2.1574793	-9.364272
-3.3643703	1.177351
-5.6251016	1.6143215
-5.6104927	1.4413942
-5.4087434	1.4118385
-5.9572644	1.345644
-5.3069005	1.1673698
-4.5557227	1.6375694
-4.9313025	1.2547652
-4.5591574	1.6192895
-4.096763	1.7869451
-3.8815582	1.5482128
-4.3244042	1.5132108
-1.3775036	2.2999268
-3.5573387	1.3403046
1.1657954	-2.7690537
1.2991894	-9.953444
1.4621584	-11.2673
1.8788285	-12.903321
1.8676599	-12.701103
1.8017099	-8.008898
-5.3836746	1.4871848
-5.8603907	1.3685673
-5.2778444	1.4215127
-5.9710736	1.3899593
-5.9028335	1.3381138
-5.997934	1.1675452
-5.0155225	1.5187038
-4.940394	1.1682891
-5.863121	1.1257755
-1.5581079	1.8455305
-6.8299513	0.3670596
-5.1677923	1.0971552
-2.53836	2.0130215
-1.9662365	2.6247575
1.177785	-3.2732527
1.1949829	-13.769461
1.4705166	-13.495385
-5.3276777	1.5036793
-5.4803276	1.6699666
-5.487691	1.3249459
-5.912506	0.97624284
-5.3967423	1.1497236
-6.360332	0.5050974
-5.3369675	1.4180163
-5.37155	1.3421209
-3.859439	1.777556
-6.8524957	0.540776
-2.912866	2.0244
0.8653406	-1.6589417
2.0721319	-9.914334
0.3167479	-14.642367
0.11801273	-15.29548
1.2146622	-13.472428
1.6572455	-12.598048
1.977314	-11.903635
2.163125	-11.780722
-1.0685596	-1.884122
-5.8428116	1.446458
-5.727848	1.66953
-5.372438	1.5868273
-4.731536	1.4596641
-5.0962806	1.294709
-5.4382677	1.2004869
-5.6127825	0.8945188
-5.179439	1.1333253
-4.4678993	1.4380285
-6.287414	0.48071665
-5.170082	1.6332871
-3.934809	1.723
-9.715498	-1.1562934
-7.051245	0.8431437
-4.614577	1.7707824
-2.9491699	2.2124975
1.4234562	-6.7410555
2.209003	-11.662069
1.6953782	-12.249832
2.35116	-11.244215
2.0624094	-10.303349
1.8642104	-8.336241
-4.2506957	1.5595522
-4.810286	1.646189
-5.270664	1.4177084
-5.8254027	1.445631
-6.232785	1.4577107
-5.994652	1.5119779
-4.9198284	0.95580024
-5.0248795	1.2618606
-5.229591	1.6897483
-6.1036654	1.4548621
-6.7112265	0.56869936
-5.5948257	1.7316496
-3.1419933	1.9691584
-7.27105	0.7995555
-6.9721856	1.0808274
0.93225807	-7.2226477
1.2330892	-9.24666
1.8209882	-12.751634
1.8858247	-13.03549
1.4749293	-12.00574
1.2508776	-14.032858
1.5710504	-13.201967
2.2635114	-11.682071
2.6425276	-10.934031
2.4017315	-10.832973
-4.3032026	1.6492307
-4.7944984	1.4159987
-6.3910933	1.4025445
-5.328454	1.0255609
-5.353155	1.4667239
-6.468791	1.0289856
-7.2290444	0.99729854
1.702552	-12.960227
1.5008353	-13.288974
1.9207113	-12.765845
-1.27933	-0.32344702
-4.563158	1.425894
-5.354679	1.431399
-6.3775573	1.2624913
-6.4018974	1.3593819
-5.849267	1.560429
-5.124934	1.4352244
-5.2246437	1.4264349
-5.403585	1.4211502
-6.0341067	1.287001
-5.635695	1.5122261
-6.484901	1.0011015
-6.682158	1.0331963
1.7473981	-12.467259
1.4136324	-13.410291
1.1368153	-13.640908
1.726521	-12.563219
1.9410027	-12.302917
1.585434	-12.387055
1.1088393	-13.961802
2.9338965	-10.648628
2.853836	-10.394949
2.7892475	-10.532942
2.726542	-10.293637
1.9521953	-6.3545623
0.24554807	-2.6092944
-5.4025407	1.3010509
-5.322129	1.5689497
-5.8455935	1.4653437
-6.4245973	1.3759096
-5.9651704	1.4134136
-5.7394	1.3677676
-5.6778493	1.5245922
-6.7864046	0.9009006
-1.5907269	2.647954
-7.511151	0.8219106
-6.8962626	1.0566028
-5.9795136	1.1064268
-6.3605905	1.3822532
-5.8208394	1.4485396
1.4881271	-9.028636
0.9209876	-13.940651
0.9999232	-14.007116
0.77936065	-14.0167885
1.3922911	-12.643416
2.0417783	-10.503411
1.223492	-13.465492
1.5393248	-13.052133
1.9560819	-12.367472
2.3209589	-11.772383
2.934235	-10.48855
2.7302895	-10.289792
-5.125035	1.581364
-6.7135024	1.0684385
-7.0077	0.9994931
-7.0768433	1.1651828
-6.526488	1.2633429
-6.3239846	0.92078274
-6.937795	1.2416658
-6.582758	1.4152083
-0.3643976	-1.0422457
1.0647905	-9.894373
0.596503	-14.528381
0.69308037	-14.0936365
1.3856527	-12.260993
2.2434494	-10.464457
2.9669518	-9.724208
2.629655	-10.073535
1.926146	-7.9710217
0.83590347	-4.863621
-1.141237	-1.6254027
-5.11307	1.6316824
-5.83584	1.3908515
-6.483534	1.233148
-5.943443	1.5389847
-5.343974	1.7611029
-7.2930336	0.7100953
-7.3476677	1.041707
-7.0675235	1.3171597
-5.9937778	1.6086088
1.0930011	-13.403973
2.6325283	-10.028918
2.9313154	-8.825249
2.4467504	-10.380157
2.1166594	-12.4135895
3.36922	-10.407454
3.6370857	-9.559056
3.5266128	-9.092045
3.302565	-8.568827
3.0223658	-9.281122
2.121191	-7.1957684
0.6740436	-3.8366885
-1.4527123	-0.6825168
-5.5927606	1.5847166
-6.4041886	1.4528637
-6.7196116	1.230854
-6.927026	1.0055135
-7.2419314	0.9756542
-7.539838	1.2807444
-7.712147	1.1275177
0.9840119	-13.794876
1.3932483	-13.191905
1.9608548	-12.42009
2.0435393	-12.13977
2.8778338	-9.333177
3.6489296	-8.5562525
3.2171836	-8.829701
2.9417634	-8.37797
-0.43682107	-0.67704403
-4.8335514	1.7486105
-6.0215225	1.5298796
-6.9073544	1.4436846
-7.1038475	1.3033911
-7.4449506	1.4386578
-7.041064	1.2314671
-6.2042027	1.3125896
-5.1969995	1.4671174
-4.160115	1.5823889
-3.1203883	1.9421408
1.3507462	-13.255856
1.4044979	-13.194973
3.2579792	-9.334713
3.220248	-8.793034
3.0047498	-11.015353
-4.1892114	1.7764735
-6.2547507	1.4823767
-7.728202	1.4982316
-3.4199066	2.162491
1.3588295	-11.113721
1.3718274	-13.338405
1.6906531	-13.144334
2.487844	-11.222075
2.7181432	-10.699145
2.8938842	-10.044599
2.3679008	-11.692605
3.5632951	-8.227646
3.1175833	-2.8404534
-7.222958	1.2086122
-7.527561	1.3332548
-6.2292204	1.3724445
4.7732377	-3.7058277
2.5689304	-11.395299
2.5722907	-9.461334
3.6941535	-4.818215
3.6192632	-1.4313
-4.4014072	1.6853533
5.424537	-2.6838715
3.9111395	-7.0897927
3.6981514	-11.034686
1.873342	-12.280353
2.1875718	-11.964492
2.7611732	-10.777344
2.4754348	-10.895275
-2.9935837	1.8181236
2.3204029	-12.686392
2.343433	-13.287531
3.4677978	-11.252419
-0.90655446	-2.688333
3.1193786	-9.90669
2.6822805	-10.687649
2.581201	-10.95676
2.712223	-11.296669
2.6631799	-11.308314
2.4514472	-11.178442
2.2646458	-13.523981
-3.6488917	1.617605
-3.951419	1.6867647
-4.417638	1.6628807
3.0859957	-7.1534214
3.3700757	-4.865658
2.4040682	-12.685691
2.2460446	-13.353097
-5.7587914	1.9624419
3.0040267	-4.8989906
2.4116745	-8.02858
2.2406101	-8.044923
3.4430137	-3.756622
2.9848115	-11.480318
2.8191571	-11.856246
3.8391652	-9.9068
4.963883	-7.393902
-7.926204	1.4144529
-4.8516355	1.887296
-5.087557	1.8565984
-5.7375426	1.5439763
0.7439253	-1.1308775
2.1526458	-2.5360987
2.5537512	-4.0161552
5.992866	-4.7172213
3.8896265	-9.768047
4.657341	-8.762399
4.687357	-8.50686
4.8468976	-8.125018
-8.312181	1.1295195
-5.954713	1.563339
-5.3275623	1.8789122
-6.2308884	1.6214806
-6.289083	1.6105723
-6.5525403	1.6710346
-6.611936	1.7654991
5.4799767	-2.7434871
4.7083507	-7.1055818
4.778804	-7.6514215
5.017885	-8.118392
4.8845515	-8.601257
4.957705	-8.250767
-8.535891	1.0748103
-8.268697	1.1637224
-6.2704697	1.4374899
-6.9178567	1.5240812
-7.0184727	1.5580679
-6.932415	1.5910674
-6.824011	1.5748923
-5.6721945	1.5903352
-3.216482	1.6252681
-0.42803648	1.5587525
2.0357265	1.7916555
3.4375925	-0.14483035
3.436118	-2.30633
4.508712	-6.297203
4.765032	-8.622669
4.87515	-7.9547057
5.509727	-7.103902
5.3846273	-8.150693
5.2590084	-8.301208
-7.9054484	1.2786636
-8.131811	1.1728214
-7.8319016	1.354794
-7.1855927	1.5792987
-7.1087546	1.8120483
-1.3482056	2.434338
3.6897242	-6.2166953
4.7284145	-9.247302
4.8553157	-8.228992
5.526338	-7.321944
5.517278	-8.26496
5.4431767	-8.152014
-8.05024	1.2743037
-6.640217	1.3991386
-7.073374	1.7789978
1.4872658	-1.1416041
3.7326136	-7.1508107
4.6675043	-8.323713
4.4066434	-10.174976
5.3928623	-8.754873
-7.864528	1.5265843
-8.709004	1.4248788
-7.6743913	1.2305088
-6.7733755	1.3657558
-6.409436	1.3724856
-5.8087263	1.5090268
-5.7792554	1.6739725
-3.6466813	2.2782164
4.799709	-8.683871
4.2508993	-9.236325
4.4823112	-8.912564
4.781986	-8.522183
4.5449343	-5.7393446
-7.2981315	1.3508214
-8.193461	1.4416095
-8.719989	1.2077659
-5.7720366	1.5059078
4.855107	-8.293293
4.224316	-10.72457
4.204355	-10.219482
4.0237665	-7.655719
-8.478839	1.1319572
-8.995251	1.1693103
-7.312981	1.1381255
-5.9718537	1.4738873
-4.5177007	1.5778741
4.5994234	-7.9704075
4.3801146	-10.28914
4.215658	-9.262489
3.305852	-3.231814
-6.5549145	1.4162078
1.303825	-1.124961
4.71198	-9.291501
4.4968367	-10.160583
-8.244227	0.9715884
-8.119258	1.1492777
-7.1625075	1.3560085
-6.272408	1.5838375
2.3844175	-4.816209
4.943533	-7.69888
5.0636015	-7.736221
4.362926	-8.700844
-7.0886483	1.1563396
1.1200048	-2.0232508
4.592351	-5.217807
-2.966888	2.4197776
-7.5166526	1.0057596
-3.5066185	-0.64160967
2.3514333	-0.6894709
-0.9781104	1.9038265
-6.8483667	0.8826997
-6.0658255	-1.6888518
-6.885575	0.6089285
-6.4418283	-1.8729799
-1.8739225	-0.27859366
-4.0113106	-0.89716643
-6.260364	-1.7879525
-6.341532	-1.996138
-4.3245134	-0.9675717
-6.0297203	-1.7766393
-4.75994	-2.8272789
-4.114749	-2.2084303
-2.1539898	-0.78130263
-1.858878	-0.51703274
-5.639189	-1.560428
-2.7650995	-1.507776
-2.72425	-0.93920344
-5.7472296	-1.913965
-5.550918	-2.2693372
-4.9414883	-2.6951978
-4.883024	-3.1129518
-1.6211904	-0.93496513
-5.1281047	-3.099429
-5.0019126	-2.9530425
-4.9395223	-2.7916582
-2.9753363	-1.6254232
-2.370245	1.6141256
-4.8923864	-1.8804193
-5.080073	-2.290768
-5.189965	-3.0001354
-4.8862205	-2.602138
-4.895794	-2.5982583
-2.7119243	-1.1046017
-2.6319196	1.5286124
2.7462902	2.9388096
-1.8877338	-0.7035758
-4.660272	-2.2211132
-5.146403	-2.9679723
-5.250994	-2.5834663
-4.4491343	-2.0186486
-5.5300274	-2.8404727
-5.5642066	-2.5679169
-5.13574	-2.236583
1.1732552	0.38310885
-3.1224854	-1.428965
-4.4495487	-2.1784441
-4.84415	-3.0077245
-4.8763375	-3.0570204
-5.8571796	-2.7774365
-5.621117	-2.537162
-5.300556	-2.4594462
-1.9919201	1.7353956
-3.1630733	1.0977852
-3.455302	1.1342533
-2.2206848	1.926319
-2.601991	-1.2515701
-4.1046305	-1.9638016
-4.600432	-2.1060033
-5.446388	-2.4264424
-3.6476426	-1.5342422
-3.5878015	1.0151182
-2.0396926	2.0654986
-4.6725187	-2.3430324
-4.820037	-2.377969
-4.9307756	-2.4577477
-4.667013	-2.7781367
-4.4345922	-3.010455
-4.5994825	-3.0366826
-5.5192475	-2.3373473
-3.435102	1.2236984
-4.039757	0.8130701
1.1291369	0.80521
-1.0822132	-0.30550796
-3.333259	-1.3236996
-4.5729795	-2.6731448
-5.3543077	-2.4136734
-3.9701154	-1.7329953
-4.315537	0.8351576
-2.294792	1.7993958
1.4899695	2.9739714
-3.3932276	-1.2379341
-5.0121417	-2.5803773
-5.2019725	-2.6293921
-4.250024	0.7809676
-4.063376	0.90783954
0.05541028	2.3268514
-4.435831	-1.6775681
-4.5611777	-2.3675318
-4.3343973	-2.5065403
-4.835348	-2.7475626
-4.2533007	-2.313986
-2.652847	-1.6032587
-0.5020992	-0.48898578
-4.1461525	0.8116246
-4.500954	0.65790105
-2.0188422	1.3691201
-2.0102363	-0.23229268
-2.1544259	-0.63532466
-3.1573927	-2.1132207
-3.5593462	-2.1121945
-3.972916	-2.488987
-4.5279183	-2.8164892
-4.7629085	0.4728303
-2.569765	-0.122350834
-4.3930993	-0.04302095
-3.9767144	-0.7537646
-3.583564	-1.8947511
-3.1661968	-2.2661357
-3.3183906	-2.1916556
-3.6655626	-2.4681752
-4.333122	-2.811485
-4.487551	-2.8713782
-5.0970607	0.31450438
1.2937464	2.6428008
-0.3198264	-0.6740674
-3.1694767	-2.1744246
-3.213013	-2.0827408
-4.3731728	-2.664817
-4.0243874	-1.2965198
-2.3795712	-0.5027928
-3.935541	0.8233191
-4.8354683	0.5119916
-5.2948213	0.310727
-5.5941467	0.2805534
-5.6962924	0.3935109
-6.3001814	-0.45012343
-3.836759	-1.2740146
-1.7472662	-1.0521129
-1.9198394	-1.4637872
-3.2769606	-2.012234
-4.0756917	-2.4954424
-4.48519	-2.736273
-4.1286225	-2.5751908
-5.0412493	-2.3301694
-2.3178134	-0.31784007
-6.172923	0.25470483
-1.3496828	1.345562
-3.566745	-0.6865003
-3.822028	-0.6983045
-4.490561	-0.6989116
-3.9928126	-0.49966025
-1.9501399	-1.5939429
-2.9604785	-1.7583084
-4.144979	-2.6371467
-4.3499722	-2.6569176
-4.231236	-2.4276018
-4.602401	-2.2201142
-4.9532533	-2.2813337
-5.0545993	-2.100942
-5.3018837	-1.7034369
-7.1891394	0.29067248
-6.394434	-0.048064142
-6.3104296	-0.049182683
-2.5698395	-1.1964843
-1.545236	-1.0480402
-3.297755	-1.7293329
-3.2679584	-1.5553746
-2.2670348	-1.8668908
-1.941251	-1.9190743
-2.1356761	-1.1550703
-2.7756155	-1.3828579
-4.0705886	-1.9443481
-4.912085	-1.7708466
-3.2207968	-1.0421598
-0.93162745	-0.107101195
-6.701419	0.51218057
-5.5346727	0.2089353
-2.8000221	-1.1200583
-1.4528676	-1.5541226
-1.5155708	-2.0338225
-2.311458	-1.905926
-1.8388929	-1.6224415
-1.377488	-1.287109
-0.8429805	-0.2071622
-0.84265995	-0.31498337
-3.2840781	-1.8960445
-3.7387164	-2.173582
-3.7012029	-2.1391904
-4.747302	-2.198016
-2.6805024	-1.0381707
-0.61902267	-1.6790283
0.88613653	-1.0116347
0.99736756	-0.9943138
0.5418045	-1.227896
-1.2517785	-2.0184503
-0.21995175	-1.8780996
0.30696747	-1.6195165
-2.5882206	-2.2853165
-1.7192684	-0.63180643
-2.191671	-1.2051624
-4.1745934	-2.3045797
-4.7569366	-2.1117258
-4.665746	-1.948055
-4.596909	-1.8234081
-4.3403044	-1.8041074
-1.5067286	-0.35718268
-3.0925846	-1.1525512
-0.94126546	-1.4435431
1.7222002	-0.87275344
-3.0319645	-1.8190722
-0.98589504	-0.44898838
-2.112551	-1.1415145
-3.680041	-2.0232575
-4.362222	-2.3780499
-4.5903435	-2.3305376
-4.9205475	-1.8103827
-2.7990592	-0.9701592
-6.2667847	0.6612168
-6.3124495	-0.518858
-5.554277	-0.6372338
-1.883206	-1.1506723
0.7517993	-1.5589998
1.813651	-1.5389354
3.1722531	-0.48596478
3.007275	-0.29989
0.73331577	-1.0782479
0.5863529	-1.1847161
1.2533371	-1.7162825
1.9037403	-1.4280291
2.7051444	-1.1334901
-3.9874358	-1.8893957
-4.268563	-2.3401492
-4.5131507	-2.3739555
-5.117677	-2.1642196
-5.818608	0.48156306
-5.9520693	-0.3740361
-3.7307863	-0.68281484
-1.4225981	-1.0419967
-0.86907953	-1.4936745
0.71255964	-1.712482
3.0688655	-1.3756213
3.691275	-0.18285416
1.6904123	-0.85025233
2.1915348	-1.442853
-0.7451751	-1.9515419
-4.9702716	-1.4468321
-4.875913	-1.4936501
-0.96168816	-0.33166757
-1.9797187	-0.9392979
-4.811767	-2.7004519
-4.861606	-1.9239736
-4.043886	-1.672192
-5.7835293	0.33929008
-4.5354795	-0.47349656
-0.95081395	-0.6015283
2.428948	-1.4658862
3.3224976	-1.1919124
3.5037172	-0.5448854
3.240197	-0.7257791
4.38603	-0.24656072
4.539283	0.19849983
3.4645677	-0.0024206974
2.0481074	-0.58748406
0.75517285	-1.1778402
1.7046272	-1.3219805
1.3860321	-1.2942773
-3.95506	-1.4822894
-4.6891365	-2.718661
-2.830451	-1.1517336
-1.802365	-0.7929216
-4.434597	1.2474744
-5.671432	0.99917746
-5.743582	1.2370051
-4.2055006	1.6435918
-5.1747136	0.46178347
2.9873695	-1.3727121
2.9773524	-0.5717344
4.7992854	0.08467396
-0.62145877	-1.4965196
-4.002885	-2.1159115
-3.6975875	-2.4749718
-3.276055	-1.6405232
-1.8983755	-1.1553705
-0.5579481	2.53062
-1.4751698	2.1235292
-1.9263082	1.8787439
-3.998809	1.6407083
-6.7213573	0.85264724
-3.5378087	-1.2727298
-2.3297186	-1.614457
-0.5682669	-1.6521707
2.0056627	-0.50523305
2.9413702	-0.41109687
2.1254306	-0.7820371
-1.7181654	-1.7656128
-3.7835524	-2.2065399
-3.8843598	-1.6127911
-2.9907875	1.8852483
-4.9062204	1.4660547
-5.582321	1.2517864
-5.9567947	1.2421534
-4.057833	-0.5241628
5.0660596	-0.41145402
5.280667	-0.33880424
3.2096364	-0.30987787
2.9765322	-0.5631726
1.9505568	-0.84278196
1.8565919	-0.87654257
-0.035673924	-1.5048019
-0.08954463	-1.3400296
-1.9189683	-1.9842837
-4.441445	-2.164373
-3.289519	-1.2292211
1.5741318	-5.6413145
-1.3695804	-2.2338612
-2.4274018	-1.0621816
-4.0297008	1.7872587
-5.9075055	1.0306851
-4.397451	1.7860737
-4.163359	1.8261203
-4.8920016	1.6985912
-3.1024573	-1.0125026
-0.5498479	-2.1548433
0.22405817	-2.2224174
2.8542116	-1.3942509
4.266078	-0.6416666
0.13331124	-0.8213104
1.2716095	-0.50293165
0.85253525	-0.7199546
0.43558207	-1.1169846
0.03260489	-1.6415846
-4.4525733	-2.2836742
-1.1158398	-1.6389987
-1.2305012	-0.9319886
-5.542297	1.2922157
-5.41115	1.3228276
-4.4095488	2.0459983
-3.5661988	0.8487559
-4.0124393	0.33260435
3.7810912	-1.1251593
5.032008	0.2948408
1.2051721	-0.5462683
1.3889159	-0.67859375
-0.9382911	-1.2213761
-0.66790247	-1.1966993
-0.70784515	-1.182585
-0.80433017	-1.2927122
-2.6985526	-1.8250638
-4.7407994	-1.9526204
2.7823534	-10.360532
2.976346	-9.516598
0.5226551	-3.7738757
-4.063528	2.0958076
-4.819078	1.6666877
-5.308435	1.4875066
-5.2079844	1.3372394
-2.5715692	2.1228032
-1.8693299	2.1484826
-4.312338	-0.81657684
-3.6080587	-1.2872
-1.6758022	-1.3144761
5.959472	0.3056887
1.9630338	-0.6171858
-1.4857929	-1.8756647
0.4001493	-1.790811
-2.9314969	-1.9183732
-3.5226824	-2.2930992
-4.502305	-2.4332702
-4.783075	-2.407189
-4.365776	-2.4295404
2.7924936	-9.408666
-3.8953497	1.9916646
-3.231444	1.9443729
-2.6970286	1.9859861
-3.59331	0.8138305
-1.4826932	-1.5327592
4.4779606	-0.10823686
2.3702176	-0.8356656
-1.0355381	-1.3456392
-2.3910584	-1.6837089
-1.4734999	-1.6448936
3.1535192	-11.687849
3.3504004	-11.236876
3.2221558	-10.161898
-2.883596	1.9487827
-3.5627599	1.5522286
-4.310441	1.3984491
-4.7762847	1.3215327
-5.2127757	1.2192885
-6.177973	0.92271614
-4.1397734	1.9465501
-3.651704	2.1521745
-2.9120302	2.0438907
-2.9086711	1.8526478
-3.5553253	1.6639694
-1.9045525	-1.3460602
-0.66589797	-1.6588234
2.699435	-1.0338322
3.8046858	-0.6986531
4.46273	-0.49858987
4.786959	-0.51350874
3.709017	-0.89148057
4.042632	-0.64642614
0.38410872	-0.97563124
0.16870674	-0.8891489
-2.3205106	-1.6659768
-0.8941855	-1.8403153
0.20435031	-2.0121596
0.29454273	-2.1303596
-0.6848122	-1.5786537
-3.687564	-2.220221
-5.188698	-2.3185613
-5.601744	-2.3693728
-5.3812337	-2.3604546
-4.907863	-2.566496
-2.9901521	-2.4987166
-0.4010833	-4.049082
3.0550904	-11.579958
-2.8620234	2.3485465
-3.085731	1.6451169
-4.549025	1.2266355
-2.561431	-0.2785289
-1.6259075	-1.249154
4.831805	-0.44902277
4.4672956	-0.51544213
4.042574	-0.71043414
3.647117	-0.9541564
5.0543203	0.07835707
2.2713127	-0.69064397
1.3135197	-0.40860325
-2.025952	-1.3804883
-0.37267542	-1.9298414
0.119721234	-1.4124904
-0.5538522	-1.5769573
-5.3456917	-2.3881733
-4.6746006	-2.4680514
-4.6795125	-2.5081122
-2.7726243	-2.2220142
1.1190398	-5.759204
2.4373543	-8.194475
3.0306053	-10.675514
3.166152	-10.872031
3.3429036	-10.476773
3.6326892	-5.6366096
-3.015788	2.3209007
-2.5194438	2.2806218
-5.236168	1.3107975
-5.540714	1.4083616
-4.0197024	1.95123
-3.7271433	2.0238307
-4.276286	1.2294399
5.025787	-0.42120707
3.512836	-0.9755056
3.890119	-0.39954752
2.2103388	-0.579416
2.006413	-0.6537378
-0.24637033	-0.22091044
-1.4345785	-0.706589
-0.14915235	-0.47177833
0.07355197	-0.927318
-1.9402461	-1.3888805
-0.5884853	-2.044276
-3.0199106	-1.9955672
-4.162039	-2.0428774
-2.9586244	-2.0552063
2.5865493	-7.5645175
-3.4497292	2.0235937
5.164629	-0.65470785
5.0619545	-0.5200164
3.5445647	-0.85952884
3.8963017	-0.5256603
4.7235065	0.40806198
-0.4612658	-0.45881647
-0.5368034	-0.3720315
0.30888855	-0.07853671
-0.27956712	-0.83763844
-1.0783405	-1.914206
-0.58195335	-1.5556867
-2.8391607	-1.8429539
-3.9636624	-2.059935
-2.4173717	-1.9548967
-0.2050406	-1.6641097
-2.910136	2.1752732
-3.2607048	2.0851204
-2.6625986	2.0237038
-2.3857923	2.0959182
-5.2921705	1.7321973
-4.7130356	1.8624038
-4.2647095	1.882798
-3.953063	1.6850291
-3.6791337	1.728779
2.7008274	-1.3921438
5.025535	-0.89105344
2.126526	-0.69124943
-0.49184278	-0.8133656
0.2854963	-0.6596211
-0.41325662	-0.67441463
-0.542291	-0.42026955
-0.26528764	-0.17305654
-1.3934098	-1.4657125
-1.9721513	-1.5803088
-4.072979	-1.4557519
-4.193927	-1.6030543
-3.8021908	-1.8963608
-2.5310352	-1.8245634
-0.6701294	-1.1487135
-2.740808	2.0015402
-2.6899045	2.0806844
-2.7297578	2.182411
-5.493616	1.4426997
-5.7629786	1.4953295
-4.926925	1.7335413
-3.8293507	1.705879
-3.681885	1.688746
-3.7687209	0.4219308
2.693321	-1.564609
4.5114923	0.16438073
1.5175683	-0.64780354
0.45862126	-0.90080625
1.1364092	-0.54289097
0.7698696	-0.5760187
0.41736025	-0.55130845
0.886325	-0.19468954
1.1653626	-0.22078145
1.2568854	-0.3732435
1.4619085	-0.30626884
1.1970266	-0.6312261
-0.48938802	-1.1728063
-2.6491873	-1.7075359
-3.3138878	-1.893218
-3.784455	-1.5246695
-4.2034483	-1.4640505
-4.1968603	-1.3712629
-0.0836318	-0.86843944
-1.5929098	-1.0709012
-2.0097854	-1.0136874
-2.1412706	2.1517575
-2.532673	2.182043
-3.4038286	2.099558
-5.8163466	1.494397
3.833025	-1.3055731
4.017743	-1.3564777
3.9128964	-0.75018376
4.0729804	-0.5551702
3.9336674	-0.34568563
2.4878595	-0.75369656
1.1716481	-0.31724083
0.6383201	-0.49201486
0.45860285	-0.5492725
0.62825394	-0.7632404
-0.027628098	-1.1593064
-2.2259946	-1.4857162
-3.1169748	-1.0334789
-3.5533817	-1.0379736
-4.758215	0.19798861
3.9583964	-1.2302946
3.893717	-1.2227299
3.4729102	-1.4449229
2.7601788	-1.313865
3.110016	-0.33428
2.8579552	-0.44250628
1.5438584	-0.29784405
0.41407955	-0.6609921
0.3453916	-0.6558879
0.54725933	-0.64615
-0.8187616	-0.86284155
-2.6005325	-1.6815989
-4.1744704	-1.6825582
-4.27997	-1.9113225
-4.9204373	-1.3939373
-4.7795525	-1.3962717
1.738883	-0.5693082
1.694054	-0.6614486
1.6676723	-0.6765393
-5.096948	1.3025281
-2.029863	2.3409522
-4.8671737	0.48434383
-0.0068432996	-1.8026054
1.8982931	-1.7691555
3.870063	-1.1219513
3.280118	-1.4767835
2.9296265	-1.2878814
4.2054377	-0.18137848
4.8966446	0.045305163
0.7869609	-0.397659
0.35710895	-0.62804854
-1.9705902	-1.0904692
-2.7690725	-1.2181226
-3.132477	-1.5593281
-4.8147655	-1.3372808
-5.264697	-1.3755391
-6.3185506	-1.5569353
-5.0849013	-0.29071638
1.428306	-0.49292606
0.8688794	-0.9090136
-4.259843	1.5214374
-5.507379	0.39651626
-3.7313466	-1.7401487
-1.3868222	-2.1564808
0.28653103	-2.3333442
3.5882132	-1.0781424
3.516306	-0.90847343
2.4537225	-0.30042163
1.1970567	-0.6269147
-2.8975935	-1.4013708
-3.3178594	-1.2355833
-3.9558513	-1.3870049
-3.8210123	-1.4575908
-3.8026419	-1.4344386
-3.5966442	-1.578891
-3.4791586	-1.8458772
-4.6535597	-1.1133853
-4.097634	-1.2717781
-5.284471	-1.1632843
0.03796368	-1.2313566
1.4873312	-1.1421751
