0 13 3250 28
2 9 2250 22
2 10 2500 28
2 6 1500 15
2 5 1250 11
2 14 3500 48
2 3 750 4
2 6 1500 16
4 5 1250 11
4 9 2250 26
2 12 3000 47
4 6 1500 16
2 14 3500 57
4 7 1750 22
2 13 3250 53
2 5 1250 16
4 20 5000 69
4 9 2250 28
2 11 2750 46
4 5 1250 14
4 19 4750 69
4 8 2000 26
2 8 2000 35
4 5 1250 16
4 17 4250 71
4 6 1500 23
2 6 1500 28
2 7 1750 35
4 2 500 4
4 9 2250 38
5 7 1750 26
4 8 2000 34
4 8 2000 40
0 26 6500 76
2 13 3250 32
4 4 1000 4
3 5 1250 12
3 10 2500 33
2 11 2750 40
2 11 2750 41
1 10 2500 43
2 6 1500 22
2 7 1750 32
2 6 1500 26
2 8 2000 38
4 7 1750 32
2 6 1500 35
4 6 1500 28
4 6 1500 35
