38.38564	-101.932076
-19.383406	3.7867754
29.808094	-103.26541
32.5127	-100.121025
-6.7062182	-36.53668
25.661875	-100.105644
74.10517	55.48197
-17.002249	38.085587
21.209322	-49.95193
21.89486	75.58557
23.05363	-98.77513
21.503008	-96.87902
15.145247	-83.59278
20.752392	-97.84984
-51.407753	-40.893513
-15.820409	-25.101173
2.7818122	90.38716
2.57384	64.67067
-34.0424	-34.780556
4.285149	1.3168558
72.99055	60.97656
15.405806	-86.492325
51.531197	72.86236
72.86522	59.939056
6.083803	14.348113
-53.665897	-42.31127
1.8817832	0.81913036
90.56414	41.244427
41.73554	-103.71024
29.985659	-100.21368
-62.034115	-53.941677
-37.747284	15.361137
-48.085056	-83.59103
-83.71508	33.919167
-15.865213	38.57778
-28.410437	20.662643
-33.900093	-34.24497
-44.502514	72.18212
-24.897943	-59.126266
28.373499	10.692234
9.005827	5.6535826
43.202297	-104.084595
28.562237	7.918135
-3.5065339	8.1234665
-61.88828	-56.23683
10.967027	-2.8948798
-30.54239	-56.184906
7.7410326	73.02382
30.502174	-58.92279
-47.329838	-43.440983
-47.310425	-43.656704
-54.96772	-67.91189
-62.182552	-55.759468
10.052053	-1.7672958
-22.258636	-52.818222
25.643719	-76.79281
81.57985	48.84766
-19.56706	-27.555527
-61.559494	-30.924606
-59.593548	-52.30243
25.57199	-97.741035
33.830265	-98.712715
4.1372437	-1.3448089
-16.5333	38.4945
-84.59363	33.487995
-47.464043	-41.523273
-50.767776	-18.136332
-44.31971	44.697712
23.96839	64.080536
-49.268276	-15.652691
-70.48245	-22.531591
-50.82081	-77.87084
-48.40933	-82.93691
-15.204481	78.68861
-43.28606	-32.983406
-11.94087	-27.38983
-76.43066	39.869526
-81.09163	34.112488
-61.26723	-28.652142
68.54647	64.86494
68.219505	7.4992337
10.642437	6.802513
23.881283	13.796163
-32.428734	-31.763573
71.076904	53.198147
-15.540709	-21.373125
-14.019024	-34.77222
-16.082851	-21.391348
2.6034932	92.2324
-64.38139	-52.244564
71.68923	-3.8181148
-35.95576	-32.082405
-4.388727	-52.296326
12.949466	13.591411
26.118826	-101.24942
-29.419893	-56.319324
-50.741486	-77.287605
-62.598354	54.11669
1.8442084	72.80707
-56.20777	66.015045
9.694064	-1.7440277
29.741608	-98.91713
-10.431676	-57.94653
-75.79502	39.061203
-11.335864	-35.760715
-21.89639	-24.021255
-42.332294	56.658146
-32.92106	69.74012
53.300537	-100.900925
58.581314	-97.696915
11.93826	-2.6026518
58.977295	-97.954445
60.25542	-97.15418
28.590153	-100.056564
56.830463	-47.190117
65.979836	-19.693813
50.870255	-100.759125
54.037727	-99.55171
45.534668	-100.59331
58.6824	-97.2804
73.90369	-64.35876
52.61351	-101.13381
-31.511112	84.71294
-60.181133	49.505886
80.89546	49.33672
26.403719	-78.021484
39.311543	-103.06974
45.543865	-100.497154
46.155994	-102.53552
49.78705	-100.59697
57.566868	-98.209946
65.869545	66.693085
69.56535	7.468931
31.600414	-99.00245
45.812374	-102.66782
42.609314	-104.65171
41.9552	11.458857
24.811665	-60.33033
56.12187	-98.991
49.59169	-101.333855
51.356686	-100.648964
2.568161	65.96035
25.166157	63.3297
34.364376	58.77516
52.86545	74.404236
8.964758	0.9774909
26.359024	-93.53293
50.187782	-103.75612
73.70506	55.52545
21.719688	-90.31741
44.10138	-104.676056
28.866848	-99.08962
-28.987162	25.954288
42.356518	-100.614555
11.56898	-79.06145
64.64769	66.53825
-8.617689	-51.81771
17.951706	90.48308
-42.900528	-33.582607
18.061094	91.14825
-63.001476	-63.935944
-17.04083	79.42972
-14.569782	-39.80126
38.4882	-103.659164
24.830273	76.757195
2.7625344	66.099106
0.9726509	67.353516
27.82006	-71.581894
28.857246	-61.24917
18.74022	-86.57386
25.7991	-79.901634
8.7874775	1.1286409
23.57615	-90.88044
-24.258312	32.464504
1.5159076	15.220045
17.527573	-3.6704721
5.1751204	4.877953
18.438526	12.057228
15.920493	17.058676
42.964096	24.138475
-7.033543	-26.397781
-45.89639	-26.690582
-68.15527	-34.90454
-61.987118	-25.379395
-59.986088	-16.35465
-52.686947	55.474655
-64.94138	-45.313465
-73.52562	-43.89943
-56.038593	75.87749
-74.357796	-50.763866
-67.265564	36.84627
-76.33743	29.381783
-47.35527	-83.23744
-34.050884	7.298544
-31.151855	17.772459
-23.100708	0.40270725
-23.520882	-0.29393122
6.330666	0.6843908
11.25333	9.185378
21.003855	24.688286
21.489798	25.197014
39.58302	13.2049465
35.7078	23.093008
45.80687	26.178854
60.54495	0.74678177
65.83853	21.704582
55.72101	19.997204
11.939653	-68.88748
19.441004	-59.219536
10.56955	-61.718903
81.09605	-3.9037964
11.490055	-44.050095
10.649484	-45.640984
-5.089827	87.92561
-3.1762295	78.54071
-49.85779	-11.614588
-23.448517	80.21705
-25.81221	82.809616
-45.16647	-12.571826
-49.132347	-12.376954
4.48661	84.522835
-24.667828	81.46146
-56.759743	-15.860011
-29.14812	-24.256466
-33.961815	82.96078
-49.67278	-15.562292
-48.398254	-15.977792
-48.935932	72.7135
-52.675434	55.266552
-48.900406	74.21046
-73.05442	-71.87021
-75.26161	-42.396355
-78.342926	-40.50389
-58.994465	-64.9605
-55.5823	73.94874
-56.8467	48.86359
-57.48518	-65.72221
-76.364586	-53.07708
-51.77126	-85.645935
-65.55965	46.77421
-85.24879	22.300438
-15.134784	0.87058425
22.021097	14.476293
28.617323	12.458741
39.83093	13.059197
42.330933	15.919066
51.084656	19.83632
52.9165	10.543566
10.68322	-70.99041
61.49537	20.583912
9.424424	-42.95826
-6.1965613	87.468666
12.53834	-39.629456
79.99123	-19.304567
8.818359	-40.432556
13.212095	-38.863583
-6.547125	-26.727451
-19.187845	-31.893269
-5.666899	69.48357
-27.271553	-21.833054
-1.2847835	84.05508
-4.1390285	-35.02319
-4.41074	76.37959
-18.938686	-26.729439
-4.449627	-34.965378
-9.566137	-26.52817
-1.6488173	73.33537
-10.067872	-26.620445
-11.02615	75.916664
-28.082783	78.22272
-45.38526	-13.406524
-59.428314	-11.620277
-60.660637	70.04874
-59.55801	50.031544
-75.20581	-24.432613
-84.37502	-37.696663
73.72036	-68.63911
-54.481674	55.3558
-58.44392	43.071476
-64.37639	40.55931
-66.33756	37.445633
-58.4194	75.81295
-73.18608	36.210987
-52.217346	-85.20092
-54.187637	-81.22101
-84.4631	23.241512
-12.531278	9.486761
-26.605705	12.583229
-14.746071	8.353912
-15.806123	7.064245
-2.710095	7.97293
7.4833474	10.351577
7.9926195	13.574343
14.012889	18.536455
14.042015	10.455736
16.297516	12.125613
18.328371	23.584505
58.906338	20.319197
-1.150308	-28.797138
81.91613	-8.832196
0.7810492	-53.28819
-3.434724	-26.637186
-3.9757838	-31.103024
65.218956	-33.015705
9.6436	-50.16098
2.7392852	90.64239
-13.409716	-21.32021
-16.727938	70.207146
-22.390333	-31.618084
-35.04747	-32.068783
-11.928056	76.00425
74.143234	-51.079815
73.32115	-56.952793
-60.835686	-27.225826
-28.304039	74.06814
-49.862553	71.782936
-48.935905	68.9652
73.89204	-68.27926
-61.40096	65.092285
-60.57742	70.50639
-73.193924	-54.449978
-73.337265	40.853306
-73.39876	-69.50177
-70.69391	-70.66254
-60.311428	-77.08871
-76.45947	33.385853
-73.556816	37.01167
-83.30971	35.55176
-78.85815	33.08296
-84.46221	22.457485
17.549803	-3.7236452
4.352685	19.694195
15.237908	20.005093
16.391546	20.481457
16.860077	19.260448
19.465654	23.288147
16.879917	81.187225
-27.49515	-21.404692
-28.452469	78.434105
8.674243	88.536545
-24.585138	81.718834
-61.055298	-27.5921
-62.065662	-14.845435
-58.201378	52.399975
-76.84773	-69.7156
-48.657898	72.06996
-57.364567	71.023445
-73.19406	44.92621
-59.44736	-77.872574
-63.13271	-75.95626
-74.231514	-74.44837
-64.03836	40.267845
-53.385838	-72.844025
-0.45881724	1.0453857
-2.698962	8.426967
3.7134843	14.637383
8.290177	8.681186
9.591946	8.402353
15.8032255	11.109295
14.175939	6.4299345
36.539448	25.480825
63.82726	5.3420396
78.701645	-18.118256
66.0926	-19.185194
62.98098	-31.08925
79.31643	-15.136083
-1.8482999	-39.4222
59.21103	-48.88662
74.70935	-37.59219
-27.346922	82.4104
-61.862488	64.546844
74.393616	-51.65788
69.66176	-46.893986
-50.361984	-26.80992
-51.719154	-28.401196
-67.93596	-34.050102
-64.4437	-73.06497
-70.59488	-70.93452
-62.5359	-63.4646
-48.145386	74.339455
-52.441116	71.41926
-73.79187	-66.197105
-76.39803	-39.080093
-60.311756	53.68471
-76.36812	-36.459137
-74.42777	-71.108826
-70.57073	-67.18332
-55.70624	71.55863
-76.15765	-41.22481
-71.36706	43.40531
-71.374405	43.974514
-53.02121	-81.359726
-59.346325	45.80848
-82.49427	27.20431
-52.7588	-73.66063
-83.58866	26.990133
-38.490868	13.711429
20.27329	-90.79311
10.744916	-70.20756
4.175779	-21.734821
5.1032553	-21.701105
13.271079	-58.85889
-19.136007	87.06375
-68.15292	-34.944992
-64.452965	-34.113613
-33.55697	82.94533
-67.44364	-34.09981
-60.473675	-30.603598
-80.35503	-34.55643
-70.04326	-72.32142
-71.66583	43.807728
-49.997097	-81.2231
36.434597	24.582458
41.45236	15.473399
62.86262	14.725427
81.1229	-18.1152
81.68144	-22.569654
78.61782	-18.75318
70.1126	-53.709236
3.5088038	64.98867
63.26225	-33.832928
10.240474	-50.20648
-2.4565737	-32.788704
-24.06737	-36.242676
66.80322	-45.31015
-25.847803	-29.65731
-19.575037	-39.598957
-27.38908	-23.463385
-30.073294	-28.845718
-7.4838414	-32.62696
11.205893	63.04824
-61.859295	-26.626839
-39.008694	77.327614
-42.36362	-15.880853
-43.931095	-14.758681
-67.78963	-22.41702
-78.011635	-23.374882
-68.69795	-39.523064
-61.64904	-15.388872
-48.632275	72.13271
-51.528248	71.56845
-71.2062	-22.729172
-54.80292	63.356533
-68.37197	50.47766
-50.212666	43.14876
-56.45707	48.947926
-73.97932	43.558964
-70.57496	30.495314
-28.012465	1.0924498
-20.628002	1.793055
11.851343	1.7498397
-1.2954557	10.583736
14.632757	17.73794
13.210384	10.51336
40.785572	11.5632105
11.462502	-60.9579
11.918545	-48.813377
-19.463758	-27.83185
-49.412525	-11.361172
-70.48922	-71.27718
-34.280853	26.607908
17.532562	12.84971
29.424078	7.100302
41.367203	13.03392
14.797374	-44.30562
18.737926	-59.000683
4.498323	-30.953003
75.84133	-31.314838
-15.124336	62.963303
-12.954336	-27.444311
-11.04562	76.460175
-60.722683	-76.1894
19.49184	-99.65254
26.84845	-58.29302
30.156076	12.066744
29.416811	-98.86536
-34.621117	-33.82506
-25.928082	20.376463
38.869137	30.067093
60.56734	1.0073867
61.526688	16.167784
25.370409	-99.935745
20.306318	14.788665
-21.071007	-23.904488
16.938936	90.58199
-26.760756	3.3651483
54.622185	-99.777916
-55.156483	-60.3973
-50.867943	-77.03715
-79.05366	29.659462
26.39773	-101.18265
52.173534	-100.56024
-7.834934	40.9457
-28.87149	52.49337
21.58258	-80.09513
4.0059066	6.774122
17.213863	-86.02327
91.12053	41.189434
-47.737354	-42.555374
-30.782572	-55.356544
10.674383	-2.215362
32.01895	60.979904
-45.469086	-30.147058
-48.819195	-43.16716
-62.805813	-68.94217
-54.421207	55.387005
-56.15324	-68.40681
-21.549572	-40.788548
21.760645	75.05926
13.660482	-42.468594
31.025524	19.881716
37.382027	22.637499
83.79043	47.18717
36.300552	19.78463
2.8791	91.968925
-18.01699	-23.215523
31.740782	-96.115364
-32.313923	-36.716232
-5.558965	-49.175
-48.5919	44.30518
-22.974205	-39.145573
-62.20765	-55.263485
-83.21353	35.975723
72.7711	58.787537
-43.61781	44.475574
18.32095	63.206123
-53.973698	-80.800476
59.647247	-97.69122
59.434834	-96.88387
60.207066	-96.55609
25.039747	-80.31493
72.76564	-67.790985
74.87577	-58.567924
52.94011	-5.133163
47.465984	-104.13677
29.749374	11.7633915
49.627712	-99.03157
63.03028	-47.094177
41.78755	-104.50496
60.860657	-12.404945
71.98371	-70.213554
-13.573891	9.519002
20.768711	63.007042
24.76699	-66.5067
25.583166	-97.236626
-8.729752	-51.751816
22.519022	-87.404564
-31.4622	-55.38578
-72.08493	-68.96021
-45.364536	68.64597
-75.811356	-22.88883
29.030035	64.52477
3.2574058	66.51632
31.234596	-63.2858
-46.92745	67.20628
25.24963	-91.3308
48.20615	26.193344
11.570115	-67.32424
56.36193	-46.76317
-26.100965	-43.3937
12.677544	-38.672764
-5.163609	-30.880268
-2.1463523	77.07704
-68.498886	-31.23171
-27.725248	78.09238
73.47183	-71.3585
-66.080124	36.980083
-29.042992	25.75107
17.283695	11.816672
28.951712	17.79765
21.758919	-58.98436
82.98237	-17.772093
9.402752	-41.068974
10.637411	88.1476
-5.5057235	86.7488
-24.26957	-30.591799
-41.805096	-15.567028
-39.062714	78.31973
-8.85434	82.26619
-15.162474	78.672424
-46.55582	67.94031
-54.9932	76.83078
-58.01339	53.34632
-34.52163	82.35937
-75.46819	-23.954012
-60.374878	68.8701
-69.81105	-72.96697
37.96715	22.579937
32.299965	23.094292
58.639824	19.99216
51.684067	15.212132
70.02669	6.807193
73.274185	-0.8683943
13.709776	-42.860657
7.2877493	-44.908573
10.398647	-37.886963
-3.5632808	69.44696
-25.44665	-21.171541
3.1507256	85.156746
-23.068472	-22.295835
-25.072073	75.46548
-56.080902	-13.055028
-24.951502	80.75604
-45.696354	-21.209328
-78.47915	-45.55157
-40.163544	73.15487
-75.46143	-34.903534
-71.32332	-22.365067
-47.42567	67.42565
-67.08481	-19.246788
-71.830505	-38.689316
-32.73986	79.80976
-54.994865	68.38589
-75.293335	-52.58455
-76.184006	-66.58301
-69.52304	31.182095
-62.282852	-78.16234
-51.596863	-86.07308
-14.869931	0.13688907
6.2167907	4.6445627
21.522045	15.105277
42.569004	17.197922
12.361309	-46.74205
69.55883	-52.007343
66.9546	-33.619087
64.20176	-46.997963
-1.4076406	75.35824
-0.9197942	84.5075
65.4166	-32.942055
-11.912089	-27.147827
-11.676801	-28.25468
-68.628204	-35.57379
-28.1753	82.5806
-44.880943	69.98301
-76.43154	-38.785816
-58.59948	54.749855
-57.137886	51.253345
-76.186226	29.977562
-51.680153	-88.20675
-17.377773	36.91609
-24.877985	10.3831625
-27.008463	4.499829
5.4528866	3.5627508
8.411167	14.423572
43.083656	20.567684
58.548187	20.275051
12.058619	-67.345116
13.619966	-38.17047
9.079959	-41.251118
-28.158373	-29.025772
-55.368694	-14.464319
-44.373486	-24.255156
-35.672382	77.98302
-42.117847	72.99497
-64.08611	37.933697
-62.010612	69.39635
-69.9143	-72.94027
-69.07137	31.16377
-28.883526	7.906463
-13.679303	6.3359795
30.104437	26.185915
69.97533	-55.901073
-5.703115	69.88804
-24.57567	-29.5106
-48.398453	-22.651426
74.733406	-37.902824
74.11411	-51.863995
-58.871872	-32.45721
-37.406445	-18.225008
75.27866	-64.57627
-35.307068	83.12896
-59.688686	-34.67684
-33.709026	74.909096
-70.97875	-37.666447
-70.6835	-23.307348
-52.44891	54.584194
-71.368095	-39.906075
-70.064674	-21.499437
-67.58368	-40.190796
-71.29008	-54.30025
-41.96457	68.93589
-68.24125	50.589596
-75.747444	-51.741184
-37.50913	50.90708
-4.776195	-27.107082
4.853325	-30.223085
-2.5952413	83.55198
-66.58955	-34.635906
2.6092885	94.61394
-58.067883	63.590683
-80.59805	-31.749067
-60.355694	58.5582
17.801252	11.787409
50.375336	16.523445
63.431713	14.688508
56.797302	23.593418
81.44063	-18.043375
68.29655	-37.20687
-25.549109	-29.437492
-15.472558	-25.828136
74.48909	-57.57982
-34.662792	69.92323
-34.08638	74.53282
-41.376614	73.0541
-33.87011	81.86696
-33.22389	78.82092
-73.85607	-69.655205
-72.79555	-54.622723
-31.055878	76.32702
-50.96804	67.52567
-84.500435	-38.951397
-64.6269	48.415733
-71.37365	44.600456
-16.669312	36.68598
29.716557	24.999048
10.397155	-53.811302
52.171585	72.252106
-18.732851	-33.113937
-13.64701	-27.009314
11.97612	2.6073906
31.827217	11.690212
42.47846	21.864368
9.961708	89.23152
-67.53153	-22.873116
-36.436176	69.713715
-75.13903	-70.81758
66.268456	66.76758
-25.092127	-60.697487
-52.91069	56.085785
-42.57902	-19.028765
68.168434	65.05743
16.911583	-86.22582
76.084694	55.498497
-35.088158	26.22969
19.473001	88.761215
0.7728263	70.880424
83.839424	-14.219539
32.15342	-65.67971
-13.423952	-20.916315
-49.280846	-81.7253
-3.429465	-25.742687
-7.2977467	41.018078
41.77149	76.94349
26.239077	-74.20299
41.38136	-104.671234
-10.844624	70.08206
-59.176197	-55.187187
26.859407	-101.48188
-60.455864	-54.873413
45.18942	8.705997
42.400322	6.1461396
-77.84645	30.497461
-42.39961	-25.17953
74.11646	56.452095
-32.8853	6.8967996
-40.801575	77.579666
-13.707761	-20.871199
23.285833	-90.12417
-5.359209	-54.068527
-7.0255246	-47.66371
-51.53729	-42.480625
-80.4601	30.894634
68.84893	-64.25848
53.42226	-100.968376
62.559547	3.6724977
53.332653	10.098248
26.384808	-77.447334
55.000763	-99.01276
32.408344	58.62279
-82.90366	38.470886
20.621107	-98.45455
52.106808	-100.51996
23.075161	-98.80144
45.40028	-102.83349
41.758804	12.910723
54.112503	-98.99441
68.63073	-64.99601
91.00036	41.368652
-70.66346	-48.35671
31.042171	-102.86408
11.010514	-3.00114
25.451033	16.099539
10.6422205	-61.71866
67.17915	66.31413
-13.99436	61.555897
-7.5245667	-26.802538
-28.988909	-24.714703
-38.205914	-19.364279
-33.342686	82.14612
1.1961349	0.69088775
7.119981	10.341995
63.166733	19.861315
62.95369	20.164831
12.829645	-39.92831
-82.95328	-37.153973
-72.28095	36.995514
16.346733	12.093295
46.830074	20.744076
77.73262	-3.7052965
1.5966232	86.966576
-30.551458	75.71726
-44.89903	69.62382
-73.7094	-67.382645
-73.11124	-68.13371
-66.06929	44.158978
-76.776825	32.132828
-66.78792	37.355312
-73.18501	33.86733
2.6049752	6.0522337
13.8274355	10.460318
71.38031	-37.170944
73.10656	-49.23486
-26.613726	-34.660583
-73.80987	-50.40745
-67.79451	47.423927
-49.13296	68.99029
-76.13512	-52.82822
15.388755	20.331955
31.936691	12.749174
57.256435	71.385376
-1.6659279	-28.973612
12.411793	91.29766
-55.876957	76.19842
-42.939133	-23.890337
-79.008095	-45.474186
-73.927734	-43.700462
-47.580666	68.92701
-60.306416	58.42141
61.46796	13.444517
60.510986	15.43569
82.3621	-15.200717
11.69618	-39.82515
9.905916	-45.666386
7.7464223	-45.119793
70.948044	-52.296947
68.7923	-45.53957
-78.608765	-45.428165
73.424965	-57.131508
-52.23299	78.00099
73.678085	-65.826004
-74.82917	-40.52195
-69.282196	-47.943
-74.31158	31.990225
-52.309845	69.83252
-57.279682	51.19407
-66.20303	45.365593
-64.4939	49.06364
-70.5604	30.587717
-17.019127	28.206112
20.499357	3.0032198
20.745445	3.0262887
12.090806	2.891411
27.002924	-64.80994
65.83048	21.698523
61.321804	4.038321
22.286543	72.1719
4.648272	-22.256298
10.840186	-43.844986
18.978998	-58.332912
11.831273	-59.97763
-18.429102	85.858215
-58.1067	75.84046
-57.768665	70.49777
35.817944	26.676771
82.28596	-17.206392
0.28704506	75.50356
74.838745	-31.57305
-24.483072	-20.737152
66.67709	-33.372868
-16.58216	-33.488464
73.71488	-50.084473
-77.23975	-23.190367
-68.17413	-21.16456
-51.201786	42.014034
-72.80145	44.712826
7.0521026	0.6001494
21.328863	-91.59941
-1.8469678	-32.37985
-2.8222585	-31.758936
-0.83599055	87.945755
-74.40715	-68.806274
74.93372	57.90455
21.77206	-97.99259
22.919128	77.586555
-24.704983	-35.84315
-24.594997	-59.055374
-8.723136	74.73355
30.037226	62.107517
-60.309696	-54.976467
-4.2040396	68.89388
4.9492655	84.02656
-9.018767	-56.52436
52.45051	73.56846
48.907234	-103.26241
-23.833014	-58.39425
-34.18164	7.13634
31.160828	17.6016
-3.0724468	73.98133
-34.941044	-47.9457
-25.310513	-57.59794
55.75041	-4.93223
-56.55189	53.44925
64.53919	66.59886
51.39962	72.149025
-31.629702	-55.460114
-23.724304	-59.249165
-25.95692	5.279656
-49.402447	60.91132
-30.114946	29.330206
62.162384	3.411178
-76.9898	39.82747
-74.4444	32.811493
-19.87388	35.422546
-18.60049	-33.075275
-1.8202493	84.89605
-55.112217	-13.701705
-53.059124	-32.970856
-58.11168	63.67609
-60.459084	40.085384
-16.396885	5.646435
33.46323	13.494473
74.75417	-31.834
-67.73212	-39.179768
-42.454205	72.77641
-63.639126	-15.719229
-54.747185	63.422318
21.4348	15.284818
-5.9362235	-30.700466
76.21511	-64.14172
-58.742287	-15.605665
-18.392252	-22.947346
-68.465416	47.024345
-51.792454	70.571846
-74.11041	-68.07597
-62.128475	40.24478
-38.379463	66.91798
-77.18252	31.844807
31.073666	22.609365
62.74253	21.00027
-4.876174	87.98467
-61.24653	-16.131945
-57.131973	67.917145
-68.996506	-47.48229
-5.0374413	-50.120914
66.692215	-45.180664
-18.093222	-33.954056
-20.303974	63.551514
-68.83796	-20.820433
-56.777668	-67.09703
-55.87196	-60.02066
-65.98936	-77.53607
3.892453	6.522982
19.550137	25.613739
16.766079	11.794927
-1.6906726	72.4763
