2.3565187	-1.4506812
1.8883386	-1.8619121
1.8329437	1.8215258
1.2347741	2.600415
1.0633758	2.7980387
2.1593442	-0.4655207
2.6883812	-1.3363873
3.1894104	-1.0363994
3.6287034	-0.40025294
-2.7860858	-1.2765278
-4.418226	-2.2357047
0.62738365	2.1820102
-4.2783775	-2.1324174
4.260907	0.23290513
-0.542722	-0.887331
0.66340667	-1.2274425
2.0243669	1.9496688
1.5757915	1.7411003
5.340363	-2.5127935
2.644082	-2.6097715
5.6929507	-2.9924645
1.6197213	-1.9396951
2.8121367	-1.051275
0.72747755	1.3960028
-3.0408034	-1.0328017
3.0812464	-1.4726853
2.4297643	0.6864973
2.830217	-1.1732543
3.0134103	-0.7654162
-1.611935	-1.5463475
1.0631562	3.6228776
1.7782102	-1.5730501
3.4523792	0.15864666
-3.8634074	-0.9115918
-1.9935334	-2.031376
-0.7934482	-2.019869
1.1241516	-1.7764122
1.6482812	1.7447984
2.1511064	-1.9578232
-0.72288096	-1.3284289
1.7586715	-1.9192593
-2.1063862	-1.3302609
3.1260834	-2.106836
1.0142902	0.29385194
3.2448869	-0.20794612
4.355308	0.18817651
-0.3834569	3.1202068
1.7710056	-1.3799514
2.9524	0.18647705
2.9218328	-1.0878024
3.575948	0.58275265
3.2561595	-1.9538277
-2.886829	-1.4098076
2.3027554	1.3019698
-0.20114152	1.5477895
2.8857267	-0.7432533
-0.21400015	-2.2307048
0.08739081	-2.3971114
5.4563437	-1.3138036
2.9375572	0.2845621
1.6201121	1.571969
0.16539203	-0.84813726
-0.32998762	-2.4400358
1.7772917	2.545698
4.930009	-0.8060088
-0.54992586	-1.8418591
-4.206538	-1.4139614
2.482709	1.3987865
-1.5331739	-2.0391333
-1.2457455	-2.1087713
4.0602174	-0.4858427
1.0153432	-1.5686485
2.4461045	2.6216238
2.948957	-1.7962337
1.7833762	-0.6810535
0.04767018	3.4863257
2.1971679	-1.5648683
4.47308	-2.0045693
2.7185774	1.3794624
1.9948902	-2.3601449
0.72511125	2.6872625
0.30623052	-2.089773
5.4271727	-1.4623811
-0.978938	-2.2417777
1.5191511	2.4020393
2.8027678	0.31127945
5.1124396	-1.0133979
1.6937178	2.396836
-0.14115998	2.5847638
3.9542341	-1.8010771
-4.358271	-1.300495
0.7644721	1.8335624
3.0236864	0.6539687
2.171878	1.2442573
1.3720071	-0.53452617
2.1068509	1.0210768
-0.07667324	-1.7967058
1.8167398	1.2425328
2.4044816	0.8837532
1.8851882	0.70469755
0.40321243	3.6155875
2.2223885	-1.2851254
1.0631554	1.5086896
4.248161	-1.351907
3.2271106	-1.411884
3.6130989	0.42624515
-3.4068105	-1.5303111
2.928741	0.18669036
0.9871623	1.6961937
2.3414946	-2.2332847
4.3915067	-1.7001671
1.5178794	-0.7712279
1.3277686	3.2351198
4.985222	-2.1029997
3.8120275	-1.3820833
0.45865214	-0.40124956
0.28985134	3.1479392
-0.76693696	-1.8089184
3.9631479	0.27534875
1.3700341	1.4065691
1.8222661	2.9196544
-1.4466236	-1.1201793
4.354239	-0.684238
-0.11854368	-1.2034076
2.6873305	-0.011624084
3.0522513	0.0633816
2.2313116	-2.4054704
3.3530607	0.7820947
3.7209504	-0.5755028
1.4150629	1.3615116
-4.2024746	-1.2429751
-1.7350627	-0.70557207
1.2201495	3.2432804
1.8476919	-1.6254247
2.1116192	-1.8267882
2.1565363	0.68494725
4.8570776	-2.1110125
5.33223	-1.8490121
2.5648475	-1.7616194
4.0461006	-0.37635696
3.8465781	-0.77540255
0.022123247	-2.70752
0.4195189	0.85895956
4.4195395	-1.4342022
-0.16786459	-2.6666548
2.814153	0.75151914
4.309262	-0.077405065
3.6963537	-1.0480436
-4.098244	-1.4797618
1.5882229	1.1726928
1.296267	-1.6299082
1.7786504	-1.7936814
0.8258386	2.3203788
2.3341017	1.1837409
0.7311325	3.0200465
-2.9636421	-0.64156985
1.2864226	2.1437056
4.0678473	-2.0259707
-4.0413704	-2.111695
2.705	0.7304506
5.8220744	-1.2724444
-0.39985824	4.3773065
-0.7626463	-1.2253214
3.172732	0.9059552
-3.6230416	-1.8784504
-2.2629983	-2.154853
-2.9382951	-1.574835
-1.6665194	-1.5276752
4.4009504	-2.505008
2.952595	-2.0431497
2.0324435	2.1929295
0.4953619	-0.8748721
1.8158326	1.3791265
3.3193815	0.037042484
4.6509275	-1.196478
3.3523414	-0.93558276
1.9559739	-2.0045662
0.16575918	2.0378633
2.2879815	2.013046
-1.173392	-1.9814235
0.40984857	-1.8220025
1.4702824	-2.405803
-3.353373	-1.9992995
-4.990847	-1.930542
3.6137366	-0.24968472
0.3048504	2.5066547
2.8281126	-2.6951852
4.826145	-1.6122079
0.9127611	2.1445334
4.210103	-2.1173162
1.3338482	3.246768
-2.3150916	-2.8371716
2.1206908	-0.78592664
-5.0957146	-1.2460889
-1.1934284	-2.9419441
2.9341893	-0.70618325
-0.24998863	-2.973262
-0.4371189	3.337748
-1.7746282	-0.80741465
2.533898	1.0712926
-4.300197	-1.1634816
0.8246277	2.2766378
-0.23337752	2.513219
-2.1337235	-1.8143512
-0.33895814	2.2766004
2.6807587	-1.5391691
4.9804125	-0.89634156
3.213288	-0.33954048
-0.6910629	3.1701505
-0.43972754	-1.7524798
-0.8871097	-2.2166634
-0.26619408	1.9434038
4.182976	-1.3596351
2.0766854	0.6850998
-2.9999359	-1.5474082
-0.42089397	2.9830835
2.1055164	0.10793724
3.5892432	-1.3078337
-2.4514542	-2.3745165
4.4370823	-2.490595
0.99417835	0.029131766
0.4963521	3.041065
3.220792	-0.40461823
2.3740191	-1.8441503
0.45225713	-1.3028291
2.1340952	1.2702707
1.4935526	-1.0515226
-4.79014	-2.8420877
2.0948296	2.383009
4.1613274	-1.1315298
4.1035542	-1.1683824
-4.347863	-2.2818193
-0.79125977	-1.8697397
1.9008942	-1.0238913
1.8208712	2.964426
-4.621528	-2.7949638
0.56874305	-2.0651479
3.1348085	-3.1226733
3.8450322	-2.185814
3.5330024	-2.2189794
3.6094828	-1.7822775
3.4236293	-0.7919483
3.6581075	-0.6750072
1.5438555	-1.5643939
0.56453943	1.676865
1.4227214	-0.59805644
2.1130054	-1.8794682
1.6064618	-2.8180563
5.087007	-1.0960807
-4.8693132	-1.5343122
5.3678207	-2.2226448
-3.9084635	-2.4971724
0.5114689	4.32979
4.053332	-1.5325087
3.0840216	1.6585375
-2.412489	-1.1374125
1.8244733	1.0392549
2.9374604	-2.2452624
1.713577	-1.2002656
3.4804986	-2.4612043
-0.41244358	-1.6668943
0.777063	3.1054373
5.60058	-1.8501041
-4.0334554	-1.2327662
3.196813	0.4535177
3.085063	1.9885522
-0.25628638	2.4560633
1.0448709	2.3451855
1.8281971	1.222285
-2.275966	-1.6167625
-0.6808162	-1.4003903
2.2615266	1.232116
-3.814013	-1.4920084
-0.074670605	-1.3956152
2.693947	-0.8938252
2.6256278	1.2473248
-3.163298	-1.1716113
3.8097413	-0.30975577
-3.7073305	-1.2855933
3.3368	-0.9838665
-3.2092094	-2.4601848
1.2033911	0.5511202
-2.151868	-2.3929152
0.45638573	1.475632
3.8727083	-2.7851098
0.31892747	-0.23662055
3.7716265	-1.4879156
2.4620352	0.762321
4.9463463	-0.46275365
-0.84441125	-2.631257
3.629771	-1.3862292
1.5236158	-1.6924783
2.625666	2.4194412
2.8426156	-1.5785723
-4.8988776	-2.2949197
-0.89155275	-0.71822476
2.452634	-1.3264333
-0.7030026	-3.958485
2.1766078	-1.512433
-1.6629504	-1.6360828
1.9512676	0.92481697
4.0121584	0.8265915
-3.008659	-2.4252808
1.4109803	-1.4460326
1.036777	2.0367305
1.7730039	0.7299826
1.9695075	-1.4893316
2.9458795	1.4733416
-1.3800966	-1.6650512
0.40800634	-1.3420333
-0.21608745	-2.1087158
-0.5292137	-2.4496298
4.735827	-2.5619397
3.0125787	0.098448984
0.70198727	2.7224183
2.2263563	1.7628912
2.7597349	2.1122432
2.370903	0.64357364
-1.5434947	-1.0830535
2.387489	-1.8654879
0.91151834	3.8977096
2.7194357	0.6335518
0.6322533	-2.311769
3.3425193	-1.4412938
3.3636532	-0.01034238
2.1770225	-1.4716706
0.88263977	2.1178167
2.7543147	-1.4723957
3.1543574	0.92606086
1.0678486	0.9777388
4.2187405	-1.6756943
0.48825783	-2.089399
1.3665462	1.3997815
2.4166968	1.1721501
1.1173252	-1.8899363
-1.0917963	-1.8960965
2.8606293	-0.70339423
4.5405707	-0.65968317
2.4905663	-0.24698433
0.5937463	2.9559987
4.1022615	-0.8967997
-2.5922573	-0.82321143
-4.6919847	-1.2859278
-2.9751391	-0.5965716
1.9427068	3.695721
2.2695704	2.6636581
2.249049	-1.384109
2.1462343	1.7009882
-1.4947932	-2.0081594
4.7884474	-0.7589154
1.2282213	-1.9167634
1.3559757	-1.1651442
3.2284818	0.90683687
4.5648274	-1.684895
-0.15422666	-1.1395351
-0.3342292	2.9530427
1.7575961	0.94808245
4.5081224	-1.3158917
-0.89854085	-3.5209384
2.0622542	1.5266389
0.70473653	3.6898048
0.93991935	1.8368676
2.6020963	0.22591706
-4.704972	-1.0325358
3.4955802	-1.6251256
3.6280177	-1.4684365
-2.804447	-1.4963442
2.182326	1.1903486
0.60769695	-1.9886601
-4.0329514	-1.8565048
-3.079081	-1.53189
0.8779026	-1.1902745
0.63336164	-2.786282
1.3540485	0.277931
0.3485182	3.7947707
4.4780107	-0.80533165
3.147897	0.48464614
3.5913055	-1.0931304
2.5973136	-0.9123555
-0.48495054	-2.1902287
3.4973524	0.3140539
2.4727	-0.19228984
-0.17217945	-1.6631179
1.3035214	-2.3834908
2.9583085	-0.46264827
2.2001944	-1.621035
0.8443215	1.7189857
3.7860653	-2.3185434
-0.5274118	-2.1480424
-0.9012826	-0.71991056
3.2297215	-0.54582983
-3.4042408	-1.6115003
-0.09477208	2.0870323
-0.21391636	3.4086716
0.24126075	-1.8590556
1.6859359	2.134521
2.5139134	-2.2269678
2.2242284	2.772609
0.6804594	3.7279222
-4.614598	-2.5102794
2.4439607	-1.4435203
-0.8666282	-1.4844693
2.101193	1.3380976
4.8351827	-1.9008404
-3.179889	-2.305039
1.3558449	-2.0039208
4.691476	-1.1340429
-3.0843248	-0.51043594
0.8640362	2.7751305
2.247671	0.4500806
0.57456994	1.6615632
3.9241252	-1.5200441
-2.6086159	-0.8807777
-5.029065	-0.704331
2.451565	0.4593228
2.0425336	1.1559564
2.2612836	-0.7977227
4.1950054	-0.5361726
2.8172438	0.8884832
2.8696594	0.7316017
3.3861566	1.3616401
-0.20363662	-2.4743187
3.601527	-2.9162552
2.3460536	-2.211937
3.6677315	-1.6271484
-5.182885	-1.5458905
1.7749337	-1.5857447
1.2560843	2.6193337
0.26643303	2.4156525
5.2240677	-0.61184657
2.450761	0.56616265
3.8708174	-1.7366893
0.83908457	1.4395559
4.0068135	-2.1247308
3.1891153	-0.96081525
4.354427	-1.9280012
2.62627	-0.6786184
3.5070586	-0.20786402
1.2381079	1.2444392
3.5638027	-0.051947676
1.7184725	1.8844253
-2.717138	-2.0063555
2.7758029	1.703941
1.1339831	-1.8116767
1.2656378	2.8989103
0.17273365	-2.7286844
1.5736105	2.3205857
0.7246228	-0.5402905
3.187166	-1.5238849
3.379092	-0.9686853
2.1591446	0.44384527
-0.5020292	-1.389066
3.0801568	-2.081686
-0.15254581	-2.4474308
3.7867398	-2.319614
-0.30197924	1.9713187
4.6777396	-0.77924
1.026154	1.1192685
5.5686917	-1.79356
3.4655821	-1.0280907
2.984592	-2.4525242
4.8051167	-1.2643611
4.2479544	-1.4009831
-0.85292405	-2.7086341
-1.3612796	-2.5411134
-4.592604	-2.0325286
2.0073943	0.90826124
-1.7517772	-2.028761
1.4729835	0.39883074
0.4830222	1.5264515
5.0002775	-1.8653866
0.3946622	-1.9340986
2.2502048	1.7310272
4.4708605	0.5221031
1.5177397	2.8815818
-0.5545107	2.5029817
3.7692678	-1.1310127
1.7973	0.70365053
0.96867776	0.67990756
1.3141319	1.1487224
2.2542293	0.43103164
-2.904658	-1.0892988
-2.1551	-2.5831103
2.8179002	-1.1342646
5.4888015	-0.50582385
-3.725873	-0.38923043
1.0816793	3.006117
-2.6879745	-1.9797809
2.1981394	1.247814
3.8868642	-0.6221298
0.622863	-1.9642998
0.7816336	-2.5204139
0.4215196	-0.8740375
1.5601758	1.5407983
1.7289251	-2.4513838
3.8423557	-0.78729767
0.17937405	-2.4167714
1.4660766	-2.9962342
4.737131	-1.4395266
1.2790542	1.860406
2.4525335	-3.3499124
2.5020792	1.4959366
1.8922632	1.3566469
-4.808554	-2.5867221
2.5062208	0.0039433353
4.70701	-0.5868076
-1.356556	-2.0712268
0.9639912	-1.3567778
-2.6405377	-1.0648624
1.3405554	1.7145408
-0.00011054613	1.8781117
1.9006022	-1.2149597
3.4602299	-2.0017483
-4.165014	-2.9794877
2.2979991	0.13978651
3.112694	-1.1416849
-1.8156595	-2.5280306
-0.006187046	-1.2875159
4.03943	-1.5369581
0.8420939	1.6709517
-1.4082079	-0.5038005
3.8023837	-0.5230799
-1.3224932	-1.7813464
0.2609037	-1.4908518
2.1294034	-1.0384896
2.680581	1.021734
2.9092948	-2.914211
2.8752773	-0.11839485
1.8819649	2.1395452
-3.8090644	-2.0563378
4.7336626	-1.8817655
-4.88113	-2.707655
-0.73330635	-1.4492191
1.2880859	-1.3751088
1.1100782	-2.425708
2.3947494	1.2625178
0.9750323	2.9685876
2.2860167	1.85479
-4.192673	-2.098787
0.46098223	2.4852116
-2.183516	-2.4079175
1.0713195	-1.905468
0.14005683	1.777084
1.7995428	1.8348958
3.2412186	0.032496847
3.8410213	-3.7240174
4.840907	-2.8813553
-2.0706472	-0.9861994
0.4718817	3.4244673
-0.61353546	4.0553985
-3.2877457	-0.64605796
0.9973738	2.9222753
-0.70978063	-1.2450687
5.1113644	-0.36970702
0.65660936	3.162311
1.0583849	3.4846427
0.7753416	-1.0025468
0.82568675	-1.646999
2.4458196	0.13108502
3.1159253	-0.65706325
1.619444	1.7660037
4.8582664	-1.5856469
-1.8462889	-0.3312445
2.8650405	-0.92268586
3.867928	-1.9074185
3.7726004	-2.1273959
0.56143165	4.0477366
1.6741457	2.2772355
2.396772	1.6887946
3.926313	-2.0315642
4.6448574	-2.453308
4.4086237	-0.39206418
3.0507436	-0.76173717
1.1579466	-1.9539651
2.260817	1.2503333
1.5747231	-1.7122926
1.8050742	0.1267429
0.055032782	-0.8227305
2.2994955	-0.9745267
3.0171912	-1.0645963
3.2300813	-1.7057477
-0.10303364	-2.6869135
1.4932904	1.0464793
3.1746187	-0.12238179
2.2087953	-0.68807524
1.865322	0.47919482
1.0509118	1.5031656
3.9392433	-1.8476433
1.1996548	2.450703
2.1271832	2.2059155
3.8649843	-1.0521626
3.0856366	-0.47010657
0.12266561	-1.4605473
0.10488386	-0.5883687
0.4407825	-2.2043934
0.3821423	-1.7362959
3.9013429	-1.3988748
2.8319588	0.12789035
1.7796767	1.3792623
1.0265604	-1.3108599
-2.9785137	-2.0689518
-0.38726988	2.5790482
-0.5417931	-0.7221286
1.4707582	0.7500877
1.6931155	1.744654
-1.589182	-1.669496
0.7698932	-1.4580175
-3.132009	-1.499587
-3.7963777	-2.3566706
0.6451915	3.3124552
2.5675263	1.1589274
2.2861497	-0.7385842
5.3059177	-1.0354655
3.1302998	-0.9977985
-5.615688	-1.6636684
-4.583268	-0.9562243
2.9653451	-1.4782743
2.1538057	1.5134419
3.8507755	-0.10496384
3.1665688	-1.5992544
0.26268783	-1.7939993
2.8466887	-0.25788516
-2.4677532	-1.8748124
-1.1891	-2.9397807
4.524002	-2.357383
2.7951798	1.4677271
3.8811276	-1.7916111
2.2363172	1.8851038
3.6734707	2.2682629
2.4284449	2.1576052
4.541572	-2.193317
0.6016775	-0.8341089
2.8243814	1.244004
4.204325	-2.4127064
3.720994	-0.7807746
0.8447269	-1.6578648
0.19698791	-0.8793268
-2.1290596	-2.0767534
3.3410616	0.32292604
3.9565842	-0.9068062
4.941582	-0.3241455
2.4235454	-0.68730676
1.0829787	2.113702
4.2104454	-0.9983433
0.50106126	3.2161381
-4.8591895	-1.9493834
-3.3549027	-1.1383271
1.0532811	3.330522
-0.85624087	-1.3239535
-2.135747	-2.024111
-2.1669047	-1.7241495
1.0240817	2.0204477
0.5904393	3.524115
3.130368	-1.166422
5.2692	-1.2850542
-1.149441	-1.8100245
-1.4259478	-1.3562152
4.2616744	-1.010746
-0.39579776	3.1259606
0.584223	2.7960787
1.2653488	2.1120403
1.9387693	-1.1940924
1.1075319	1.1846702
-2.084072	-1.1665648
2.6549945	-1.1723058
0.9033665	-2.3038728
3.2236583	-2.2967527
-2.948946	-2.2911634
2.7741466	-1.2378262
1.2263213	2.0294697
1.7551199	2.2657719
4.636131	-0.3983733
1.6519866	3.5665529
-1.1091938	-1.7664967
4.553623	-2.7661166
4.6160913	-1.6373091
-4.540553	-1.7811941
2.1145294	0.38269377
2.38051	1.2652218
-0.25851223	-2.0628083
5.1416597	-0.7074176
1.7628735	-1.784985
3.4790027	-0.2631447
-0.3434428	1.6646774
2.1630483	1.816393
1.8643048	0.64053804
3.7943647	-1.3510008
-2.083313	-2.2402844
0.0136112785	-3.1019654
1.5661244	0.9944235
-0.3020718	-1.3505846
-0.7491056	-2.6296716
-3.4378045	-2.1252413
-0.017252678	1.1039624
1.6667098	-2.6079812
0.4626908	-0.9568461
2.0219615	1.7828214
3.649061	-1.1980973
2.1176195	-2.4126146
1.1367896	1.2088438
1.6573145	-2.2134488
2.8503675	-0.4379932
2.2832766	-1.4180303
3.6178343	-0.5099062
-0.77331483	-2.4028742
3.8990035	-2.4713738
2.4129822	0.88183653
2.9180741	-0.4060185
-4.5951824	-1.4646026
2.5790057	1.2766701
5.264421	-2.319548
0.9202408	2.9407096
2.6366503	0.91566473
1.6303478	0.3903222
0.7328303	3.0420473
2.6603165	-1.2130809
4.777181	-0.8747038
-2.5258832	-1.5262389
3.785987	-0.542591
5.311213	-1.467272
-1.4811711	-0.9234519
0.9683414	-1.9927619
0.5754634	4.388289
2.8592892	1.0686322
-0.10369726	-0.8129115
3.306106	-1.6721843
2.0278578	0.5854401
4.0620127	-1.0621792
-4.160987	-2.3555055
4.03362	-1.4386272
1.4669404	-1.6463709
2.9796782	1.2138987
2.6660845	-2.0600314
0.5278719	1.9882367
1.3963653	-1.3978755
-1.7552807	-0.41708118
0.88114315	3.650899
3.762245	-1.4883933
1.2166398	-2.121402
3.515743	0.15862094
-0.6975961	-2.0502527
0.6172657	1.7756596
-1.2861454	-1.9819534
3.8752694	-1.1023962
-1.5677696	-1.2168341
0.705124	3.6725113
1.5198561	1.5479699
-0.22114183	-1.1820874
1.8154382	-1.4308082
3.527394	-2.6224473
5.1214013	-1.3851475
-0.97579306	-2.046283
1.2835515	-1.3632402
-0.27215427	3.9152923
-0.6524914	-2.3116767
4.312719	-1.1961417
-1.6997935	-1.3190548
0.50585634	-2.8292782
0.49143285	4.071485
1.3219155	0.9054542
-2.594323	-2.582647
2.3694496	0.47790366
4.974957	-0.9089541
1.97328	0.94789714
1.1189216	3.1301553
0.86640453	1.4130442
-1.2889943	2.2483115
-0.14532836	2.6910553
-3.963524	-1.3916327
-4.570675	-1.1973766
4.1592274	-1.5215187
4.3065233	-1.5660694
-1.7420999	-1.2883939
-2.6113825	-2.4097948
-2.109274	-0.8771239
-0.72143	-2.0323172
3.0811522	0.5700598
3.440374	-0.26545373
4.645917	-1.3487911
3.1465144	-2.2675529
-1.6041659	-1.3438338
3.7827146	-0.6312151
3.9577324	-2.6592205
0.16912395	2.7898326
0.9048295	3.0604615
2.9925897	-1.019652
2.6362793	0.6876509
4.1651897	-0.31385356
-0.86210865	-1.4417715
0.7970314	2.565849
3.069975	-1.6864723
4.5387406	0.42136806
-3.0389612	-1.9261557
1.5139396	1.7916827
3.8705134	-0.7704135
1.2519478	1.7292073
4.2633743	-1.8795732
3.19081	1.6711074
3.2311118	-0.52212036
3.3754804	-0.74721473
0.65934026	1.7349646
-2.0116005	-2.1074188
-4.1689076	-1.5682312
2.6081028	-1.4698987
4.572781	-2.322424
-3.5390418	-2.912162
-1.8055156	-1.8941431
2.642847	-0.022622982
-0.81473583	-1.3021153
0.8019082	-1.1890434
3.953783	-0.29420358
1.2214544	2.032892
0.5706318	2.1983657
-1.5878574	-2.068756
-3.3241913	-1.6612796
5.479661	-0.9736078
0.5412672	1.3047923
1.4253727	-0.71055937
1.5331405	0.94349706
4.090506	-0.8386481
2.0016017	-2.1182878
0.6488996	-1.3484632
1.7108543	2.1177285
-0.23062755	-0.39264354
3.6194794	-1.9169672
3.290547	-1.7919214
4.4277906	-0.8149225
4.746813	-0.48653868
-2.933483	-2.6167045
0.4966416	2.866277
3.776478	-0.8701968
4.366406	-2.3656662
2.2045994	2.658864
1.0320054	-1.4848577
-1.3695774	-1.997287
5.088604	-0.4508767
5.20583	-1.1597409
-2.6853793	-1.708649
-3.370614	-2.1063452
3.4490612	-1.4665473
-2.537198	-2.442557
2.7702892	-2.044123
2.968219	-2.0211012
1.4400103	2.2404952
1.573139	2.1298583
2.201135	1.5631086
-0.6599372	-1.623473
0.65057105	2.8445337
3.569184	-0.6420672
0.6043796	2.4661224
4.69352	-2.6517138
1.6660008	2.7919314
0.9060739	4.2481894
1.0158422	-1.404741
2.6668518	0.546862
2.9649882	-2.3133693
2.651511	0.022592776
0.10176745	2.28771
0.2587325	3.0524907
2.4180841	1.3229586
-5.8660345	-1.9772356
2.387269	0.86174273
-1.0941283	-0.82768035
2.2342181	1.1533175
4.2651887	-2.4392807
2.0673769	1.9430246
-4.1169066	-1.9231601
2.1442347	0.99004924
0.7856665	-1.4112864
3.3467698	-0.43369275
-2.0826106	-1.3051296
-1.9581578	-1.700255
4.440447	-1.1981304
-3.564771	-1.2219504
1.4697455	-2.2348242
-1.323212	-2.3548508
4.3924274	-0.030199386
-1.7050824	-2.51819
-1.8504825	-0.7963367
-4.1634684	-0.6411654
3.8700066	-2.1911206
-0.45969158	2.2847896
-1.2226393	-1.7842159
1.5525552	-2.629002
4.7194386	-2.9328306
-3.2491918	-3.105351
2.8219833	-1.3866427
1.6260065	-1.4955297
-4.5177736	-1.507711
3.8029552	-0.0020199288
2.578789	1.6644683
2.1342306	1.2690609
5.144426	-1.7315556
4.0240226	-0.6702067
4.5476084	-2.0755067
1.1274983	1.8415183
1.7913162	-1.4926354
3.7797644	-1.440726
3.583855	0.7930437
-2.0640507	-1.0425187
-0.25344774	-1.3954252
2.6017156	0.6221464
-4.2731366	-0.6877079
-2.5749772	-1.9188524
3.5413973	0.8390693
1.8071607	2.474381
5.1617584	-1.3144531
-0.8055651	2.0753062
0.54573077	4.280469
2.4147184	0.8633736
-1.6985443	-1.3956338
0.9138943	2.9943254
-2.4552512	-0.24638139
3.884433	-1.8814727
-1.2275288	-0.75645834
1.3545353	2.1694932
1.9525092	1.6146845
-3.1752958	-0.80539256
-1.2054083	-1.165446
-2.443752	-0.5657246
2.622577	0.69734335
2.5391562	-2.0102396
3.8719308	-1.6937989
0.9014448	-2.3180091
5.0885253	-1.5872457
2.7802913	0.13920686
4.309186	-2.2656121
3.2676184	-2.6459563
3.6488485	-0.4504388
-1.0250423	-1.7064395
3.6344485	-1.7788229
2.9415996	-0.5725563
2.4336686	0.7509181
1.0506657	2.4300458
2.3160057	-0.68728906
1.8755769	1.5797949
-0.041594755	3.157209
-3.0208895	-1.0314229
-0.16782187	3.6474824
-3.6195002	-2.714406
1.4754193	-1.0531161
-0.37810445	-1.6769313
1.579142	0.13986143
4.9863844	-0.7483999
-2.6778843	-1.1591338
3.7974694	-2.5366344
3.0724187	-1.85224
2.5210602	-2.6967437
0.5362891	-1.9240721
2.8247807	-1.3248036
4.5047874	0.060815223
1.5424896	2.3553135
-4.680326	-2.462177
-0.2114014	3.114357
3.4252393	-1.6755645
3.1409373	-0.8905019
0.98681533	0.9753316
2.9955678	-1.4999472
1.9384117	-1.2302642
-3.6997948	-2.9551373
2.9246597	-0.13623464
4.1204724	-0.58999306
1.7273664	0.7585433
3.4238083	-0.21729678
1.0939739	2.399697
-0.28594884	-1.9935063
4.921764	-0.7401962
2.6538422	-0.12858488
3.0797896	-1.9322785
1.4303743	0.45619705
1.4201193	1.5197481
3.423775	-1.3500371
4.538425	-0.5168158
3.438606	0.8388217
-3.5952733	-2.5200977
3.8217602	-2.2446404
1.6410964	-0.8812347
2.613978	-0.59079826
0.5221905	-0.034647103
-1.0370283	2.979717
-0.04737859	-1.8938224
2.2288103	0.9292812
-2.0729346	-2.3300366
4.193661	-1.0212411
0.16409644	2.8378704
3.3813372	1.3777952
3.488503	0.22178365
3.0979383	1.0617522
2.1313593	-2.1323094
3.4368424	0.7064773
2.0619082	1.0589892
0.6754259	-1.6298954
2.4657826	-0.25569442
-4.8200808	-2.031328
2.3963575	-3.11292
3.8628318	-1.2219971
2.9606142	0.03708624
-3.3255947	-0.95303583
-3.4936252	-1.3725559
-2.3091273	-0.8998517
0.33801028	2.0048823
3.448976	1.5474128
3.4812293	-0.56539875
4.5307817	-0.3212969
3.5724466	-0.23034862
2.371042	-1.9624506
2.8695395	-1.1272383
-2.3822064	-1.4020107
-2.5024164	-2.8756883
-1.6205318	-1.651268
2.252325	0.86066705
4.307122	-1.5829638
3.9822707	-0.7498154
-1.7145162	-0.97393423
3.5384645	0.7713341
2.9553728	-0.3672231
-0.73456764	-1.8526212
1.1090496	3.420548
2.4882126	1.187754
0.22545627	2.823283
-1.786684	-1.5449506
-0.19395229	3.048655
2.6419275	1.2738104
-0.44958612	-2.8069968
4.4976187	-1.6918494
-3.1227944	-0.7285969
1.1087823	-0.7513852
-0.9002306	-1.8126739
3.6169038	0.34884584
2.7531826	-0.97164893
-2.5142045	-2.1797051
1.654582	1.669999
-6.110451	-1.1615078
1.6408468	3.285686
1.1128765	3.2045698
2.5115075	0.9847296
-2.1873014	-2.6583028
3.8176305	-1.624418
0.8373954	1.9434897
3.4892552	-1.0816947
-0.7041575	-1.3439155
4.3595605	-1.9907086
1.696321	-1.8344618
1.6190243	0.5173181
4.2423887	-2.1100383
2.2473364	-0.35870695
0.7577878	3.4154418
0.80056334	2.951626
-0.68978703	-1.9640305
0.29753074	-2.1414447
1.1406455	3.3912508
1.5397465	-0.5484729
1.6173848	-2.210306
-2.609133	-2.4495842
-3.4472144	-2.9310675
2.3123147	0.038022492
-0.30331847	-1.1709638
3.9049997	-1.820698
-4.3953996	-3.026654
0.9365501	2.0816565
-1.0369482	-0.6256957
2.2350895	-0.779783
1.7408929	2.1000323
0.70001596	-1.1383705
5.0956674	-2.1283488
2.6457298	1.5683739
2.5987732	0.24449405
-3.3196912	-1.9110652
1.2806455	2.6670516
2.7957954	-0.052510902
4.1760845	-0.37577885
2.6544573	-0.67444754
2.1630728	1.223577
2.1866028	1.6430323
1.7089862	3.6454062
3.780117	-0.9007575
1.9842538	2.1017616
-3.018771	-1.5807182
3.4705064	-2.4204886
3.9611661	-0.6104044
2.5052614	-0.22733517
1.8041651	2.4155307
2.9407353	1.4636955
-0.75758505	-2.6364691
2.3365479	-2.009286
4.247416	-0.59698534
2.3426425	0.9446324
0.22359142	-1.5395123
2.9788406	-0.6305419
3.2922606	-1.5209174
1.0572082	-1.5431141
-4.3573775	-1.2077466
3.05867	1.9429045
-4.7230597	-1.4762092
4.0095825	-2.134806
2.9615786	-2.0151384
3.4201708	0.15601562
0.33765072	2.8048148
0.573116	-1.5374388
0.2992596	2.5577364
-1.5226724	-2.368285
-4.240443	-2.1894858
-0.14009511	-1.3625981
1.7358706	1.454172
1.8185709	-0.79906166
1.8600268	2.10359
-1.4297704	-0.40014848
4.6103578	-1.7883191
3.3756037	-0.78167707
3.9269183	-1.8390737
-0.21259329	2.3070982
0.59405506	-2.421379
0.0652694	3.9213772
0.40397888	2.8131528
2.820715	-1.3243436
-1.9531809	-1.6565886
3.911233	-0.96587545
4.1682363	0.08141791
0.39216027	-2.739591
-1.7172269	-0.61581707
-0.3904371	-1.58011
4.981496	-0.5243161
-1.2671487	-1.0839071
3.3714	-1.3152975
4.070451	-1.6562307
4.989099	-0.953445
-3.967411	-1.8974099
3.1870043	-1.0811273
-0.20972599	-0.5228718
0.24758177	1.3396873
-2.7542233	-0.27184904
-2.551484	-2.5904036
4.2099085	-1.3947861
2.9365702	0.3888922
-1.7314556	-2.0091622
2.7110343	1.520924
2.7324734	-2.9262354
1.3381965	0.2881833
0.96696776	4.201936
4.090811	-0.47279495
-2.6608598	-1.0151014
-4.049216	-2.2299304
4.1480656	-0.074563324
1.1642355	1.6064594
-0.74501914	-1.0971159
0.67703193	3.0143392
3.718573	-1.1991614
3.480684	-2.133223
-1.7464654	-1.0596914
3.4302716	-0.008776355
2.1623445	-1.3927866
3.5643854	0.77095455
4.351011	-1.5866295
3.9743264	-2.0703752
2.0349925	-1.845259
0.6949953	2.7082894
-2.231922	-2.9140334
0.7824397	2.5046146
-0.10198133	-2.2337801
1.6837378	0.95308477
3.4255464	-1.7121398
3.3202853	0.16199635
1.0053495	-2.1028094
-4.0555224	-1.875505
-0.82390106	3.5434825
0.7215045	2.4760275
0.12707447	2.133644
0.1545321	2.630648
3.2888258	-0.37353808
1.3369964	-0.5531855
4.087641	-1.2656778
3.5576484	0.8679774
-0.17778867	-2.1831322
0.61348313	-0.73258173
5.043548	-1.4673315
2.8468685	-0.85357803
-3.4150813	-1.9581779
-1.0271655	-1.8117139
1.6347933	-1.956941
-3.5869138	-2.5012977
4.903136	-1.2072078
-0.111826375	2.505724
1.4098988	0.3089591
2.7276351	0.094521664
-1.8698982	-1.9927075
1.7625464	0.6766055
-3.3010547	-1.4003276
-1.0717938	-1.7284437
2.524149	-0.3683441
1.6301385	-2.3659189
-2.947451	-1.2741475
2.9385068	0.32741436
3.7178988	-0.6313371
3.3025851	-0.21686435
4.080651	-1.6312219
2.117339	1.2527568
2.4304504	0.8797336
4.4618263	-2.202549
1.6426305	1.6705384
-0.044147648	2.1760461
-2.8394763	-1.4813054
3.8586278	-1.3964497
3.7511466	-0.06566424
1.1251069	3.7190285
-0.99161625	-2.0830529
3.5779252	-0.879097
4.3077097	-1.4423522
-1.5565366	-2.3208597
-4.0777397	-2.0994074
3.4311569	-2.4342952
0.99789226	1.9390141
3.104261	-0.67723423
-4.2691965	-3.1384714
3.692673	0.38892874
3.3035285	-1.1280936
2.924311	-1.6495682
-2.8367462	-1.1880089
4.2434134	-1.3926779
1.2702101	1.4489421
-1.3885478	-2.0785816
3.2845247	-0.8958806
-2.7154148	-0.42831168
-1.8543694	-1.0231327
2.9538949	-1.7982762
0.5238107	1.2821077
4.2324433	-1.582247
2.0221536	-1.9427245
-3.827511	-1.4061034
1.1378921	-2.4328473
-3.2306035	-1.4573696
-3.0428398	-1.2878543
1.650601	2.1784148
4.0556164	-1.588718
-1.1457027	-1.4961586
4.022003	-1.844931
2.8217988	0.38489172
3.8743272	-0.11006345
-2.5721195	-0.5604188
0.94944113	-0.866162
-1.738551	-2.1557114
2.5524576	1.8548
5.044174	-1.5579292
4.6102295	-1.954412
-4.014412	-1.5501566
4.114868	-1.4823409
5.050411	-1.6023333
-0.44619265	2.0209806
3.702904	-0.8126346
3.725457	-2.6038427
0.4282778	-0.8253788
-0.11968475	3.104915
1.3644089	-1.5932491
-1.0760783	-2.4317462
3.055954	-0.9804769
2.3199444	0.48649257
1.1458522	-1.6011456
-0.87380075	-1.9445775
4.144274	-2.5052798
3.1796095	0.44187835
3.672315	-2.239036
-1.8203028	-2.4206285
2.0098393	1.2440441
0.6773132	-1.0912066
-0.0889048	3.4347987
4.4881544	-2.1218746
1.2992599	1.5357244
2.8865597	0.07355808
5.0218825	-1.4428291
3.033872	-1.2202417
4.168135	-1.5876108
-0.36794472	-1.4109491
-3.675928	-1.7089767
2.1341991	-1.0712273
1.5468798	1.5163742
3.6297755	-1.1219457
3.6850622	-0.9373238
3.6550758	-0.74781466
4.817723	-1.4255157
0.18274398	4.87385
1.1343678	0.18746872
-2.350842	-2.109161
1.070999	-1.3734103
3.504213	-0.6617036
3.7191978	-0.6181672
3.0177135	-1.2050037
1.9762636	1.9375534
2.7222972	0.35970834
4.1532593	-0.068545595
3.079184	1.5814978
1.1883906	2.8145003
-1.9375888	-1.7898393
3.6278083	-0.4161679
1.5888826	-1.5861807
1.6286721	-2.0101428
1.6926609	1.4464804
-2.7928476	-2.3010986
1.833104	2.4447064
3.712503	-0.81496024
2.160927	2.0222986
1.9846265	3.1765912
1.8595908	0.04537741
1.2670492	-0.13132848
-4.078811	-1.3178141
-0.25190824	-1.8935523
2.5622952	1.2008446
-0.9697188	-0.5464782
4.6491485	-1.9146042
-3.275389	-2.4998164
1.4832625	-0.9919981
2.4505353	-2.4423873
2.532598	-1.32706
0.3053757	-1.5821571
3.9610229	-1.1513704
-0.82083714	-2.2746625
-0.52146953	-1.9080234
-4.433691	-1.6731333
3.6932425	-0.9536152
4.7026587	0.44333288
2.457852	0.48315206
0.457135	-2.2846994
1.6102632	2.1554403
3.6780353	-0.4461315
4.1885104	-1.9747423
-5.9843254	-1.6548074
2.777417	-1.1122833
0.26659456	3.2043028
3.359439	-0.41204152
-2.1137905	-1.6822039
2.975366	-1.4570897
4.4159074	-0.63794905
2.164915	-0.55234504
-1.0072901	-0.9311373
3.4449735	-0.53811985
-2.1508727	-1.380102
3.0666645	-1.2228876
0.4882529	2.0650513
2.5270617	-2.1048033
-1.9712093	-2.22396
2.137191	0.675512
0.17276664	-1.3346186
1.3650866	2.902536
2.9696724	-1.2373456
3.014882	0.0256752
4.939109	-0.58197016
-0.4857491	3.3704731
3.2720826	-0.5393146
-3.8902767	-1.6258395
1.7936467	-1.4866713
0.15625736	-2.4154418
-2.5991204	-2.1657515
0.7578882	2.233259
-2.0961237	-0.9851287
1.4170797	1.931893
1.0722783	2.9722679
-1.031209	-2.3667638
0.7207103	2.1204665
-0.6418206	3.3368213
0.044636734	-1.653271
-1.3937359	-2.4762964
0.61556447	-2.8113565
-0.8097024	-2.2205255
-2.8267088	-1.6848186
2.7629647	-2.7057376
3.664277	-0.8171059
-0.6685277	-1.6770102
0.9424899	-2.251297
1.7668267	0.7374608
3.7720702	0.5128635
-2.3572342	-1.5072588
-0.6470625	-0.8980616
-1.1668115	-2.1416383
1.2357852	0.98402953
2.8706512	-1.2663648
2.5308974	1.712946
2.8664973	-1.1698956
1.5764012	0.18772978
-3.1475961	-0.35625288
1.6345832	1.3439696
-0.8788453	4.162164
4.587127	-0.2505152
-0.39887723	-0.7789821
-1.1744027	-0.78451926
2.442209	1.1906899
3.4455063	-3.7170568
2.195235	1.2951274
-3.106175	-0.4750248
4.1015463	-2.104099
3.294718	-0.38355985
-0.22336833	2.4935217
2.091923	0.7698904
4.3530145	-2.113964
2.8692265	-0.36379492
3.3593664	-0.37308246
-3.6071324	-3.0550616
0.48315135	-1.9243042
2.9531946	-1.700211
3.4183602	-2.0454714
4.299358	-1.0468084
-2.6966789	-1.2151527
1.4098095	-1.8241537
0.50398207	-1.4607513
1.710878	-0.9428768
-1.122027	-1.5531843
-1.1198132	-3.5706913
1.7535403	3.1403282
2.2033594	-2.009352
1.2370443	1.9271628
1.5828569	2.3027394
-3.142081	-1.2316014
3.5289643	0.17811304
1.9083918	1.599826
4.4550924	-1.9113251
2.5891669	2.0655615
-0.4482467	-0.7712893
5.5423656	-0.7298461
-0.29471666	-1.3807242
2.9450207	-0.6181819
3.3619318	0.8709932
0.38327178	1.8654613
3.764311	-0.78917724
2.6624458	-0.9907691
-2.8719022	-2.0457168
0.21567047	2.9198773
3.314494	-1.6090496
1.9994558	-0.7434935
2.3590553	1.3038481
3.4118986	-2.6895347
3.9823277	-1.8527862
3.7392585	-1.161483
4.222658	-0.41251025
2.6223776	0.7834199
1.4718755	-1.1701654
3.7918465	-0.770559
2.4251337	-0.8699268
1.6549505	1.6353579
3.547781	-1.5883148
3.357867	-1.034471
4.632614	-0.6783294
0.5107612	3.2024913
3.54421	-0.030224724
2.5601285	1.6023406
3.6100137	0.07950778
-1.5119652	-1.0716863
1.1390576	2.7965086
-2.947144	-1.5706506
2.1471398	1.2380953
0.14603949	2.809267
4.4560223	-0.6214389
4.7538834	-2.4698231
-0.36685565	2.4559047
3.625872	-0.6743628
0.32861033	3.5785825
3.9612448	-1.7848462
0.39398462	2.9508436
3.3675084	-0.90776634
2.7442136	-0.5801792
0.014391547	3.6136398
3.8617563	-1.3378636
-1.3939126	-1.7700144
3.6141558	-0.05290865
3.0469341	-0.7839399
2.1173246	-2.2383115
1.6549183	0.6275003
3.4232821	-1.7654219
1.3495388	-1.3632535
3.5606875	-2.2070348
3.2745159	0.30798894
0.54258204	3.2525456
4.6743636	-0.32366794
0.31668168	2.5733483
1.8562169	-2.041684
1.0034027	2.0439754
0.07436659	1.9542397
0.49749845	2.4563322
4.069385	-0.925082
-1.7699475	-1.8405547
3.964537	-2.2730372
-0.79122806	-2.4123576
0.68984455	2.4830658
0.8048889	3.531175
2.5585065	-0.00510027
3.570272	-1.2360239
5.164114	-1.4312955
3.968947	-1.4936374
0.14503634	-2.3197956
5.762284	-1.9523004
3.1222825	-1.1673536
2.4481854	-0.09132196
0.78834367	-3.0678864
0.7302522	3.160873
3.0238671	0.12888469
1.7277662	-1.7278291
2.7732527	1.7124966
0.69285	-3.3451383
2.7279594	0.61618173
-3.810389	-1.0337809
3.9978747	-1.1738296
2.0988095	-1.6109145
1.2084017	3.4990265
-0.461707	-1.1274507
2.1534042	0.47613975
-2.5629523	-1.0049291
3.0329611	-1.5509676
-2.1894324	-1.481822
2.7262924	-2.6914468
2.188857	1.6937612
-3.0517826	-0.9364007
-0.75984573	-1.2663308
4.48013	-0.7254221
-0.97539383	-2.1543863
0.61872053	1.4669498
-5.403623	-1.6931175
-2.1587665	-1.1553566
-3.7938685	-1.4653826
-3.0717318	-1.3564897
-2.574736	-1.3212878
-1.2177911	-1.2131438
-3.886415	-0.86911154
-3.5477233	-1.9645349
1.7689567	-2.643996
2.0175824	1.1069316
3.3275626	-0.28275976
1.1555043	-2.0245361
2.5960848	-2.051694
2.8810103	-1.6278766
3.4320345	-1.8417335
0.36644995	-1.5739151
1.4425492	-1.2214441
1.762948	0.8215239
3.0235925	-1.6215525
0.45701054	2.958345
-0.09975688	2.9214602
-0.30526534	-0.98000365
-0.9041268	-2.1797066
1.2761209	2.6610777
0.52355945	2.427689
2.1553843	1.0963035
2.126626	2.608022
1.6994301	-2.6459992
1.3882945	2.140076
1.3405671	1.0184134
-1.5272357	-1.7988266
-4.1899157	-2.9607553
2.4496293	1.1253612
0.88737416	2.146497
0.75980264	2.8330293
1.6155782	1.6788578
3.5366817	0.30264768
0.48518983	2.573265
-1.5512153	-2.4134786
3.417612	-1.6459422
-4.0921073	-1.8897581
2.9219801	-0.3561186
1.3877859	1.3900641
2.8729186	0.09729329
-4.059495	-1.114698
2.673117	-1.3437922
5.239257	-2.5050201
1.403764	2.8318746
-2.4488919	-0.019083155
1.5815731	1.7371621
-5.7285624	-1.8341893
1.2009999	1.1006043
-1.1373782	-1.894764
-0.6553306	-0.934346
0.02974891	2.3466663
-0.020690821	3.507592
-3.7720916	-1.3625064
-2.7646296	-2.3832264
4.0891633	-1.3638864
0.383592	-0.78809524
2.1890185	0.20128578
-2.8255923	-1.1221099
-0.52483267	-2.6896057
-2.7224119	-0.96767
3.6358898	-1.4716473
3.9399717	-1.4648484
3.3014867	-0.56031
-4.2137623	-1.3119828
1.1672376	3.4433448
0.07821367	4.1922784
-2.2489357	-0.7422515
3.8444011	-0.48212996
1.152479	3.5660203
0.6138534	3.31914
-0.98262024	-2.453326
1.197213	3.0214953
1.8767524	-2.2859418
-0.41518107	-1.557436
0.2683189	-3.3709717
0.96878356	0.65843004
4.398914	-2.1059222
-2.1846662	-1.6042192
2.5825102	0.7500711
2.084559	1.3601527
1.165231	-0.9386535
-3.3295557	-1.2752384
1.9275005	0.42831498
0.06138883	-2.0226922
-2.9514165	-0.93946093
0.13358437	2.6040764
1.2478527	1.9983681
3.582364	-1.0268903
0.5754486	1.4054554
3.374113	0.048317336
3.5433948	-1.9070508
-3.5062766	-1.918257
2.2397351	-2.6422744
0.5776734	3.5611546
4.072011	-2.7078428
-3.8840399	-0.86954606
3.2504292	0.85994524
5.7657137	-1.0650914
0.984695	1.5071303
0.37249935	2.957141
0.6871537	1.4192277
2.800014	1.0048033
-1.2118262	-1.4165546
4.173138	-0.89497805
4.893455	-0.33431923
1.5383337	1.453318
-2.629971	-1.4434195
-2.1750588	-2.3530765
4.3155117	0.099026896
0.8718131	1.5633078
1.7079312	2.5049148
0.64510334	-1.3193061
-1.6708572	-1.5977315
0.9953593	2.0428746
2.061412	0.45091683
-1.0856029	-1.5330033
1.7597629	1.6029139
-2.1251488	-2.1170301
4.4345665	-1.6111741
-1.0501108	-1.8887435
-2.5077448	-1.0375592
3.0928092	-1.755043
5.4066854	-0.37565926
2.4084258	-0.9929128
5.7547355	-1.3698626
4.0189805	-1.2820771
4.738494	-1.3508675
4.653763	-1.1541481
0.99190414	-1.38932
2.4891443	0.1746284
3.0063076	-2.550847
5.0373855	-0.9763123
1.6510206	1.4869982
0.43573436	-1.5007018
-1.4499459	-1.7428966
1.9750403	-1.4792029
1.2685649	2.4677424
0.92970055	-1.584533
3.5013564	0.38520497
1.9097147	-0.986569
5.0753956	-1.9049994
3.4440627	-1.1833171
1.4663236	2.0911245
-1.1329995	2.6185334
3.9803777	-0.41977268
2.2135508	0.9648522
2.6044245	-0.71369094
2.4678543	-0.26253232
0.23632744	-1.4658176
5.2417655	-0.8559439
-0.22457206	-2.1390088
4.5870223	-2.0116298
-2.62334	-2.018718
2.481866	-0.9955609
0.231995	1.9190958
4.0359864	-1.4752822
5.1961346	-1.9744982
1.0051594	-2.5982594
4.5531435	1.7541639
0.10383324	3.6774735
2.5010755	0.25302148
-2.914766	-1.412679
2.3144171	-1.9568988
-3.3849537	-0.17646345
3.0425563	-0.6233446
-5.1579003	-1.4195207
3.2793188	1.6693076
1.813615	0.8933128
2.79783	2.2998297
-4.6380506	-2.0001776
4.6157193	-2.4138703
1.1058534	2.309799
0.34735444	-2.740313
-0.9033969	-2.547565
3.2463694	1.9552429
2.695742	-0.18515977
0.7748082	2.2437527
1.5272293	-2.167109
-0.46262974	-0.7839569
2.445285	-1.8930312
2.5564744	0.64620084
0.44973394	2.6037517
0.88221425	-1.797044
-0.45740503	-0.99834365
-0.3509979	-1.4688629
4.274052	-0.39605713
-4.015572	-1.5079423
1.8714709	0.33506942
-0.98293895	-3.0755737
-1.8274454	-2.093234
-0.24396543	3.135883
1.1517357	1.4294541
3.31647	-2.8242989
3.794703	-0.5898068
1.9258153	-1.9200431
1.6432899	-0.2904655
-1.0619172	-0.9528222
-2.3998067	-0.7571667
4.411489	-2.575669
2.4472475	3.0863595
-0.2513885	3.5430436
1.977984	0.027461933
1.3116692	0.6492955
4.074491	0.20011668
2.0807061	-1.4382008
-1.4624002	-2.1490018
3.9720886	-1.804443
-0.8259039	-0.9622529
-0.73686934	-1.4521676
-1.7405039	-1.9965259
-3.1170306	-1.5901756
4.215859	-0.6663558
-1.1480851	-1.9345386
1.5915626	1.1216832
2.7711387	-1.1736232
-0.795813	-1.420909
-3.2354283	-1.4617277
3.5804915	-1.7309307
-1.0628511	3.0038621
1.5869027	-2.2990723
-1.2391152	-0.66667014
2.4114523	1.0618653
-2.8084192	-0.880154
2.7867365	0.44083235
1.8239306	-0.93434197
5.3930726	-1.8501068
3.7619379	-1.2368594
-2.567566	-1.4477208
3.4811265	-1.6890613
-1.5510544	-1.949325
3.1809676	-1.1364975
3.9198282	-1.6724899
0.5738696	1.3514161
3.1377819	-1.8173369
2.919846	-0.22593783
-2.3423445	-1.4812557
1.6148196	1.7038176
1.8190545	1.7747141
4.165325	-1.687315
-4.378835	-1.5603161
2.960516	0.29642487
4.3513527	-1.5068611
1.2652041	1.8208274
-3.237353	-1.7661734
-3.8457382	-1.2993984
2.4375575	1.1166722
-2.1773868	-2.4318852
0.7436467	1.0600408
0.15413749	-1.9634246
3.3683927	-0.7399342
-3.5653024	-3.8042338
2.547498	1.5341415
1.3237586	1.2648766
3.3251245	1.2683942
4.5354137	-2.3123114
4.651764	-1.2195228
1.1737198	1.27894
1.3753653	-2.09757
1.0491507	-3.463469
-0.18263689	-1.5817819
4.418524	-2.110351
-4.1897874	-1.1870756
2.532992	-1.671105
1.829788	-1.19682
-2.144157	-1.4163628
-3.415645	-1.4436511
1.9050654	1.8400998
-0.41140652	-1.3958172
2.8851433	-1.2109038
3.7220478	-1.1884227
2.741596	0.9462808
2.994941	-2.2256136
2.0374384	0.93348867
-0.45728073	-1.9836848
-3.562344	-1.3610493
2.8766017	-0.25083932
2.39169	0.6584969
-1.7024045	-1.3885407
-3.41264	-1.9915267
4.2348647	-0.7618553
-0.5643401	-2.418001
2.9056606	1.1560161
4.853137	-1.565954
0.4979666	3.8929539
3.1249704	-1.8489733
-0.8838043	-1.7648761
3.53947	-0.9684128
3.387208	-1.9391963
-2.2426612	-1.6874632
2.4709253	0.163373
-1.3716717	-1.8845899
-2.0998697	-0.85516125
4.8635983	-1.8042098
3.1348586	1.1597857
0.12290449	4.1132884
2.5521472	0.6636345
-4.069206	-1.8232621
-0.9160342	-2.5477371
2.7838883	1.813164
1.8554726	1.7473931
1.8664091	2.1848881
-2.8827963	-2.2121878
5.098076	-1.4196515
1.3137307	3.2893744
0.5357551	-1.0925833
1.441352	-2.6502755
-0.33747974	-1.8829498
1.6671387	1.4092344
-0.193638	-0.7392515
3.8582642	0.14770079
3.6318793	-1.9694961
2.850255	0.3436549
-3.321907	-1.3401173
-2.822518	-1.77573
4.779954	-1.8840587
2.142894	0.87087023
3.7668676	-0.9910033
-0.8743528	-1.6753069
4.068727	-1.8878311
0.7733814	1.7716702
2.7269526	-0.6647915
1.3530614	3.6255496
0.82099056	2.8804708
2.1807857	-0.66407996
1.9333357	0.7715784
4.294846	-1.6820997
4.7180257	-1.5535256
3.7624662	-2.5238826
3.4470932	-0.98794675
0.5068781	-2.177429
3.306681	0.051246516
0.46751496	3.622512
1.5491595	-2.024022
-1.9555715	-2.1350224
5.5188913	-0.704515
-3.1407084	-2.3919597
-1.1469012	-1.7643248
2.9487052	0.24573414
-3.6271052	-2.1102262
0.5202347	-1.5887982
3.8206878	-0.8775488
-3.1308408	-1.7243978
4.1071777	-1.3322909
-0.39353767	-2.1863642
-3.594432	-1.8170874
2.5406544	-0.57545733
1.7494073	0.2899201
0.31012794	-1.1409589
4.132874	-2.230991
-1.4088975	-1.3825469
-2.3056953	-1.8762416
-0.011784885	-1.2484356
0.6860396	3.4843118
3.6913247	-0.21710166
2.0710638	1.1086757
-1.4638733	-1.4889505
-5.033427	-0.76856565
0.6439651	1.0305387
0.37642574	1.6890161
0.5980396	-2.4317217
-0.12395543	3.1696646
3.3758705	-1.1707946
-2.0910957	-2.7250586
0.27905858	-1.0199871
3.9883986	-0.86616075
3.5898643	-0.10659643
0.90210795	2.7085893
4.1824455	-1.5571623
-2.9422383	-1.0235004
3.9431431	0.42817453
0.17229551	3.6104708
-1.9675838	-1.2126595
0.25500074	2.4800947
2.1384609	1.2008317
1.461739	1.751081
4.691117	-1.9809357
1.1954635	1.4233716
0.3632799	3.4191346
-2.329904	-2.7783794
4.6617346	0.64221305
4.10783	-1.5388579
1.3988521	-2.446834
3.7943704	-0.69647145
4.0258765	-0.6245017
3.1609077	-1.3938409
2.1577196	0.61772925
4.762284	-1.5496346
-2.9984236	-1.332084
-1.6830115	-2.3372898
2.2721674	2.6044166
3.2048135	0.11689671
4.14835	-1.7524942
1.9682593	0.9485337
5.307469	-0.6859324
-1.787183	-0.5512837
-0.3469498	2.4480028
2.2317004	0.5275013
1.7281685	0.3326642
1.9785584	-1.8471539
4.2406354	-0.8172551
3.0119479	-1.9976782
-5.5736794	-1.2375122
4.6757145	-2.527891
3.4655313	0.18035163
3.6367207	-0.19363976
1.4364291	1.7904519
4.4119353	-1.4252862
4.1332903	-1.2189285
2.9737115	-0.39132896
3.551799	-2.383892
-4.6429853	-1.5105098
-3.9992905	-1.8948778
4.805432	-2.0014186
3.0702436	-1.006822
3.5650845	-1.5242466
1.5653943	-1.903991
-0.5749566	2.4944763
3.4703226	0.26593354
1.5390034	2.4647088
-0.72961277	-2.9648192
1.418201	-1.6138269
3.7887378	-0.4436362
2.151542	1.4092888
0.17885418	2.6848378
0.09181893	-0.969309
-3.062562	-1.2819451
2.1231062	0.37544557
3.5392315	-1.5194155
2.938148	-1.0176607
-0.6813125	2.6186323
5.3223696	-1.7434864
0.7423819	1.6915846
3.6425931	-2.098248
-1.8116268	-2.3484406
2.9675443	1.7152363
5.9002943	-0.8073779
1.3349155	-1.9261638
3.1605148	-0.7690362
2.4463277	0.74729186
1.3957102	2.3237796
0.6586765	2.1061163
4.822449	-1.6153226
1.6043156	-1.188965
3.271743	-0.7465808
-0.8330367	-2.2074368
1.4448885	-0.8891219
2.3419242	-2.4380221
1.5857025	2.4877367
5.439898	-0.95504516
-5.557222	-2.2675657
1.111242	-1.7536024
2.153109	-1.7194638
-1.6648779	-1.3125657
1.1399486	2.3954427
0.009648601	-3.281007
-0.8238173	-1.5826443
1.9904226	-0.4828432
2.0738866	-0.92728025
1.8352889	1.8257858
4.946474	-2.6125376
-3.695232	-1.7587465
0.9179227	2.1030838
3.0308294	-0.6410192
4.388038	-1.7690704
-4.324186	-2.13859
2.8628597	-0.5674252
-1.8658094	-1.4498723
1.3833923	1.3990277
4.6228614	-1.7224026
3.2990625	-2.1608665
1.4820966	-1.914876
0.43843523	2.650444
1.3678954	0.6397002
3.8831174	-0.57391876
1.757323	2.6978502
4.517692	-1.4929552
0.31516778	-2.7184303
0.18930855	2.626983
2.2391417	1.404927
3.7328315	-1.8389715
0.6814901	1.9791849
0.15848254	2.8525066
2.3153248	-1.9414415
0.37392396	3.019551
4.3065248	-1.0828456
3.0523083	-1.0468599
1.9685585	1.5946162
5.1285744	-0.35486475
3.1665313	-1.8075106
3.4058645	2.0244317
5.3835864	-1.235797
4.8505225	-1.9872428
2.4458377	1.7080212
-2.4554605	-2.3794143
-0.45109513	-1.340646
1.1828914	1.9982866
2.6549637	1.3998696
2.3772933	-0.2852678
0.75189185	1.5331836
0.9651044	2.8330386
3.061147	0.21654081
2.359622	-1.6224606
2.0201688	-2.2549634
1.1964561	1.5115266
-0.26077873	-0.5679232
0.41147333	-1.3067983
1.229409	1.007544
2.3990488	-0.86697924
3.524986	-1.6765974
2.419959	-2.3566473
2.474729	0.22802532
4.0603137	-0.3820918
1.8282785	-0.639217
-4.0313554	-2.4207027
-3.0077388	-1.9597585
0.4636954	1.7500023
0.7374088	-2.9047325
3.29165	-0.18250054
3.4178462	-1.7172459
1.6177284	2.3498123
-0.027268138	3.0505855
-0.97822666	-2.2056873
1.9363571	-1.2166731
0.81158	3.437904
-0.43256178	-2.923973
2.7602181	-2.061655
3.1613104	-0.33387813
4.2088413	-0.9254549
4.305977	0.2048414
3.507309	-0.71065015
2.5500696	-2.347546
1.1894472	-0.9381811
3.1872866	-0.41898492
-0.024993619	3.376054
-3.7498357	-1.4188292
2.8496454	-2.0057418
4.515392	-2.1423569
0.8586058	2.352465
1.20679	-1.7625669
4.698035	-1.9215778
-0.106020026	2.5320017
4.3655047	-1.1489252
1.5694418	-2.4239426
-0.7586695	-0.41897905
1.4749463	-0.8190932
4.271113	-0.94297117
-3.9229898	-0.49024343
1.6546791	1.4273468
-0.8171261	-1.9775534
0.58456206	1.9238242
1.9614733	-2.4267917
0.13330568	1.8903353
1.7002602	2.0121095
0.46741152	3.0274646
-2.7240255	-1.5523177
1.9679186	2.9143863
2.7932842	-0.75171447
1.6862165	2.7467935
0.6125355	2.6872025
4.859347	-1.376053
4.899297	-1.3413267
2.492267	1.5314399
1.3877511	4.865397
-2.0666227	-2.098462
2.3253272	-1.6808747
2.6523967	1.1126529
-1.932136	-1.9162844
1.2994576	1.8030142
2.0759351	-0.31189343
0.07547796	1.777044
3.854607	-2.4376452
4.9955354	-2.2966094
0.908554	-1.8725495
1.3474493	-1.0634768
0.19615553	-0.111909814
0.6643533	2.6192353
3.899605	-0.38553122
0.58731097	2.2762957
-3.178102	-1.810224
1.6464187	0.8912959
-0.4703388	-1.7397858
2.6215577	-1.3983908
-1.0817848	-1.6197697
-0.44636083	3.7301686
1.4224993	-3.4122267
-2.7475939	-0.50130594
1.6859813	-2.521562
-1.6408604	-2.349812
3.3932147	-1.0634189
2.5747495	-1.8434591
-0.44683862	2.3918593
0.4233239	3.9862738
1.7469765	0.78751075
-0.35433933	-0.6370465
0.8840974	-1.6410496
1.6703149	-1.6097039
2.5950348	0.9521812
3.3475692	0.4887899
-1.2591468	-2.6460874
0.5176167	-2.5256298
-3.2595508	-1.949191
-3.1640265	-2.3224444
3.9741917	-1.1861898
2.970878	-1.3381536
4.353067	-1.7701774
4.237416	0.31647637
1.6758856	1.418352
-3.3695493	-0.9539689
-3.6252906	-2.4881706
3.5698717	-0.7738802
2.134838	1.7645968
1.3023995	0.9122975
-3.5247464	-1.8342396
2.1533415	1.9019964
2.2701678	1.4489127
3.352295	0.82382303
0.014564774	3.76397
-3.7142692	-0.8868748
0.7667575	2.3268447
3.5027463	-0.90563124
4.173755	-2.5865448
4.917701	-1.5663195
3.4287355	-0.823563
-1.5780408	-2.0290627
4.0566673	-0.017507743
2.0470326	2.5502157
-1.826003	-1.1252029
0.4979325	2.7821004
4.182868	-0.832305
0.4872158	-1.7923744
-0.39126232	-0.77752584
1.2947949	-2.0361593
-4.3453155	-2.8142014
-3.756323	-2.300622
5.988434	-1.2933877
1.1908585	1.710396
-2.2409031	-2.0947216
4.5514708	-0.99066085
4.9376464	-0.7902521
3.518896	-2.0204313
-0.6535566	-1.8399378
3.98765	-2.5113597
-4.185506	-2.1829395
1.7155275	1.201498
-2.427216	-1.644062
4.7005587	-1.3995123
0.83816236	1.7122045
-3.1458566	-1.4132813
2.8760114	-2.454246
0.54698163	1.5344241
0.85808104	2.1849132
2.819514	0.60704243
-4.8970737	-1.9422768
1.8727803	-1.590665
-0.04169041	-0.5119905
1.8832246	1.9131194
3.0581949	0.81520844
0.17411712	2.4311554
0.34802064	2.587864
0.7069357	1.5190327
4.890956	-0.76512897
3.713592	-0.4460724
0.6841842	2.9476068
-0.23369439	1.136933
-2.8618398	-2.0699556
0.62180924	-1.6210517
0.14714691	-0.5688147
1.5999882	1.1939021
2.277789	-2.0231133
4.4385095	-1.0305098
0.8974009	-2.65099
-1.7050562	-2.4671404
1.2394114	1.0761312
4.165145	-1.642294
-2.9516363	-2.0591354
3.6265056	-2.7137465
-1.3076706	-2.402388
0.40878648	2.6035068
2.7364218	-3.0823152
0.80454576	3.2686453
-3.7756295	-1.8770564
-1.9546764	-1.7971675
0.5786744	-3.0225103
3.1822593	-0.1602789
1.7767273	-0.83429265
0.13068797	-2.4487267
-1.9599776	-0.890181
1.153591	1.0575525
1.8209158	0.7740703
2.4993207	0.39873323
1.0702764	2.0661857
2.2810028	2.0622473
2.8827593	1.1132679
1.6031932	0.6606766
4.2185755	-1.7228631
-3.3614056	-0.8429976
-4.5084224	-1.1613595
0.28662488	-0.086496085
-2.245078	-2.4034612
2.824585	-1.9602968
2.2373242	1.8829037
3.8866103	0.29971635
2.1072302	-1.7063359
-4.2166986	-1.1023544
-0.22121951	1.435994
4.751799	-1.0016555
0.4125267	3.7131886
-0.024944203	-3.049757
2.366462	0.74053276
0.5560062	1.380603
1.4172431	2.224651
3.0287664	1.758744
2.5917237	1.0138253
2.247035	-1.4661449
3.3277931	-1.6155113
-2.5499473	-1.9528252
2.0165837	0.15526085
-2.5691047	-2.438287
1.7775364	0.34626448
-1.7398318	-1.6901513
-0.10739287	2.5812342
-0.22077774	-1.3022491
-0.22291632	-1.9259642
4.251203	-0.29669252
-1.9582008	-1.2709515
2.7942147	-1.1558223
-2.9170332	-3.0107968
-0.63055295	-2.1117737
2.2779248	1.0780793
-4.93622	-0.6028362
-3.1590793	-0.9544701
2.5502095	0.56755656
0.92735	1.1171091
5.58368	-0.61745876
2.5777366	-0.12446528
1.8449259	0.07823123
4.1035876	-0.12705198
0.20334499	-2.6896887
4.3869843	0.5690798
-2.1021898	-2.34333
-3.9692044	-1.5561408
-4.495068	-2.3990204
2.4558465	0.6564926
1.96559	0.80934554
4.03179	-4.104085
-0.009962877	3.5472794
4.9356036	-1.5991186
1.8183388	1.6913702
-1.0209559	-0.89523387
1.0858233	2.4256017
2.436501	-0.24025244
2.8922076	0.71319044
0.27778718	1.6392138
1.1218038	1.9310944
-2.7115333	-3.3073847
4.052432	-1.517903
0.3676537	-2.4184532
2.1945512	-1.638479
1.0158904	1.372399
0.8265804	2.0876544
4.0624633	-0.6724051
1.9477026	0.23174457
-0.20811763	-2.8270898
2.6120715	1.2035556
0.4657655	3.0371065
3.6798964	-1.4285779
3.4332738	-1.3606354
-5.2688417	-2.463716
2.9519308	-1.0754728
3.6416173	0.735679
-0.20114045	-1.9905928
-1.0375248	-1.2203832
-3.4699504	-2.1602805
4.2591667	-0.70624185
4.2652817	-0.09696831
3.0020697	0.2743953
4.1386747	-0.7221734
1.4052633	2.2483017
1.8694444	1.2556362
2.5332654	1.8787317
0.7274218	-0.6200522
2.857064	-1.5252391
-1.7380879	-1.3849982
1.2794498	-1.1065784
3.0605836	-1.5454888
-2.5222783	-2.1485703
1.8935102	0.48176458
3.4451745	-1.2015564
2.3389452	1.2001389
4.9914675	-2.0346615
2.6962376	0.5053283
-3.3363764	-1.6306667
-1.7392385	-1.9662668
1.3977797	1.3865768
-1.4894264	-1.6559819
-4.3452864	-0.7853482
-1.1611484	-2.903663
2.7594323	0.9863465
4.7135878	-1.8681976
0.71276927	1.5372306
2.4418657	0.11006782
0.30547395	-1.8434681
1.3539444	-2.136462
3.6271179	-0.7023309
4.043815	-1.7624881
4.127959	-1.050229
4.346179	-2.4770954
2.7165604	-0.45658317
1.2074887	3.2430105
-3.4423203	-1.8627502
2.071522	-1.0801629
-4.4679728	-2.6301033
3.4598136	-1.2301142
4.2807293	-1.5855148
2.343327	0.6372376
4.387482	-2.2655349
2.5766394	1.4307424
1.00996	2.938469
4.1674714	-2.2703242
-3.8296144	-0.67079526
-3.1615815	-2.0164366
-3.701467	-0.62592006
2.180915	1.1951815
4.9751177	-1.9826097
-0.31225654	2.886302
2.91169	1.153057
3.938894	-1.0139382
-0.339665	-3.478318
4.502606	-0.6941083
1.5602814	-0.91782886
3.2175732	-2.9999447
3.3624938	-0.47200236
0.59359175	-1.2580972
3.5557919	-3.2409396
-0.64153284	-2.8257885
1.795174	1.7909095
4.698224	-1.5827538
1.686176	1.5990971
4.596625	-1.9785639
0.39704958	-2.319636
1.2021104	0.41943836
-3.9518843	-2.5684924
-2.706763	-0.6878913
0.67134976	1.5293182
4.6169357	-0.9925197
3.27633	-0.3172081
4.5959163	-1.4276037
3.5646389	0.9290815
3.8934956	-0.18982227
0.9636652	2.5727315
-3.5423725	-1.1889591
2.811354	-0.7213771
-2.404029	-1.092313
-0.3583208	-1.7601471
-2.2830899	-1.709393
-0.6373453	-1.3189975
-3.186493	-2.4405105
1.8160632	-1.1995231
1.4613823	2.0364513
-3.7214253	-1.445132
2.965462	0.8171639
-0.42175877	-2.253254
4.5896454	-1.6535653
0.742683	1.9882466
1.4706953	2.428726
2.2583842	-1.3782027
4.431787	-2.0756595
2.0184395	0.6188255
-2.5883567	-2.0429435
1.2162168	-1.7194388
1.1230223	-2.1919239
4.424455	-2.213479
0.6390154	4.9282856
3.7706707	-2.0600593
5.2138085	-1.5792258
1.122681	1.2549181
-2.5495732	-2.1170487
3.311299	-0.9016174
3.6264796	-0.8076263
2.0338874	0.5626333
-3.730702	-1.3939713
2.9078894	-1.9081517
1.4353808	-1.6353134
0.50463843	3.036156
-2.4097366	-2.4916174
-2.2064502	-1.7332976
1.513794	-1.0234252
2.3565874	0.88965607
-1.1423967	-1.7147024
1.9216932	-1.3833568
1.8090695	-2.3963106
-4.2750707	-0.30049816
3.1499848	-0.322631
-3.7133896	-1.7689704
3.0907564	-0.43717438
0.031813927	-2.448928
-0.56234974	-1.2190311
1.9137673	-0.30579782
0.11515658	-0.89158034
3.91036	1.337535
-4.3436193	-2.1606882
0.35998595	-2.0028782
5.3111157	-1.8847297
1.3803529	2.4128568
-0.4575042	-1.9458958
-5.4162745	-1.5824858
3.2877963	-2.0912895
3.4911375	0.7900341
-1.1360588	-2.3323479
0.8036288	2.3203654
-0.14114796	-1.2454346
1.4700888	0.6975016
2.7399654	0.9692683
0.8800902	-1.3655126
3.0231369	-0.33752677
-2.815053	-1.4152039
1.0336164	-0.14004795
-0.93026197	-2.042144
2.4956076	1.0991496
4.559009	-2.292517
-2.9579275	-2.078988
2.8300545	-1.2746549
0.6661727	2.1582708
-0.6867921	-1.4001793
0.56041265	0.8834357
-1.462106	-0.8240515
3.2335825	-2.2915995
3.792865	-0.2545713
2.4295216	1.9243144
4.307431	-1.8648474
0.7805059	-2.171419
2.2023342	1.4645908
1.5307503	-0.14186053
2.9239361	-1.6012927
-3.2405522	-1.0114334
-2.0361302	-0.43510294
1.0285112	-1.8052877
-0.14513676	3.4713273
-2.757258	-0.996523
1.5656306	0.73874545
1.1502793	2.0876741
3.329009	-1.2452149
-3.5536804	-1.2693192
1.0391129	-2.2527566
-1.1304858	-1.324489
-1.2350072	-1.838691
1.6056482	-1.3363072
3.491456	-0.64244014
1.823461	1.507164
0.5216585	-1.6204984
0.45652512	1.7908975
3.2898974	-0.06377253
2.886723	0.5194352
-4.556029	-2.2521732
4.5010805	-0.12355381
2.172837	-0.27126306
5.0389996	-1.597026
4.6507835	-0.8643003
1.5024434	1.760881
1.8244091	1.6434184
2.1988595	-1.9900717
2.9751432	0.8763572
2.749121	0.9253459
4.05211	-0.8610806
5.2647347	-1.4685459
0.8842681	3.3300617
3.2874033	0.6453195
3.5028644	-2.1203482
3.5100272	-2.378767
-2.3645887	-1.0593444
-3.7576647	-0.80573946
3.602909	-0.06332447
4.5650735	-0.3881953
-1.0941205	-1.0164046
1.840358	-0.41520923
-2.9554634	-1.8675194
1.2247689	-2.3433814
-4.447419	-1.9912783
2.5862284	0.07744164
3.0011692	-0.670917
1.1440806	-1.143509
-2.6183488	-1.6768415
-3.3323889	0.027109109
2.5845869	0.82224315
2.9340005	-2.2357287
4.49687	-1.4835265
2.4339375	-0.97640014
-0.4547344	-1.5409193
3.917274	-1.2338291
0.97186714	4.3990035
1.4298613	2.7563155
-1.7299696	-0.6773737
2.3079798	0.06035387
3.6071515	-1.1937692
3.3099782	0.6284938
1.9086899	0.6018505
4.7682085	-2.0821846
-2.1844683	-1.580683
1.3988549	1.7430397
-0.58801913	-2.1991465
1.209418	-1.9952
1.3771408	1.698793
3.3620825	-2.816712
-2.2018898	-1.1595836
2.2811491	-2.025315
0.53003997	2.0721557
2.4799204	-0.8199691
2.1739	-3.3984025
5.098526	-2.1567054
4.0514655	-1.1459528
2.297888	1.0472597
-0.11586357	-1.7004514
-0.3933693	-2.5291483
0.9006259	3.7509089
-3.9779763	-2.1018271
-0.6320466	-1.9263358
-3.0364501	-2.2295508
1.1416165	-1.1849033
1.5949416	-0.017870763
2.589514	1.1808155
3.0893064	0.60029006
0.86121625	1.437943
1.7810404	-1.5139574
-2.88402	-1.1547613
0.5575799	3.809064
0.21267526	2.943041
0.80678296	-1.2644529
-2.9077532	-1.659738
1.0576453	2.3520067
3.6724935	-2.0714426
3.5491157	-1.6057165
1.9951861	-1.3729452
1.7352282	-1.2100245
2.281116	-2.2041829
2.33082	0.010445701
-2.921094	-1.3377423
4.0959015	1.2514979
3.8357525	-2.209742
3.168152	0.37494084
4.412937	-0.81535804
-3.2188652	-2.1433065
1.4783974	-2.8715057
2.8911102	0.25803593
0.98150253	-2.5121312
0.23270577	1.692412
-4.0067945	-1.7395289
0.7597091	-1.7743496
3.837336	-0.3854029
-0.12272281	-1.7737746
3.2184963	1.1461861
0.9668367	3.2421381
0.69187915	2.6389325
-4.8241506	-2.6180453
-3.5571165	-1.3646344
-2.931323	-2.928679
2.9671967	0.9497416
-0.07766919	-1.9340578
-0.11864333	3.95297
3.5337942	-1.5911331
2.4757013	-0.97800756
0.56428	2.5912368
3.5157723	-0.20335048
4.184069	-1.2635994
3.7421503	-1.3563329
-2.4163697	-2.1512012
1.7527665	1.588401
4.6084437	-1.549571
0.32343587	2.0863113
-3.0084534	-1.5664886
2.2883155	1.3329386
2.2223125	-1.5976685
4.084713	-0.23428218
-1.4909447	-0.94771045
3.979524	-1.0137163
0.64187545	0.8403711
1.2569021	-0.19576013
3.7180831	-1.7194674
0.8300731	1.8891495
-2.3338122	-2.048859
2.164541	-2.720885
-3.340765	-2.0225213
1.3739561	-2.874522
-4.4204507	-2.9135027
-0.22929081	-1.5302794
-4.8075676	-2.1850102
-2.8879902	-1.4415988
1.6150421	1.7142569
-0.99288166	-1.9522096
4.396635	-1.3842316
-2.385307	-1.0649459
6.03061	-2.1692786
-3.568628	-1.9367665
2.320121	2.2540908
3.6884277	1.2395622
-0.9066104	-1.7859724
1.3193609	0.19885564
-5.404552	-1.1568236
0.34725145	-1.4268022
1.2151302	-2.228343
-4.245703	-1.0602444
5.022759	-2.5731714
1.7635709	1.0204936
3.2719622	-0.42114645
4.1137958	-1.8830173
5.6328735	-1.318783
3.4740255	0.4176439
1.9540335	-0.36067933
3.07063	0.27988595
-4.4494042	-2.634642
2.44573	0.9467926
1.4549737	2.3684762
-2.324396	-2.3750896
2.105954	-1.8967277
-4.199805	-2.0315928
4.454269	-1.5440309
0.44763738	1.4595045
-4.016942	-0.22118664
3.4408839	0.06915651
-1.9454231	-1.6463197
3.4611087	-0.10838548
2.3194935	0.64994645
2.8696425	0.5419882
2.217506	-0.7944453
1.0498649	-2.192031
1.5521592	0.6359734
4.5395455	-1.3833096
0.2713057	3.1223574
4.788799	-0.23249227
-0.11781608	-1.7344228
5.134406	0.19341557
1.2353003	2.7087293
0.21208483	-1.4199176
-0.26352435	-2.6072433
1.6120968	2.1692784
-4.6589484	-2.4555085
2.715279	-0.6377638
-4.725717	-2.345043
2.9366114	-0.23859537
-2.2493155	-2.3669238
-2.069053	-1.6300719
-0.5327955	-1.5967436
5.309229	-2.3152068
3.6441498	-1.5846754
3.949193	-2.2784188
4.9570894	-0.96989393
-1.9942063	-1.1549568
0.2653927	0.8234613
0.031135274	3.1073036
4.4876914	-1.0653377
-1.4215842	-0.78649116
0.86927557	-1.133324
2.3004954	1.6058662
1.477178	-0.9695916
0.5699359	-1.4427334
-4.837908	-2.4752648
1.7318802	1.3115585
3.2142963	-1.8211641
1.2514695	2.980374
-3.333472	-1.7677574
-1.3911057	-1.0119873
2.1766706	-2.6547327
2.433432	-1.9948059
2.3478682	0.9511069
1.1547838	2.6353118
4.6070375	-1.7857437
-1.1711901	-0.5288336
-3.978865	-2.269953
1.3172047	-1.616743
-1.9343427	-2.4971285
3.5651553	-1.0505397
-2.3470957	-1.290407
3.1579766	-2.9081788
3.2263317	-1.3082262
0.9763642	3.2124233
-1.273857	-2.608017
0.0974856	-2.6799712
-0.5695622	-2.6645734
3.9218318	-0.71873033
2.2889435	-1.0612887
-1.361045	-2.0213897
4.197998	0.4414522
1.5203313	-1.2617173
3.4875982	-0.8004146
4.324713	-1.1525071
-3.9191275	-1.5369629
-2.1533968	-1.6761357
-1.8922487	-0.43834516
3.5691543	0.10533295
-1.5471909	-0.7982063
3.5432568	-1.5269881
-0.023288008	-2.5484402
-1.566473	-1.7585932
-4.846411	-0.21921611
1.1974298	-2.0450232
2.5971437	-1.0266143
2.600611	0.3022994
-1.1946254	-1.7100178
0.3558182	-2.0313926
-3.9254663	-1.8632851
4.6497903	-0.5411237
1.7943553	-1.7439876
4.071927	-1.7326019
2.4216774	0.34655175
2.849825	-0.35749722
3.9697244	0.58713776
4.866983	-1.128299
5.5888815	-1.6003621
2.2239428	0.5341932
2.2418969	-1.9651804
0.5413079	-0.913321
0.7836683	2.0232573
-0.040533166	-2.384407
1.3933865	0.8900524
2.5830834	-0.019661792
3.243533	0.33661297
2.1512551	0.26759455
1.4252486	1.4685913
1.0283635	3.3234174
-3.3279781	-1.8135315
4.41779	-2.5282447
-4.949649	-2.3821902
2.704824	-1.5149834
-2.1780946	-1.5629071
4.229547	-1.930734
0.75734806	1.9287608
-2.888899	-2.416643
-0.6869545	-0.2518828
1.0532147	3.5108018
4.3477993	-0.9053248
2.497996	-1.7909573
2.1849804	1.3485695
-2.263243	-2.0725627
1.495726	2.7990623
1.8171319	2.2519133
2.9496875	0.2959505
3.384938	-3.086155
0.8753967	2.0293791
4.6287313	-1.8237567
1.3217441	2.118591
1.6829524	1.0623032
-2.4266434	-2.4344904
0.41977334	3.3233716
1.9926106	-2.09747
4.7129793	-0.5097959
2.9458807	0.29704267
4.31125	-0.7532485
1.632302	3.4011712
3.5641067	0.16330205
-2.3109727	-2.0323856
0.28585404	3.491577
1.0487915	2.0107396
4.4285913	-0.754926
4.1028986	-1.6288284
1.6940662	2.3277695
-4.1453075	-1.6214787
3.6518745	-0.051792346
3.8642826	-1.915821
-4.598664	-1.5713305
1.8700254	0.9517062
-3.6941009	-1.2579901
3.4951866	-1.4106305
1.6954978	-2.1749477
4.0001907	-0.62050605
6.48913	-0.83462113
2.4343011	0.6943238
0.29604226	-2.655771
3.7642736	-1.4295815
-3.6550667	-1.3152277
-1.7300004	-2.3872976
0.18728453	-2.3179169
3.2279613	0.7171054
2.4029741	1.0797276
-0.5932814	-3.0906408
-3.9810882	-1.8498514
-1.8467195	-0.8678303
1.3779763	1.674944
1.3645937	-1.4187421
1.5848384	2.6059644
4.272646	-2.8420343
1.9183985	-0.80568236
2.3776515	1.0842665
1.6198819	1.601081
0.1946026	-1.3850422
4.002452	-1.9338788
4.008341	-0.9844488
2.0488172	0.6356968
2.725052	-1.3022776
-2.603209	-2.2334228
4.039293	-3.1804605
4.0019164	1.207205
-0.13917732	3.0418932
1.3262684	1.9549197
2.2437656	-1.712436
0.7084085	-1.8434507
0.8379809	-2.4933987
1.4583795	0.57237077
4.033148	-0.9946577
4.9194136	-0.3664927
1.9550838	1.5320528
2.0763764	-0.4715912
0.23900355	2.9453638
4.1651587	-0.18498987
-3.1036563	-3.165519
1.8655282	0.5805471
2.3644345	1.5333731
-2.2234936	-1.6099198
-1.0848749	3.2710016
-0.5900872	-1.206871
-0.26454273	-1.3811774
4.5605474	-0.83489853
2.8529143	-1.4230361
1.5888731	0.74233836
3.0691462	-2.4573534
4.383704	-0.49217767
0.15176514	3.4604244
-2.5434227	-2.193602
4.705456	-0.2894961
4.448357	-0.9323357
0.28495535	-1.6940913
-5.151963	-1.1721758
0.18528235	-0.75514776
-0.2406317	3.572065
0.56776863	3.4289048
2.084361	1.773504
-0.109248236	-1.8764118
0.24086931	2.8572745
1.6208678	3.4030924
1.1894037	-1.3896075
3.1461468	-1.4775349
1.0305015	3.3544676
-0.90248185	-3.062373
0.19133756	1.6128744
4.4070973	-2.5493858
0.47350463	2.2169962
0.50131273	3.0986702
3.8187287	-1.1873244
0.5695877	2.412697
-1.4297171	-1.852891
3.4395816	-0.34356704
3.6950727	-2.053159
2.5168433	1.2918415
2.0008678	2.664994
1.4884961	0.48096585
2.5451136	-0.27012753
4.4943876	-1.2418787
2.646099	-1.5949948
3.6749935	-2.78186
-1.73409	-2.0841467
3.5049224	1.4250703
4.376039	-0.78788614
3.8385031	-0.12284822
0.8845193	2.6635625
4.415092	-1.0884718
2.3984983	-1.0997235
0.860632	0.758183
1.414175	1.4609616
1.6350082	-1.7760508
-1.1023209	-1.5565876
3.5676532	0.67170054
-3.181335	-1.457538
1.2834336	-2.3590941
4.8544526	-0.99097836
4.2892437	-0.67418754
-3.9662106	-2.5134096
3.3042588	-0.79212934
5.1971135	-2.021365
-1.9246696	-2.1423857
3.013547	-2.0349078
3.450564	-0.9546741
3.7208483	-0.2619831
2.5019221	0.8269051
-1.0759318	-0.55359787
-4.3441553	-2.7187374
-4.268104	-2.0638068
1.9392911	-0.5890875
5.3522344	-0.5515082
-4.0897846	-2.1927705
3.9153807	-2.9633586
-4.798682	-0.9024097
-3.2190862	-1.0066186
1.3833977	2.5936177
2.6184275	-1.421772
2.1999917	-0.7813757
1.5729511	-0.79687613
1.500031	-1.7888299
2.245849	1.9391476
2.324267	-2.3751738
3.4983873	-0.6091904
0.8961961	0.9484898
1.9645779	-1.0072526
4.3405104	-2.5269923
2.9570122	-0.2952748
2.9693096	-1.4977493
-3.4043725	-1.7934799
-4.268311	-1.5297848
0.587882	-0.903961
4.801891	-1.1633563
3.142097	-1.5792533
-1.2719716	-1.5218692
4.382401	-1.4263434
4.384205	0.22551937
0.1118656	3.1462617
2.2088413	0.34442666
3.3515794	-2.6451433
1.0867578	-2.0534682
1.2792572	2.3947043
3.3255072	0.8744085
1.0532892	2.2104964
-3.2500687	-2.5686834
0.81566596	-0.5246714
0.3584	2.9938457
-1.2217875	-1.7766167
0.79492265	1.9400449
3.528564	-1.3255517
4.3543806	-2.2384055
-2.288912	-0.3488086
-0.89285237	-0.82959926
1.0274385	2.2425234
2.8725648	-1.1005602
5.0100336	-1.3104542
1.904406	1.3301729
-3.3242426	-2.5010827
-2.4767199	-2.1793938
3.3906395	-0.6826407
-0.2556757	-1.3890351
5.122956	-0.6460634
-0.2394883	3.5886261
-1.118621	-1.6549778
5.1671314	-0.63191116
2.7399986	-0.545472
4.185135	0.025929619
3.0876412	-0.40278512
4.8306313	-1.1165015
-0.3908076	2.9475236
-3.4714434	-1.9038242
2.756805	-1.6875353
1.3132846	3.376236
1.3042501	3.0217946
0.57488394	3.3591204
4.2445703	-1.5313236
5.25452	-1.1970541
1.2249074	3.0762932
2.7454963	0.6350466
1.1644818	1.8729699
0.9926877	2.470855
-1.256725	-1.022036
-3.9048805	-1.8274933
2.4872656	-1.1769197
3.0351312	-0.990548
1.2549495	1.3677084
2.0112848	-2.0372589
-2.8414683	-1.5605996
2.7493675	-0.5508171
1.4559907	0.50089186
2.0035527	1.2890879
-0.6910565	-1.6813103
5.1418138	-1.1622964
1.6137414	1.6475067
-2.5010717	-1.5698434
-0.10524715	-0.41893786
4.1710606	0.45977956
0.428323	3.5371852
0.14495726	-1.001627
1.7818427	1.9244927
2.9362707	0.91642207
2.7461793	-0.60144913
-0.16276039	-2.0433524
-2.2272253	-1.917563
0.3633292	2.6849089
0.5403585	-2.5766356
2.9809647	-0.50940406
2.1945589	2.3638964
0.20655107	3.2872036
-3.5340056	-2.1895552
3.9673445	-1.0565581
1.9139916	0.7053424
2.281017	0.9521878
-4.513426	-1.229645
2.9463415	-1.2999481
4.0342364	-1.2926788
4.978361	-0.965608
-2.3193161	-1.709432
-4.353963	-1.4584196
-1.2292244	-0.82912606
0.17506522	-0.9233753
-4.1667995	-1.5614892
3.2785046	-0.17490514
4.9337745	-1.4957572
-0.59990036	2.2896008
3.0472353	-0.45251808
1.648526	1.2973819
3.932577	-1.5517037
0.79945666	-1.4763067
2.732844	-2.0254796
-3.9487534	-1.9396594
0.64773095	-0.77321243
2.4999006	-1.6708355
0.8871461	4.7680426
-0.6731081	-2.1232524
-0.53663844	-1.9971136
-0.8813921	-1.1769012
2.6453846	-1.7610699
0.8437135	1.2247922
2.5425022	0.73336196
2.26194	1.9858807
1.9438336	-1.9543717
-1.5281044	-2.1077979
-4.379992	-1.3758997
4.0680437	-3.2442572
2.0589495	1.9154958
-1.2007515	-1.2228574
-0.53342384	2.989586
0.05907893	2.9196544
-3.5334034	-1.8991144
2.9014537	1.0178684
2.899126	-1.6033201
1.5825047	2.4871397
-0.86697674	-0.925279
1.9201598	2.0160682
2.6073284	0.3153153
-3.224129	-1.2717125
2.065379	1.1431546
2.6696186	0.21298017
-0.45482823	-1.6697502
0.2679441	2.4947793
0.8047737	1.7699548
1.8992528	2.1044867
-1.0642871	-1.2202977
-1.369112	-2.4519207
-3.1608958	-2.0370746
3.245927	0.74172753
0.043870077	2.0034616
-3.0390282	-1.4389868
-5.980423	-1.7312741
2.7092125	1.3563286
0.67516065	-1.6486864
0.9134841	3.6108415
2.393029	1.7077644
4.2128897	-1.7247304
-5.875717	-1.673716
3.2714067	-1.6112105
4.0237317	-1.4167659
-0.69220763	3.9995496
2.070636	2.2241943
2.2104995	1.6595821
3.8607404	-0.14034796
0.49798566	-2.474301
0.42820626	-1.7557181
4.9092803	-0.8663102
-2.51873	-2.6570024
0.7485672	3.4194567
1.4634582	-1.6066612
2.495311	1.9086611
3.0288918	-1.0342069
5.0766563	-1.1803987
-3.6250997	-1.4798765
3.0738711	-0.8239965
2.969817	-0.63729185
-4.194116	-0.65799993
-1.7554615	-1.1048898
5.1127014	-1.9133765
3.2557628	1.2205067
-2.7607467	-1.3616191
-3.7778807	-0.42612588
1.3055687	2.5203557
0.1768714	-1.4745569
4.065451	-0.85770154
1.5897633	1.7154675
1.4892453	-1.6735781
-0.06522304	2.984655
-2.7579546	-2.6047688
0.6906814	1.9088416
-4.047681	-1.5257654
3.4329052	0.22078134
2.127081	1.5488797
1.088198	-1.9891832
0.35234973	-2.138633
3.2639358	-0.8475478
1.7213999	0.83505195
-2.6894274	-1.32548
-2.3395913	-2.033827
0.9593711	-2.0317073
-4.267306	-1.5591205
3.1932561	1.4068632
4.263543	-0.937616
1.4564987	1.0893462
-0.53695554	-2.324912
1.297137	-1.8277737
0.78897434	-1.2904946
-5.324342	-0.8115115
-0.6859681	-1.4165678
3.7160726	-2.5012789
0.20958483	-2.4344296
4.969817	-0.42152414
5.647764	-1.4489007
-4.0082154	-1.2425438
3.7869067	-0.27008125
4.509499	-1.4748847
1.5680575	2.8502412
0.03957994	-0.93299156
0.11591653	-1.582366
3.7678175	-1.4641593
2.619813	-0.521883
1.2797209	2.4868205
-0.88610965	-1.9813875
4.6711907	-0.7079349
-4.240954	-1.4688424
5.930713	-1.0241498
-2.2149677	-1.3486449
-0.41294843	-1.3873522
4.6488166	0.078710064
5.4788885	-0.9184376
5.5234084	-2.6422076
2.205547	-1.0698477
-1.1451141	-1.7072188
4.1245904	0.19416162
3.2558105	-2.2717745
-2.0550673	-1.2688043
3.1614654	-0.84634244
1.0466824	-2.3505518
-0.18493322	2.5066624
2.7377362	-1.2387053
1.4456723	-1.2681315
1.0003648	-1.4208865
2.2097218	0.29186186
1.4914081	2.089893
2.7664073	1.5497293
1.3127644	2.6165295
-4.4271083	-1.0903506
2.6837173	0.1530525
-2.75861	-1.2545526
-0.23165968	-1.7234782
0.2759766	-2.1765618
-2.7674932	-2.2514138
-3.633114	-2.4307895
2.6241746	0.7534367
2.6803694	0.6719161
1.9626478	0.28198785
1.0985694	0.9991165
2.6582243	-1.3776636
-4.2618976	-1.3622108
-3.5979533	-0.8814453
-3.3099358	-1.8547653
-0.5692699	-1.4741864
4.1993628	0.31220815
0.14007285	-1.8706989
-0.3431985	2.1730716
-5.246591	-1.5789216
4.19983	-0.0964895
-4.690794	-0.83445764
2.8050437	1.5091543
1.7142284	-0.02973596
0.81991357	-1.6288165
-1.3823539	-1.0278503
2.9010248	0.042540304
4.998364	-2.0081367
4.0674686	-0.53563786
1.293418	-1.2651763
2.8203862	-1.0152935
1.2331326	1.7586372
3.6347504	-0.5615112
-3.6847007	-1.1611842
4.444072	-0.43744105
2.524014	-0.14161113
-3.195154	-2.256166
4.051952	-0.20327942
3.790744	-0.47813177
-0.26518592	-3.0491762
-3.6007676	-1.3915788
-0.2378988	-2.2428203
4.8654757	-1.6933638
-0.14635128	2.687763
-2.7726903	-2.3245113
3.4957025	-1.4055177
3.1566503	-0.020988476
0.5418264	3.5878975
1.4508964	-1.6610237
-2.1975393	-1.8986619
2.3601222	-1.6203188
3.5411894	0.6475078
2.4408133	2.0423872
0.6269076	-1.9891456
3.0673423	-1.2264861
3.526506	0.038221806
2.165806	1.5021253
-1.3417124	-1.6360909
1.5563886	2.7647386
-0.18375614	3.3193815
-1.3881141	-1.3364935
1.0122043	3.1823843
2.0782714	-1.5349928
3.6521344	0.04953881
2.4057906	-0.14590903
0.8415165	2.2031226
-1.845142	-2.3479426
0.29993984	1.8848519
0.2612944	-1.7103987
-0.33827582	-1.7392576
4.021285	-2.431208
3.674497	-0.70624495
4.3642936	-1.4644033
3.9493897	-0.47590232
5.3129916	-1.1597295
5.0084686	-0.46112958
-4.2343154	-1.7900128
-3.4971693	-1.8801483
2.7498367	0.30846807
-4.3723936	-0.9315061
1.2549115	2.7344773
0.40604708	-1.5030086
2.7943766	0.87768054
3.3879237	0.114822574
1.796566	3.6522446
0.5545717	3.5806684
3.7073047	-1.1912225
-1.271668	-2.1338086
0.86556375	2.860078
-0.44878632	-0.45946184
-0.42772982	-1.4288154
-3.7286336	-1.6347468
1.5081618	3.2247815
-1.6358969	-1.0636368
-1.0674427	-1.5910311
5.347409	-0.8602189
3.517748	-1.029285
0.28205502	-1.8414156
4.5955873	-1.7376434
2.0596292	2.1955032
4.546647	-0.6265108
0.256018	2.5224724
3.0250561	-0.19322237
3.6830428	0.40938056
2.7258263	0.15069036
1.7585421	-1.8588536
0.16729584	3.9316332
2.3511422	-0.22155952
0.19283219	3.735488
-3.2490036	-1.6278412
0.516221	-0.41004357
-4.7990623	-2.250611
4.207269	0.036768463
3.1090813	-1.2476846
-5.82152	-1.9312689
3.4431758	0.43562776
0.2613281	-1.9732026
0.33671206	2.9840937
3.1799078	0.9140637
-0.38110974	-1.4240857
4.2446427	-0.18530254
3.1575344	-3.2747297
4.7758756	-2.0638785
-3.5306323	-2.498469
4.695157	-2.221726
3.7118015	-1.6996931
0.838781	3.0978887
1.1119411	-1.5584754
1.1072739	-1.6543417
-5.204879	-0.6437174
4.210996	-1.278881
1.9324011	0.99209756
2.0869029	1.963733
3.4609783	-1.7639778
4.5392184	-0.75771785
4.475711	-1.393882
3.311436	0.27255037
0.20288748	1.719349
-3.294859	-2.028891
3.247311	1.7084558
1.1441679	2.9259858
0.11469905	2.238188
-3.2554278	-1.7095455
1.5918357	3.620752
1.2645986	3.122966
0.35661858	1.799181
2.8501623	-2.2952204
1.3491596	2.03537
-3.6130934	-0.92945355
4.211	-0.90163106
2.7942986	-1.593412
0.63734823	2.8570042
-4.4665036	-1.7380694
3.503505	-1.2224603
2.470813	-1.7360619
2.797954	0.16866973
-4.1416354	-2.6827786
4.4773297	-0.29272294
0.69995975	2.3951466
-3.4273963	-1.1891158
2.9083362	-0.8537096
