62 67 64 70 59 58 67 74 60 66 68 68 73 71 60 63 64 74 64 65 74 77 69 73 59 58 58 67 65 69 78 76 61 62 64 67 72 74 71 71 71 69 66 61
59 68 69 67 69 59 78 73 66 65 77 73 74 66 66 55 71 66 69 68 75 73 80 79 69 65 69 66 68 65 75 71 59 61 65 64 73 71 81 75 74 65 69 66
75 75 70 77 67 75 75 75 67 66 74 73 68 72 64 70 76 70 67 63 74 75 72 68 69 68 75 69 71 74 75 76 63 70 71 69 66 63 70 73 66 68 58 59
68 64 74 80 76 72 78 75 67 64 75 80 78 77 66 64 67 67 70 60 78 82 70 68 63 60 64 60 54 56 70 73 59 65 55 58 50 51 73 70 69 65 42 41
76 73 74 76 60 69 76 76 68 69 78 79 57 62 69 69 67 66 73 69 80 81 58 68 75 69 73 70 58 65 79 76 74 71 66 64 65 62 78 68 75 68 62 60
61 76 71 68 77 69 77 69 64 75 71 81 75 72 71 69 70 73 61 71 69 79 64 65 62 66 61 65 71 68 67 71 59 64 66 65 60 68 74 71 69 68 63 59
67 65 77 74 67 66 67 70 65 64 75 78 66 74 62 60 65 65 73 72 75 76 74 81 66 65 65 63 63 67 76 80 63 64 63 64 73 72 76 75 72 74 65 64
64 70 71 69 72 70 75 78 61 66 69 68 68 70 71 70 75 76 73 72 80 78 79 81 74 70 72 79 73 75 77 73 65 64 72 72 59 62 71 74 68 67 58 57
76 75 68 78 71 72 72 75 61 65 67 70 67 75 60 58 63 67 59 63 67 72 74 73 56 56 52 52 67 68 73 78 65 68 61 67 69 74 77 75 74 70 63 61
74 73 72 75 63 62 67 67 73 74 75 79 70 71 64 67 65 69 79 78 81 80 71 73 60 62 69 67 69 69 75 75 66 67 67 66 71 73 66 69 62 65 55 56
65 67 69 76 62 68 65 66 65 64 74 73 60 75 66 63 64 62 73 65 77 74 69 69 66 59 68 59 69 69 76 79 65 63 60 60 69 64 69 74 69 70 62 57
59 75 70 76 62 70 65 74 65 67 75 76 70 73 63 61 74 67 78 69 75 73 70 68 67 64 79 68 70 75 76 77 59 63 72 69 64 64 65 72 61 61 51 55
76 72 73 69 67 73 74 72 60 65 73 66 66 73 68 67 69 70 60 58 66 76 69 75 65 64 63 60 74 71 77 79 61 68 71 70 62 63 73 76 62 69 52 59
71 75 78 78 68 67 75 72 67 68 72 75 74 74 67 66 66 67 66 66 78 80 73 75 67 72 67 67 67 65 77 78 61 64 63 66 51 57 77 67 78 76 60 59
80 76 75 75 69 68 74 75 77 77 76 78 74 70 66 65 67 75 74 73 74 77 68 67 61 58 60 67 61 63 75 75 66 62 59 61 77 74 69 67 65 66 61 58
68 70 66 72 63 71 77 82 61 63 61 62 61 65 65 62 72 77 69 73 72 78 74 77 69 69 77 74 64 63 66 70 58 60 65 69 75 77 77 77 69 77 65 64
72 74 67 69 69 70 74 81 66 70 73 78 69 80 65 65 70 77 69 70 73 79 64 68 56 58 67 64 68 68 69 74 62 67 66 70 73 77 74 77 71 72 63 65
62 71 78 84 64 68 72 74 53 57 71 70 71 72 54 53 63 67 54 57 71 71 70 74 54 57 54 57 62 64 75 72 62 65 60 64 64 67 72 77 62 62 61 65
69 78 74 76 70 67 69 73 68 75 75 76 71 77 58 61 66 70 67 72 76 72 56 62 56 61 57 62 67 73 76 74 58 63 64 68 66 76 70 72 64 68 60 56
59 65 53 60 72 74 67 69 64 67 64 65 71 70 68 71 72 70 70 70 75 78 72 71 71 71 67 64 67 71 71 74 62 66 72 73 57 57 64 71 70 69 53 49
66 67 63 70 69 70 73 72 61 62 68 68 70 71 71 67 71 69 65 65 76 78 71 70 65 64 68 71 70 71 73 74 58 63 68 71 70 72 77 79 79 79 66 66
62 66 66 68 73 76 68 71 62 62 63 68 74 75 63 68 71 68 58 58 65 66 65 76 64 70 63 60 70 72 71 77 67 69 72 71 63 63 70 72 75 79 62 59
71 71 69 71 65 65 76 73 67 66 69 79 76 76 63 62 74 71 58 66 76 78 78 74 68 66 69 68 68 68 71 74 59 57 65 66 73 71 78 74 68 70 57 55
63 61 75 72 68 71 69 70 64 56 70 75 76 73 70 72 76 73 68 68 79 76 68 76 66 73 58 68 72 75 72 75 65 61 66 67 58 57 72 72 68 71 57 58
74 81 80 78 70 69 74 77 69 71 73 76 68 68 62 61 68 68 67 70 74 80 68 74 57 62 57 65 61 65 71 76 63 65 67 67 70 74 63 72 68 70 61 64
70 64 68 67 76 68 76 69 67 64 69 65 62 65 70 67 74 68 65 65 74 75 64 69 63 63 64 64 56 61 62 68 66 66 62 58 57 48 75 64 79 74 59 58
64 53 74 70 65 63 70 70 57 57 64 64 73 74 65 59 65 63 63 62 72 73 79 76 75 68 60 58 69 66 72 76 64 65 63 65 63 65 75 80 74 67 71 67
70 71 71 74 68 66 72 70 66 69 74 72 70 69 64 66 73 72 75 73 81 81 76 75 71 70 74 82 69 72 76 74 60 56 66 66 64 64 73 72 66 63 54 58
72 70 75 80 73 70 76 73 66 56 72 70 73 75 67 65 69 69 73 72 81 77 80 79 67 64 64 66 69 68 70 75 63 59 66 63 74 77 81 78 79 75 65 66
59 57 67 71 66 68 68 70 56 62 77 61 67 71 75 71 67 64 62 54 64 75 71 72 76 79 75 70 71 77 71 69 56 54 62 64 56 53 71 68 64 63 56 56
67 64 73 75 77 77 74 70 65 62 74 75 65 67 68 70 66 69 67 60 74 75 62 64 66 71 62 61 64 69 73 76 64 66 61 64 65 60 68 75 74 80 67 68
68 65 72 72 47 74 76 74 67 66 71 69 69 67 63 64 68 68 70 74 77 77 73 60 49 48 42 69 70 69 76 79 63 66 64 69 71 73 73 75 68 56 58 44
66 54 69 66 69 69 75 72 63 62 68 66 68 70 71 68 70 69 66 68 73 72 65 73 67 63 60 57 70 68 75 75 65 67 69 65 65 64 67 69 71 68 59 59
70 72 70 70 65 69 70 65 69 72 77 78 68 71 63 70 69 71 68 74 75 74 69 65 71 68 63 64 66 68 73 75 67 67 69 65 66 71 69 65 78 75 66 63
66 64 64 66 67 72 72 77 65 66 64 64 57 61 70 66 74 78 73 72 77 75 60 58 58 61 63 60 59 60 65 65 58 58 69 73 76 75 73 75 72 72 62 62
68 70 69 74 65 70 72 73 71 68 73 70 68 74 63 65 65 63 70 67 74 70 69 72 62 63 63 61 66 66 74 80 70 72 69 67 60 57 69 62 66 75 50 50
58 63 80 71 76 70 70 71 64 63 74 78 77 75 62 61 62 56 71 52 82 71 84 85 71 71 57 47 42 39 70 70 50 70 50 46 58 60 76 73 82 77 65 66
61 68 62 70 76 79 71 71 73 77 75 77 68 73 72 72 71 68 72 75 81 80 72 73 61 67 62 61 66 68 72 71 67 67 69 69 66 71 67 66 74 71 58 58
73 80 78 78 75 73 78 75 70 66 77 77 67 71 60 63 71 74 77 75 74 76 61 67 60 60 64 63 62 58 72 77 59 58 65 70 68 69 64 64 63 63 56 51
56 56 63 66 76 76 68 73 62 54 65 62 70 65 74 72 65 64 64 53 64 56 63 61 73 64 66 60 66 74 76 75 65 61 71 73 60 53 61 73 67 68 59 56
73 74 65 66 69 69 67 81 65 62 69 65 67 68 70 67 72 68 66 66 78 61 67 70 67 63 68 66 70 70 69 70 66 66 66 69 72 70 74 76 75 72 67 63
59 58 69 74 71 73 70 68 57 55 64 68 76 75 67 66 66 63 72 67 77 75 80 75 73 69 65 61 71 75 71 77 65 66 66 66 61 56 74 71 72 69 62 60
74 69 75 70 70 74 77 77 65 67 73 72 69 73 68 66 69 68 67 63 78 74 71 63 66 61 68 63 74 69 74 75 65 61 66 67 63 61 71 68 66 65 54 57
72 61 64 66 64 59 68 66 76 66 77 75 71 72 72 62 72 68 77 78 77 81 67 67 69 68 65 68 69 64 72 73 56 56 69 64 67 71 69 68 65 73 56 52
59 62 72 74 66 66 74 76 63 67 72 76 71 74 66 64 70 69 63 66 70 72 70 76 65 69 61 66 64 65 67 72 57 63 65 71 67 69 77 78 77 76 70 70
64 66 68 71 62 64 74 73 63 67 66 74 70 74 59 64 75 73 70 66 79 81 79 78 61 62 76 72 67 67 71 75 65 62 70 69 68 65 75 72 62 64 57 54
