104 50 106 209 66 10 207 32 23 158 223 635 220 73 14 9 188 196
119 54 106 220 65 12 213 31 24 167 223 675 232 66 20 1 192 202
108 53 103 202 64 10 220 30 25 168 224 711 214 73 11 10 188 199
109 53 109 221 69 12 221 31 25 169 226 712 212 72 13 28 188 201
100 46 104 184 60 9 197 34 23 147 222 578 198 73 13 13 189 197
97 42 101 186 59 9 186 36 22 138 208 511 168 67 7 41 194 206
102 54 106 221 68 11 207 32 24 164 228 638 238 71 0 26 189 200
103 46 106 209 66 10 203 33 23 149 217 612 210 70 9 10 191 199
92 37 86 167 60 7 158 42 20 131 181 373 144 68 9 21 190 196
112 50 110 186 56 11 214 31 24 159 232 676 203 71 18 27 191 202
116 53 110 231 67 12 217 31 24 165 231 692 222 67 16 28 192 206
88 37 57 132 62 6 135 50 18 125 151 265 144 83 16 16 180 184
106 48 107 202 61 10 207 32 24 153 227 635 200 70 5 28 190 203
109 54 103 205 63 11 222 30 25 175 229 720 213 71 6 14 187 200
117 52 110 228 65 12 212 31 24 163 228 668 220 66 21 25 194 205
109 49 109 193 59 10 207 32 24 156 225 635 213 70 13 31 191 202
108 54 105 203 62 11 202 33 23 164 216 608 235 68 12 3 190 200
104 51 108 193 59 11 217 31 24 163 232 694 203 72 15 22 190 201
107 53 108 213 64 12 206 32 23 163 216 627 202 65 21 22 194 205
112 50 104 197 58 11 208 32 24 159 223 639 186 67 15 22 191 202
105 51 108 201 62 11 220 30 25 163 232 711 202 72 12 16 189 200
115 53 100 205 64 11 220 30 25 166 229 710 214 71 21 11 189 199
107 54 108 228 68 12 218 31 25 170 223 700 224 67 13 25 190 204
107 51 103 182 56 11 213 31 24 162 226 673 217 72 2 4 188 198
90 39 89 181 62 8 175 38 21 132 200 458 154 70 11 15 189 195
101 48 85 191 60 11 175 38 21 153 192 458 187 62 5 22 197 210
108 54 103 212 65 11 208 32 24 162 228 648 240 71 9 0 189 197
91 40 83 166 60 8 160 41 20 133 189 383 155 72 5 7 186 191
105 53 108 206 63 12 222 31 25 168 226 712 201 71 15 35 189 203
109 54 103 220 66 11 214 31 24 167 229 677 212 70 1 23 188 201
109 53 103 210 63 11 219 30 25 172 229 707 212 71 6 3 188 199
108 53 104 181 56 11 220 31 25 167 226 712 214 72 15 18 189 199
96 40 100 178 58 8 181 37 21 134 205 486 160 68 5 34 192 202
106 52 108 207 64 12 221 31 25 168 229 709 200 73 22 38 190 205
105 53 105 184 57 11 211 31 24 168 224 661 218 71 0 15 186 197
110 53 104 223 66 10 211 32 24 164 223 659 210 67 5 16 190 203
108 49 103 200 62 10 206 32 23 155 227 635 215 72 6 16 189 198
110 54 102 201 64 11 213 31 24 171 222 669 221 73 17 16 188 198
104 53 101 199 65 11 213 31 24 168 216 667 221 72 12 12 187 198
109 52 104 199 60 12 215 31 24 162 220 691 212 67 11 7 189 199
111 50 103 199 60 11 211 31 24 156 223 663 188 68 9 9 190 200
115 52 100 203 62 10 217 31 24 165 229 697 214 72 14 4 188 197
90 39 85 160 59 7 163 41 20 131 189 396 158 71 7 13 186 192
111 53 108 211 61 11 207 32 23 167 217 636 216 64 21 2 196 205
104 53 108 204 64 11 220 31 25 172 226 707 203 71 14 30 189 203
108 49 109 204 61 11 212 31 24 159 229 665 215 71 16 11 190 199
