93 44 98 197 62 11 183 36 22 146 202 505 152 64 4 14 195 204
104 54 100 186 61 10 216 31 24 173 225 686 220 74 5 11 185 195
99 53 105 219 66 11 204 32 23 165 221 623 224 68 0 6 191 201
106 53 98 176 54 10 216 31 24 171 235 691 218 74 1 9 187 197
92 38 71 174 66 7 154 43 19 133 181 355 130 70 4 24 189 195
86 40 62 140 62 7 150 45 19 133 165 330 173 82 2 3 180 185
89 42 80 151 62 6 144 46 19 139 166 308 170 74 17 13 185 189
86 36 77 165 60 7 150 45 19 128 174 331 131 66 0 32 196 203
90 43 72 172 59 8 154 42 19 144 174 360 158 61 15 9 203 209
98 39 81 191 64 9 166 40 20 138 184 415 131 62 8 19 197 205
90 36 74 171 60 8 157 42 19 128 177 367 123 61 6 21 197 204
86 41 66 133 56 6 136 49 18 136 155 274 162 74 5 14 183 189
86 41 64 148 61 5 150 45 19 138 165 333 173 80 5 8 182 185
100 52 104 189 59 10 208 32 24 163 220 642 197 70 1 22 187 198
91 39 83 176 59 7 169 39 20 132 190 426 142 67 0 24 192 199
85 34 53 127 58 6 116 58 17 121 137 197 127 70 3 20 185 189
91 36 77 157 56 7 155 42 19 126 177 361 123 65 8 15 195 201
83 37 54 118 55 4 129 52 18 127 146 245 140 81 4 13 180 184
103 49 100 194 60 10 185 35 22 160 202 518 178 62 13 8 198 208
98 50 90 192 63 9 177 37 21 155 195 472 197 65 10 1 193 201
87 37 60 132 57 6 128 52 18 129 154 243 132 71 1 14 186 192
82 36 54 117 53 7 125 54 18 126 146 229 128 78 1 5 180 184
99 43 89 195 63 8 186 35 22 144 210 521 166 68 6 13 191 199
90 49 83 187 63 7 176 37 21 154 205 467 222 70 1 2 189 195
86 38 86 175 60 9 170 39 21 134 191 433 138 68 1 28 191 199
89 45 77 188 64 9 161 41 20 151 190 390 174 66 4 2 194 201
93 34 72 144 56 6 133 50 18 123 158 263 125 63 5 20 200 206
90 34 66 158 59 7 140 47 18 124 165 298 117 61 1 3 201 207
84 38 83 141 54 7 149 45 19 132 177 327 149 74 6 29 185 191
101 52 101 197 62 9 188 35 22 162 208 527 203 67 14 15 193 202
106 52 101 213 64 11 201 33 23 158 214 607 204 65 2 4 192 204
97 55 104 219 71 9 211 32 24 171 222 658 223 74 1 24 186 196
104 55 100 201 66 10 214 31 24 173 224 680 221 74 1 1 185 194
97 45 76 175 60 9 157 42 20 149 180 370 169 63 16 12 198 206
101 51 112 201 59 11 214 32 24 162 223 667 194 65 0 36 190 206
95 37 71 171 61 9 157 43 20 134 178 365 125 63 5 40 196 208
85 40 75 137 56 7 152 44 19 134 173 339 160 76 7 16 182 187
89 36 69 162 63 6 140 48 18 131 164 291 126 66 1 38 193 204
88 48 90 178 60 8 175 38 21 152 200 460 198 68 13 16 192 199
104 49 105 209 61 11 207 32 24 157 217 637 168 64 0 19 193 207
96 37 74 187 68 8 159 42 20 134 183 378 134 69 3 16 190 197
94 43 69 161 59 7 152 43 19 143 175 349 187 67 12 11 193 198
104 54 101 197 64 11 213 31 24 172 218 669 222 74 14 4 187 196
89 43 77 147 54 8 144 46 19 146 163 308 174 64 13 5 194 201
90 36 85 184 64 6 160 41 20 125 187 385 139 66 9 31 195 203
97 53 105 225 71 12 221 30 25 167 226 713 202 70 3 20 186 200
108 56 103 234 73 10 221 30 25 174 232 718 214 73 8 3 187 197
86 40 63 135 56 5 133 50 18 135 152 262 166 70 9 2 187 191
95 46 104 208 66 9 191 35 22 148 210 543 169 68 0 28 190 200
85 40 66 136 58 6 142 48 19 137 164 295 164 77 2 22 182 186
96 50 94 215 67 9 187 35 22 158 214 525 214 67 8 6 193 201
110 46 100 197 61 9 193 34 22 149 209 561 160 65 11 7 194 203
92 37 80 180 67 8 154 43 19 129 180 353 144 69 6 9 190 195
89 35 52 121 57 4 122 55 17 125 139 220 128 82 5 13 181 184
102 51 104 217 67 10 204 32 23 162 220 621 195 68 3 19 188 197
93 51 90 209 69 8 183 36 22 156 211 506 230 70 6 1 189 196
91 36 72 162 60 8 150 44 19 133 166 334 121 63 2 22 196 205
91 43 72 142 56 7 149 45 19 140 168 327 165 72 13 23 186 191
96 45 101 201 66 9 192 34 22 143 218 552 195 73 3 19 189 197
107 55 103 213 68 11 219 30 25 172 221 709 216 70 10 7 187 197
88 45 82 155 56 8 154 43 19 149 180 357 170 69 3 0 188 193
87 38 71 123 53 8 137 49 18 127 158 277 145 75 0 9 181 186
82 36 51 114 53 4 135 50 18 126 150 268 144 86 15 4 181 182
94 46 77 169 60 8 158 42 20 148 181 373 181 67 12 2 193 199
86 36 78 146 58 7 135 50 18 124 155 270 148 66 0 25 190 195
