107 54 98 203 65 11 218 31 25 167 229 696 216 72 1 28 187 199
80 38 63 129 55 7 146 46 19 130 168 314 158 83 9 20 180 185
93 37 76 183 63 8 164 40 20 134 191 405 139 67 4 7 192 197
91 45 79 176 59 9 163 40 20 148 184 404 179 62 0 10 199 208
78 38 63 115 51 6 142 47 19 130 162 299 146 77 2 4 181 185
97 44 96 195 63 9 185 36 22 144 202 512 165 66 4 8 191 199
104 55 107 222 68 11 218 31 24 173 232 703 229 71 3 10 188 199
104 52 100 191 59 9 197 33 23 158 218 583 234 70 10 10 191 198
89 37 54 119 53 5 134 50 18 127 151 266 146 79 16 14 184 185
90 36 57 130 57 6 121 56 17 127 137 216 132 68 22 23 190 195
88 37 63 130 58 5 125 54 18 130 141 230 145 74 14 20 184 188
90 37 80 171 58 9 157 42 20 132 172 373 115 60 3 18 201 209
104 50 96 211 65 10 187 35 22 156 207 527 195 65 3 7 195 206
106 49 106 211 64 9 208 32 24 158 224 645 184 68 1 24 190 202
87 39 74 152 58 6 151 44 19 136 174 337 140 70 1 33 187 196
92 36 78 165 57 8 153 43 19 128 169 349 124 60 4 19 203 211
110 51 104 191 57 12 213 31 24 162 226 674 190 68 18 2 191 199
84 35 53 122 57 4 116 59 17 123 135 196 128 76 10 27 183 190
107 56 104 231 71 11 219 31 25 172 226 705 217 71 19 11 189 196
107 54 98 210 66 11 218 31 24 169 221 704 216 71 14 0 188 197
105 54 106 215 68 10 208 32 24 166 217 640 218 69 14 23 189 199
85 33 40 115 57 3 112 61 17 119 130 184 127 86 12 21 181 183
101 55 108 228 69 12 215 31 24 168 229 684 214 71 2 16 188 199
99 48 104 196 63 10 201 33 23 152 221 604 199 73 8 4 188 197
100 46 81 187 61 9 166 40 20 154 189 415 175 63 13 9 198 207
93 47 88 200 66 7 173 38 21 151 197 452 205 66 0 3 195 202
109 54 109 225 68 11 214 31 24 169 226 675 212 68 11 32 189 202
91 40 98 192 64 9 177 38 21 135 194 465 165 66 9 35 195 205
90 50 90 188 61 10 181 36 21 158 211 492 220 69 6 19 191 199
95 45 105 208 64 10 187 36 22 150 202 520 158 64 7 32 198 211
105 54 100 220 69 10 221 30 25 170 232 718 202 73 0 13 187 199
98 51 96 203 66 10 188 35 22 157 207 533 231 68 10 1 191 199
94 38 88 179 60 7 170 39 21 131 188 435 144 66 2 28 195 204
89 38 80 169 59 7 161 41 20 131 186 389 137 68 5 15 192 197
83 37 54 131 61 4 135 50 18 127 152 271 141 85 3 6 180 183
88 38 58 137 60 5 148 46 19 131 163 319 157 86 12 0 180 183
108 52 109 182 55 12 216 31 24 171 229 687 214 72 10 28 189 201
101 46 105 195 61 10 198 34 23 150 213 578 195 66 7 38 192 205
95 47 81 176 59 7 168 39 20 152 196 425 185 67 4 4 191 198
82 37 59 134 63 7 135 51 18 128 151 264 143 82 11 24 179 185
91 38 75 136 53 6 144 47 19 131 165 305 149 69 1 7 186 191
104 53 108 206 61 11 217 31 24 168 226 694 209 67 0 9 188 201
104 51 105 168 54 10 208 32 24 162 220 641 221 72 9 20 187 197
98 47 109 202 59 11 199 34 23 154 207 586 165 61 1 33 194 208
101 51 98 194 60 10 195 34 22 161 219 572 219 67 0 10 192 201
98 42 90 192 61 9 178 37 21 144 189 480 138 61 3 8 199 208
108 54 109 189 57 11 220 31 25 174 229 709 214 70 12 23 189 201
91 39 72 133 55 7 146 46 19 132 170 314 149 77 9 18 184 189
89 40 89 174 58 8 177 37 21 133 202 471 155 70 7 18 189 196
92 45 76 162 57 7 159 41 20 147 184 381 177 69 8 10 190 195
97 44 95 202 66 9 188 35 22 144 216 526 175 72 15 11 190 197
93 39 86 180 59 9 167 39 20 134 186 418 129 63 6 17 197 204
113 48 98 208 62 9 203 33 23 151 216 613 183 64 17 29 193 204
86 40 66 138 59 4 137 49 18 133 162 279 151 74 6 14 186 190
113 53 93 197 62 11 216 31 24 165 221 688 196 72 6 25 188 199
85 33 50 104 53 4 115 59 17 118 136 193 127 83 1 30 179 185
84 36 75 136 55 6 140 48 18 125 166 290 138 71 4 36 189 195
104 53 101 190 63 10 213 32 24 166 218 664 202 74 13 21 188 198
96 41 69 153 56 7 141 47 18 141 162 297 169 61 11 8 202 209
85 38 75 132 54 7 147 46 19 131 171 318 145 75 7 25 183 188
89 38 77 161 62 7 149 45 19 129 174 327 153 71 6 21 188 193
100 47 88 190 60 10 171 38 21 155 186 440 169 59 15 18 201 210
87 41 66 140 58 6 148 46 19 136 164 318 178 79 19 2 181 185
105 51 105 197 60 11 191 35 22 162 207 545 194 64 18 4 196 205
94 40 85 186 62 9 169 39 20 139 184 430 133 61 2 9 200 210
108 51 100 206 63 10 196 34 23 159 214 576 201 65 7 16 194 205
100 43 92 197 62 10 180 36 21 143 200 489 153 64 6 9 195 205
100 54 102 206 65 10 198 33 23 164 224 587 240 72 4 11 187 196
105 45 100 195 61 10 198 33 23 149 214 586 186 67 8 5 192 200
107 53 108 211 63 11 219 31 25 168 228 704 198 69 10 21 190 203
97 41 88 184 59 9 175 38 21 140 192 459 147 63 1 5 196 205
105 54 108 234 70 12 215 31 24 168 226 687 228 68 4 22 189 201
102 48 105 214 64 10 201 33 23 152 214 600 178 64 0 25 192 204
96 40 78 170 58 7 174 38 21 139 197 455 160 68 3 29 191 200
115 51 100 201 60 12 196 34 23 162 207 573 184 62 22 1 198 208
103 53 106 172 55 10 212 32 24 168 220 660 223 73 16 24 187 197
98 38 78 191 65 8 169 39 20 136 197 430 141 67 9 20 192 199
91 36 83 162 61 8 142 47 19 128 163 298 137 63 0 31 193 200
109 47 96 206 64 9 198 33 23 150 219 586 191 70 4 13 190 198
107 54 96 201 62 12 218 31 24 170 221 694 217 71 2 21 187 198
103 51 105 174 56 11 210 32 24 163 222 650 222 73 8 9 187 196
79 38 55 120 55 5 142 48 19 128 153 295 145 81 4 2 180 183
93 42 98 192 63 9 185 36 22 138 206 508 173 70 10 21 189 197
92 46 83 154 56 6 160 41 20 148 185 382 184 71 10 5 186 191
93 39 87 183 64 8 169 40 20 134 200 422 149 72 7 25 188 195
106 54 101 222 67 12 222 30 25 173 228 721 200 70 3 4 187 201
