90 34 66 136 55 6 123 54 17 118 148 224 118 65 5 26 196 202
83 36 54 119 57 6 128 53 18 125 143 238 139 82 6 3 179 183
88 42 77 151 58 8 140 47 18 142 165 293 158 64 10 11 198 205
91 39 83 170 60 8 172 38 21 134 197 445 152 72 0 10 188 194
85 40 72 139 59 5 132 50 18 135 159 260 150 68 3 9 191 195
93 43 76 149 57 7 149 44 19 143 172 335 176 69 14 0 189 194
84 44 77 150 59 5 152 44 19 143 175 344 177 77 8 2 183 187
91 39 88 189 63 9 175 38 21 132 197 457 156 69 0 23 191 198
89 48 85 189 64 8 169 39 20 153 188 427 190 64 16 5 195 201
82 37 66 126 54 7 132 52 18 127 148 252 142 72 17 7 183 187
106 53 98 193 60 10 215 31 24 169 224 681 218 73 8 21 188 197
93 45 81 177 64 7 160 41 20 147 180 383 188 70 11 11 192 199
102 55 101 213 67 12 222 30 25 177 226 719 213 71 2 21 187 199
101 56 101 231 72 10 217 31 24 171 232 698 216 72 2 6 187 197
93 39 63 146 58 7 128 52 18 134 149 246 158 63 9 7 198 204
98 55 104 213 67 9 206 32 23 167 223 629 220 72 5 19 187 196
89 47 83 169 61 8 164 40 20 150 189 402 190 72 7 10 187 193
89 38 82 156 59 8 153 43 19 129 179 351 137 70 1 1 187 192
98 48 101 203 65 9 197 33 23 152 216 584 174 68 2 5 189 197
95 53 95 202 65 10 193 34 22 160 220 559 237 71 3 2 188 196
