30.040289	19.188745
45.97689	-2.753761
-35.093803	47.384933
-9.689076	38.596745
-65.49114	-26.12035
7.2879953	-10.324165
36.597187	2.734191
-39.90833	41.8905
44.41362	-55.016685
-56.67426	-38.470577
-66.02154	-24.305702
44.689926	-47.43892
-40.643864	-1.2370269
-24.295584	-44.871857
22.2265	15.888977
43.37265	42.614132
1.9993564	-55.720192
19.941092	-20.596338
-41.85491	-11.849831
16.812014	-6.4483194
10.2544155	27.559868
-53.28254	34.136673
-11.965425	39.19611
23.469913	18.328537
4.715958	-6.090681
-3.3456786	2.3270676
2.97976	0.13407557
-37.655727	-40.532787
21.967133	-13.996565
16.089567	-19.469421
8.317446	-11.649445
-64.33986	-28.41445
48.215855	4.2941422
-41.704586	-9.804523
-41.256943	-1.1943469
-37.535423	40.858368
35.824368	1.5821761
46.094154	-49.859516
-39.228558	-5.594669
42.92421	-57.570454
42.82989	47.809032
-42.82262	-5.6265397
39.66978	17.331913
-50.95572	36.705513
4.8279686	-4.5275626
43.030605	-2.6657906
36.953323	1.9866033
46.223965	-2.736975
24.637997	23.690334
-10.561854	-54.131542
20.764595	20.85794
-57.468987	33.583397
-10.632406	-54.444202
0.23436631	44.806778
30.140406	19.09592
1.5686855	-61.537605
-2.9067266	2.4944503
46.887115	39.82618
1.7484456	-49.76818
-68.325386	-21.577826
-62.639606	-34.045193
44.29184	-4.0921764
46.489876	-49.164562
49.81258	46.97345
21.1846	-18.515709
-64.0018	32.394573
2.9164553	46.246967
-41.35371	0.36454973
19.70213	34.74468
-60.547245	-34.517212
48.236984	2.224715
-37.34508	0.31474286
9.402477	28.445688
23.672802	13.077386
-36.341835	41.635326
-1.4960173	-61.78338
45.45696	-50.83947
37.073685	16.263405
-50.254406	37.81956
0.098359466	3.0487833
39.296997	16.368418
-63.96033	33.16125
45.45985	-3.1869466
-44.343422	44.627243
3.6715214	33.22436
15.082157	-10.940523
72.11886	27.58143
38.762802	-7.2854705
45.249096	40.655537
-7.721114	10.838458
5.213463	-7.7461953
20.331055	33.762554
41.143894	3.7245803
22.829529	-15.042111
71.21284	24.876106
-54.311134	34.212254
-60.545612	32.2271
-68.37415	-23.441694
-64.2787	33.193043
9.535436	27.436047
-71.74282	26.469437
47.977306	6.1887836
-50.85449	31.55595
46.393425	3.7833385
-50.88826	36.62087
42.378174	-7.4792
0.11217514	3.2102964
48.0246	39.469616
-9.826319	39.429417
43.9357	1.7265923
44.36473	-57.81156
-67.36358	-24.563953
-0.9344745	38.830276
-29.985523	4.0956445
17.833181	-5.559378
-66.04581	-25.02671
9.7873955	-17.26415
46.576538	39.933323
1.7072264	6.3537507
-26.502415	-48.172764
-9.212	-54.786964
27.39219	23.223618
5.465987	30.115387
72.94824	22.500076
6.718614	-55.226135
43.156536	-56.41827
-41.70748	42.125088
43.689457	-56.850094
-70.487686	26.716837
1.4032701	41.27444
22.51988	14.781741
20.705873	-12.237631
4.304321	-53.059795
25.072216	11.840107
42.25466	44.10139
47.037495	-46.594456
30.260813	25.06333
8.793721	-13.207315
71.27103	22.956482
-31.664793	44.575794
16.047043	-5.7509785
-71.207825	-18.894463
74.1132	27.441105
72.09924	21.726902
-11.032352	38.670788
30.580177	15.068332
9.976032	-11.166906
-38.533344	41.259445
-16.632442	-48.672756
-2.0107453	42.154526
2.5656908	41.20271
41.57582	-6.018384
8.144243	-11.576568
-35.053772	42.39953
9.096362	26.279074
46.75752	47.37829
27.37714	10.917128
-42.82261	-5.6307845
-30.651941	10.106546
28.52057	26.594177
37.948162	14.072738
-55.41399	-40.271538
13.945896	-18.044209
39.785324	-8.5692625
-41.490765	-11.978605
-27.981453	7.911325
30.16931	19.099428
67.61627	19.224485
3.4953089	31.608454
15.702483	-6.745539
72.84192	28.227089
-14.793091	-53.867855
-58.22535	34.47757
14.172266	37.48269
34.075146	-13.924025
-54.6371	-36.303192
70.24001	17.716866
15.1135	-17.358582
43.580635	46.047527
45.447395	48.162243
73.22077	21.128979
11.932401	33.703007
-59.921577	32.1319
46.6039	-46.240177
-22.453636	-50.459553
12.531881	32.390045
12.399226	-1.7132027
38.874214	10.557946
64.9764	17.166681
-69.29527	-22.263313
4.672776	-52.81881
-0.86899835	-60.15443
-9.297298	-54.77313
43.30539	-57.889503
67.23458	19.048586
17.799013	-19.319872
-2.0051816	42.15262
4.5116034	-48.89952
-41.177456	-9.8677635
12.048339	32.40922
72.84662	22.696806
-67.95803	-21.409248
-56.58608	-38.363815
48.166626	-47.144917
-28.747984	9.687059
-2.356118	2.7240531
9.643642	27.131538
-57.762905	34.61835
-44.011803	-69.19108
-67.20303	-24.652054
46.21964	-47.16215
-59.57817	-35.279163
-42.604168	-0.45301726
48.62591	4.7881427
40.769394	-7.8748183
4.682662	-60.996445
44.724052	-54.141796
21.64316	-14.041305
68.54597	19.64591
23.05807	26.550577
13.06674	38.786495
73.44952	26.824286
43.372456	43.36594
27.264435	23.921875
6.8578897	-56.29825
23.065329	19.114267
-73.15541	24.442572
21.38103	-18.334831
-16.765478	-52.774006
13.280137	39.871475
-65.548706	30.762049
47.167202	-48.215565
14.248514	37.176132
-39.35514	-3.6760335
-72.62792	24.461718
-67.396866	-25.293995
46.539715	4.0031595
1.6654328	41.558308
2.1233706	-59.924282
-14.819816	-53.792152
1.7511319	-4.935209
-32.447636	42.453796
-0.40666628	44.256332
-55.414722	-40.26741
-40.857487	-0.17545286
6.685348	-5.246081
49.153618	0.51517123
-41.016415	-3.7366502
29.72997	14.270837
24.148476	17.446438
-27.702583	5.845457
25.046885	11.855843
44.282093	-3.7631586
11.310008	-11.64805
42.68115	47.93351
-37.548218	-0.22089125
-8.37111	11.229176
48.358437	46.84793
-57.17489	-38.730133
8.491688	26.17589
-43.35504	-5.544892
-64.02026	-28.21916
37.815765	0.4541904
11.078875	-4.574666
50.345257	-1.4635403
-70.863014	-19.44634
44.143925	41.69018
18.720324	34.21139
-6.6086564	-57.128338
-44.770584	-70.486885
14.917772	-18.621899
-54.152313	-36.03229
-12.934413	-55.221268
14.099935	-11.986215
-19.114862	-50.62491
17.33769	-21.046276
-39.584282	-3.6936135
3.333942	48.235806
4.0716734	-50.0428
-50.51457	32.052887
-70.33476	-19.914139
3.4318995	29.093813
9.48544	24.563948
43.851425	-58.11225
-42.44848	-9.736439
-26.191	-46.431213
68.53454	19.708254
46.338055	-50.968346
43.030502	-56.958298
24.339272	21.97457
2.2286398	47.261696
-54.745277	-36.320084
0.5049897	44.027885
12.061877	-4.320098
-21.896692	-49.7453
1.4472775	3.0464795
-41.916954	-10.564716
-70.22164	25.513853
7.921228	25.447044
3.2546086	-51.135815
37.837532	10.795928
70.24382	24.274557
14.1881075	38.45044
-26.712828	13.116741
-32.3263	44.565258
46.67201	3.8527203
-19.72176	-49.61083
1.1352093	40.490345
44.058414	-55.80482
-28.268824	7.774595
-38.636406	-40.22236
-30.949762	5.8899565
44.9341	-6.082224
12.855155	38.81325
32.57381	23.43094
-17.345345	-51.20798
-71.77747	24.7114
3.8652732	-7.690106
-42.04041	-12.664639
45.94111	-3.492603
15.21959	-13.906276
5.5464563	-5.082096
-7.5796337	9.351819
8.490019	-13.789042
37.503754	14.537616
8.020179	25.412092
-23.955923	-49.055313
-38.257206	40.805447
34.05468	-13.922098
44.998283	-6.6094174
-42.803883	-9.310804
27.170898	23.181461
45.97329	-48.931725
-34.29515	42.178894
35.64789	0.20349836
72.32534	27.258955
18.99837	-19.250572
41.083458	-6.7646847
-22.125639	-50.48834
2.6543026	-6.0405107
41.089153	3.494049
5.9068627	29.029089
70.252716	25.470453
-8.616493	-55.291092
44.24384	1.1498845
32.056168	23.619595
72.13281	24.712433
3.9650643	-52.8252
-16.137115	-55.076958
-27.063274	11.622713
2.291007	0.40578705
0.8417529	34.5911
-34.745945	46.13719
-43.10144	-69.88906
-66.40533	-26.72774
15.241068	38.014706
10.262723	-3.7368524
23.88959	-15.013579
16.565727	-9.657851
13.279861	-2.0112183
-64.31352	-27.38912
1.5708487	33.097763
-1.2527568	-60.26466
-1.7134944	5.741137
0.61503077	35.04434
26.928867	23.234972
35.42019	17.110462
-37.450516	41.337395
4.565549	-3.2298834
-16.723166	-48.349102
30.652996	15.123862
12.8510065	35.20075
-30.104568	42.895157
14.768309	37.727394
43.483627	44.636997
-1.6269166	40.089024
-31.290382	6.8803163
1.6798102	6.562461
3.8681939	29.540426
-56.925713	33.340717
1.4899176	48.22932
4.0917196	-62.66831
-17.562618	-50.778797
3.8717558	0.8444976
38.77262	1.0513496
-37.001102	-0.017928408
74.33188	22.700163
-42.474392	42.729786
-16.362986	-55.548775
-42.52542	0.14772125
-3.3133	3.7696059
43.786797	-57.338543
-61.380074	34.020573
68.48859	13.524422
-40.004005	-11.41319
23.16645	14.270566
3.043044	46.81107
66.26298	13.435203
3.7311256	-1.3596338
-63.400497	31.287554
6.000725	-63.811047
14.89831	-18.33732
2.6173851	-49.038094
28.007826	11.830271
7.104062	-4.7474513
39.53139	18.14937
23.109175	16.765753
-40.268116	-0.6329941
-0.5156102	9.778918
9.97648	27.54635
27.359865	28.41437
9.527012	-13.905737
-28.263958	5.689644
10.541016	31.672802
-16.535433	-54.356983
3.272588	-51.08674
-37.296368	0.29214504
-65.33021	-27.45236
47.117817	47.709347
47.730183	-43.76609
-56.49229	34.450146
40.004868	4.254489
-44.913033	41.953396
-14.945759	-54.63788
-36.263584	3.6706746
-31.76159	42.321583
-66.57461	-24.421394
4.387177	-60.717796
-61.44868	-32.71191
48.525436	-0.33263132
26.074406	13.015625
25.188343	27.859806
-38.29929	-40.559357
-7.5456624	10.199783
-43.99805	41.61989
-29.293352	6.822347
-0.9894192	9.509028
20.149267	-18.770796
-38.371532	-3.1540527
45.394333	-50.536884
47.998814	6.225985
35.17432	-0.51435107
39.250854	11.191007
-60.397346	33.60004
17.53503	-12.803785
39.45487	15.636467
71.50475	22.803677
-31.267927	42.132824
-7.6685414	10.814922
-15.086324	-52.406857
-14.557302	-55.94537
26.030228	15.334262
-45.112747	-69.715164
-43.48346	-69.380745
44.24807	46.43906
13.432061	-2.0941467
30.38344	25.022202
-61.55358	33.270733
4.398351	-52.350426
3.2262983	28.112463
6.7778125	25.791813
21.270393	20.166203
-70.77048	27.370844
49.641968	40.60053
40.00356	4.3110876
10.014679	-11.157525
-23.833082	-50.535324
1.8478765	33.10246
49.809296	0.17718312
0.37265807	4.271955
-44.05569	-71.16695
-39.895664	-3.4327505
13.420118	30.525005
27.669489	12.0483465
4.2671657	-61.015564
-71.08593	26.973444
74.14472	26.284279
48.693096	1.3170494
68.95371	20.860727
-31.102428	43.66109
4.560624	-48.78193
45.395504	-2.7494452
50.386772	46.483635
-17.684864	-49.886135
37.08896	11.0453615
5.471226	-62.479115
-70.66375	-20.221355
1.5187379	46.120327
-64.171005	32.416294
-60.85132	34.181
-30.177471	43.642406
-26.281462	11.099199
1.0840656	33.88744
14.374502	38.590977
40.86407	3.1523154
-44.537346	44.51167
0.8203932	-61.405056
-57.097115	33.78691
29.996296	25.75552
-39.093468	-5.4280534
-38.292282	-40.573475
34.063408	-13.927269
-17.500387	-47.186165
1.6369777	-61.32714
40.522087	-6.994726
14.884972	37.55973
-42.422745	-4.0783443
47.14613	-45.794052
2.0851712	2.90575
-0.44651738	43.823627
-60.79645	-33.331684
-17.080637	-47.2455
-2.3660622	10.386656
-61.65474	-31.20021
6.796497	-55.127693
2.3688192	-54.37643
41.49231	45.80553
46.29226	-3.3426244
-44.432175	40.19
-60.504326	-33.220135
-43.57786	46.09117
-26.76859	13.439184
3.0635877	-0.020849802
1.5819784	46.100155
-26.260387	11.129823
18.408346	-14.481925
47.4291	-2.7008955
74.3127	28.31829
45.776207	-51.625954
-41.801388	-5.1615334
46.63384	47.343246
-49.656998	37.636738
-0.8577575	-60.689686
-2.224835	7.7897925
-64.52897	30.89152
16.603525	-5.811553
37.57575	14.554634
-60.176865	-35.51459
5.2580605	-4.464564
36.26255	-1.2203581
30.418385	24.985538
48.10679	-46.369137
-25.458843	12.26784
36.146564	17.535763
-26.612701	-45.71595
49.09142	40.238773
4.052128	48.445835
-59.568325	-35.41901
34.683205	-0.9667798
-43.186977	-70.49306
-15.007546	-52.549564
-44.60269	-69.29955
41.370388	3.2898724
26.006989	15.269034
-11.927785	39.26872
-69.70547	-21.031273
-8.319219	-56.314503
-21.716549	-50.054386
15.139913	-16.331995
2.887742	29.219751
16.327477	-9.934485
45.247795	48.892998
47.878643	3.1315637
34.070305	-13.923767
-10.68986	39.716583
-8.772751	39.482178
6.0213203	-63.392094
-27.519722	12.544051
38.96495	-7.045167
-12.427936	-54.888565
41.22551	-2.835873
-67.256	-25.272566
-44.67985	-71.0737
69.7816	16.368677
-1.2670984	39.757824
-39.852276	41.855495
15.296922	36.35451
1.7073951	6.3470283
27.374187	28.294508
3.5955255	-64.252754
41.692642	-6.15332
7.215327	-55.386993
23.048319	26.934948
0.8470744	8.497903
2.9197314	47.306587
47.929718	6.346888
-58.20299	32.924435
15.693295	-15.311516
16.672953	35.39093
-41.248768	0.47762877
-30.685505	9.838763
13.425184	30.53249
-19.732998	-49.684486
-36.28603	3.5865226
70.20982	24.32727
73.45123	27.002373
69.09187	16.442656
23.643713	12.953491
-28.142492	5.689609
-71.99826	25.263557
42.326344	47.00025
-26.585337	-46.269215
-62.78587	-29.761263
-23.74601	-49.71454
-52.022694	31.48773
38.380096	10.744501
-51.029026	-37.735516
48.205154	-5.1805005
3.9853265	-52.555714
-39.280533	0.3089247
-61.41898	32.536278
36.82886	1.786377
41.748272	44.35577
-17.206001	-49.86232
38.457657	10.360629
-44.427124	-69.9241
69.34037	15.671397
-3.8828487	-59.753963
69.90765	17.734339
-61.096416	-33.423035
-29.397001	3.5940857
72.41417	28.141594
2.5521028	0.19048522
-38.374165	41.48834
21.207914	-17.718702
45.260033	-52.027496
38.734303	10.669739
-63.483326	31.822931
74.05554	22.480944
-68.830605	-22.501286
-31.096266	3.640839
47.37068	-2.6336408
-43.230022	-1.0124508
-27.53796	12.544679
2.5854747	-5.6791625
1.912889	31.358694
36.0859	17.181498
14.087668	-2.304005
-26.658463	-48.87217
-41.450092	-9.68899
-70.828026	26.212309
-40.864353	-10.603666
16.63041	-7.670639
22.336485	-15.457484
-3.181749	-60.77231
64.85132	17.484594
-54.418167	-35.466377
10.808239	28.555882
-31.112116	5.170778
68.48926	13.524525
-3.1640275	10.942708
27.591568	11.876307
-57.68523	-32.90472
16.500057	-9.885051
22.348322	-13.868718
-27.879759	6.957293
26.7662	10.291128
-55.763817	-39.8186
-41.39398	-3.3073862
3.7196584	30.477947
-38.25092	40.176765
-3.1655262	-60.771385
-33.969086	46.394176
0.56846714	-61.25921
1.882396	-49.43083
-57.744183	-37.935028
35.8425	-0.6175313
-28.602335	9.914873
-2.5428104	3.0048513
-42.878094	43.24417
-9.643123	38.96072
-69.638916	28.497816
45.1199	-6.3046618
73.319725	22.955957
17.43523	-12.714253
-43.76106	39.99621
6.015026	-64.137375
32.90142	16.356102
-0.14230901	44.712364
-40.858006	43.84543
46.09253	-47.895992
0.4659464	44.498634
-36.284046	3.5914748
-43.478996	-70.95711
-69.089386	-20.665092
18.992298	33.64373
16.023598	-17.627476
18.143366	-20.933475
22.675716	18.439869
3.431262	31.623352
-71.225365	25.288687
-15.062973	-55.430656
-38.41292	-4.127562
-25.785975	12.104411
48.101765	39.284233
40.028954	-7.602431
44.009018	47.29488
48.350533	3.5198812
45.574875	48.39384
47.58516	-46.86973
-55.202957	-34.752502
5.220581	-3.8735247
38.316105	17.005634
-58.11915	-37.092857
5.0879493	-6.951811
25.672361	12.107806
-65.8116	30.930668
-7.5834312	9.325881
-42.62435	40.538574
22.6121	22.189785
2.8515477	-53.507645
6.5839677	-55.433983
18.932219	-20.794077
-60.409504	-31.966139
32.39739	22.847834
44.26302	-56.452312
-0.75885975	39.39829
-59.317944	-36.51172
-41.05712	40.010876
-16.667889	-54.618584
74.16121	26.043669
-65.89133	-26.471815
46.045296	-1.5574728
0.6272377	-62.538208
26.96295	13.305312
2.3934395	-62.31901
3.0431998	29.311092
2.9897811	-51.432583
-56.843147	-33.54739
27.181152	23.765892
8.8470745	25.264626
23.013563	-15.465609
16.791952	34.9874
1.6595736	4.083117
-51.167515	-37.711624
-52.27676	31.703962
26.110788	9.790499
-7.101351	-56.37136
-45.345688	41.221207
-71.46089	-19.132124
1.7679367	-60.957275
0.11006952	36.857674
2.2993605	30.479834
-59.620304	33.15092
2.0210452	-63.972347
-44.34905	45.303574
48.065815	39.282234
48.39812	-5.2358227
5.7213483	-5.192456
-51.6083	32.627953
-2.6059034	3.2406166
14.020615	-12.00874
21.354017	21.322477
10.583268	-2.984974
-34.235455	41.864742
-60.004097	-32.063496
18.384663	-14.500915
-26.497583	-48.179295
11.8825245	25.496704
43.35011	41.955006
-10.863154	39.593365
-27.347006	7.6034374
44.304466	1.513303
4.469328	-48.54978
68.951645	19.73501
18.102049	-19.20281
11.45876	26.156002
5.0471416	-7.409439
22.421696	-13.836522
8.547677	-13.729312
49.032337	39.844234
68.65293	16.146276
-40.90916	-12.293925
-15.918807	-54.63809
-34.369614	46.776665
75.63965	24.150547
-42.6565	0.15963842
3.3105247	41.22348
66.917145	14.323474
-33.15497	45.5818
39.527714	17.617266
-70.406784	26.185383
-44.346264	43.09504
39.91237	-9.479467
-28.522457	10.175989
-27.297668	-46.241867
47.93872	46.365494
-61.248207	-32.486477
9.668368	29.055399
-2.4881144	5.3589706
33.48107	15.769667
31.627905	23.958277
-44.046974	-70.4766
-69.06485	-20.579103
26.842787	20.87866
-61.4974	-34.77643
-29.219563	10.926817
21.797829	17.158096
-38.25491	-39.9367
-4.3020077	-64.0926
-3.5934083	-60.032608
66.59814	14.470225
37.951645	1.1051311
-69.02711	-22.676352
-50.88443	32.37956
10.184278	-4.403048
16.87773	-5.357028
35.17059	3.254846
67.648796	15.431035
-25.337019	-48.443226
-2.2606044	8.4261
-44.92944	41.94154
2.3906863	2.9905348
12.027129	35.39507
12.812623	32.517227
5.7764378	-9.1357975
-29.036444	42.853176
-73.05521	25.092255
24.759531	21.287891
3.9955437	-63.90363
2.2380013	47.2007
39.55257	9.875954
42.366207	-7.3609076
72.15349	24.709173
39.630962	46.53748
49.872913	44.21471
44.214863	46.346554
2.2145262	48.059235
42.766544	41.604923
-2.3794837	10.397787
-27.963669	-47.96065
-7.390749	-55.75598
-51.720818	32.183937
-35.47547	46.034412
17.894653	-18.582829
-59.120083	-36.32044
-18.066702	-49.62332
-55.400936	-35.381695
12.084704	31.841095
-40.535217	-10.573672
-31.85454	43.887505
46.033173	-50.795746
33.647343	17.937672
-43.684643	-0.011483567
44.95622	-53.315674
1.5362409	-54.32892
49.9542	43.475636
3.3826768	28.27643
14.01233	39.939026
-11.030982	38.66049
23.510403	19.177729
36.8931	1.7876248
4.229086	-50.97485
12.593969	39.387432
-1.4326875	-62.3344
-2.3070328	1.8898398
-70.1428	28.117773
40.4197	17.275566
-71.6427	-18.626938
-31.200167	43.51628
-66.21555	29.853838
13.103891	32.643158
1.98715	-55.721024
-3.6888106	12.119846
-67.555756	-21.469053
18.753777	-20.538048
-26.61492	-46.967503
9.045583	-12.3720665
-10.687136	39.726933
15.01226	-13.434195
24.435465	23.533772
17.80905	-19.95271
74.963425	23.682758
46.824	-47.27884
4.098721	-60.62126
-65.441505	30.403524
-50.692593	31.69451
23.084454	17.784704
-29.989944	5.4495425
-18.085487	-49.55192
-27.069613	-49.80971
-24.054762	-50.309185
-52.566986	33.81047
0.54514366	1.7315736
-30.748558	5.657854
-55.946716	-35.10944
-66.88388	29.342545
48.45009	47.148136
-30.738705	42.289974
-45.412354	-70.450615
-37.89477	-40.077496
-32.52096	44.195007
49.4665	40.834896
-27.830477	9.73419
-64.87902	-26.120516
-27.904068	-47.621372
12.037284	35.4321
-28.049595	7.9821258
44.463707	-57.22504
0.06251768	2.9369817
9.529561	-13.98397
-4.308572	-64.11249
23.081295	-16.387121
-66.34859	-26.275497
69.07025	16.959997
67.17448	12.6556425
-56.363705	-39.03154
3.5990875	-5.9489136
22.812592	19.190832
-44.166866	44.23416
-60.089893	33.07922
67.86807	14.674795
-55.38906	-34.99449
-5.571904	10.553159
-62.938274	32.07774
35.82381	1.5081619
-17.65216	-48.66455
-3.7136724	-61.101974
23.006252	26.321821
-2.3874114	5.8133726
-50.43113	37.14481
-7.918798	-55.073032
-50.40057	37.466473
-41.55938	-0.9525441
-2.2344537	8.509993
-72.24441	25.520113
27.741451	27.41011
-30.401957	5.289594
-42.97123	43.043583
-6.1709094	10.606958
48.243084	46.63794
65.98111	14.984158
1.9167213	41.13473
43.203636	48.52096
-28.112778	10.42866
-37.257664	-40.44844
-49.543205	38.19573
39.704933	46.538612
-69.68937	27.106083
25.085672	27.777294
19.053614	34.093025
-41.103176	-11.04831
-25.507715	-45.21334
-43.566833	46.096603
19.098082	-15.962029
47.417934	-47.630943
2.1415155	48.77715
-37.844563	0.8282208
24.368856	21.517202
49.60406	44.181442
47.67318	-46.0512
27.05562	21.430809
-40.66588	39.957508
-18.205273	-54.63417
-42.9702	-10.235274
48.182617	45.736385
45.203033	-52.883495
4.7812285	-61.89539
69.98961	16.503088
-4.1452804	-60.426662
12.6210165	-11.396118
-2.9757504	5.851567
-27.207127	-47.916836
-57.562664	-37.730423
1.0693374	48.04534
16.752304	-7.887524
15.227791	-13.8883295
22.412712	-17.26197
-18.126648	-54.688606
39.872208	46.384323
-52.13269	32.472523
8.827716	-4.723202
43.663746	46.030598
-56.966934	-33.316025
-41.310585	42.783524
25.260323	11.173536
49.769997	0.16575205
9.92221	-16.932964
19.381105	-10.050376
-34.87664	47.075085
69.43186	16.816256
18.166296	-10.695633
40.02052	-7.810236
-43.812588	-69.99145
5.240367	-62.55454
50.09126	43.733616
-66.52539	30.38252
5.49716	30.281984
-54.888256	-41.040394
-24.803926	-45.021267
68.281105	16.560467
-61.531124	34.970455
16.72462	-4.7924933
44.14183	42.51454
46.798866	-5.475128
