0.74 0.67 0.47 0.34 0.5 0 0.42 0.22
0.86 0.74 0.51 0.4 0.5 0 0.55 0.22
0.41 0.54 0.39 0.2 0.5 0 0.51 0.22
0.42 0.24 0.34 0.16 0.5 0 0.5 0.22
0.34 0.46 0.57 0.09 0.5 0 0.55 0.22
0.48 0.42 0.52 0.24 0.5 0 0.56 0.22
0.28 0.58 0.21 0.13 0.5 0 0.51 0.22
0.39 0.44 0.35 0.16 0.5 0 0.55 0.22
0.36 0.58 0.35 0.24 0.5 0 0.44 0.22
0.36 0.43 0.39 0.12 0.5 0 0.49 0.22
0.44 0.59 0.36 0.16 0.5 0 0.52 0.22
0.54 0.55 0.34 0.31 0.5 0 0.54 0.22
0.35 0.45 0.43 0.11 0.5 0 0.56 0.22
0.42 0.42 0.42 0.2 0.5 0 0.49 0.22
0.26 0.5 0.33 0.28 0.5 0 0.51 0.22
0.26 0.44 0.3 0.11 0.5 0 0.51 0.47
0.44 0.38 0.48 0.32 0.5 0.83 0.53 0.22
0.47 0.54 0.37 0.14 0.5 0 0.5 0.22
0.37 0.53 0.6 0.19 0.5 0.5 0.42 0.22
0.36 0.37 0.33 0.14 0.5 0 0.57 0.31
0.82 0.75 0.54 0.23 0.5 0 0.46 0.22
0.55 0.42 0.34 0.3 0.5 0 0.52 0.22
0.34 0.42 0.3 0.23 0.5 0 0.53 0.22
0.44 0.53 0.52 0.23 0.5 0.83 0.51 0.22
0.54 0.42 0.41 0.16 0.5 0 0.52 0.22
0.36 0.49 0.3 0.22 0.5 0 0.52 0.31
0.29 0.43 0.4 0.15 0.5 0 0.53 0.22
0.92 0.61 0.4 0.22 0.5 0 0.54 0.22
0.32 0.47 0.55 0.12 0.5 0 0.52 0.22
0.77 0.87 0.47 0.37 0.5 0 0.48 0.22
0.35 0.46 0.49 0.15 1 0 0.55 0.35
0.46 0.35 0.33 0.17 0.5 0 0.55 0.22
0.39 0.44 0.28 0.12 0.5 0 0.46 0.27
0.69 0.6 0.51 0.13 0.5 0.83 0.52 0.22
0.42 0.52 0.4 0.17 0.5 0 0.5 0.26
0.37 0.34 0.32 0.22 0.5 0 0.56 0.22
0.35 0.56 0.36 0.3 0.5 0 0.53 0.25
0.48 0.35 0.42 0.21 0.5 0 0.57 0.22
0.44 0.51 0.37 0.15 0.5 0 0.51 0.22
0.49 0.46 0.34 0.21 0.5 0 0.55 0.22
0.49 0.31 0.34 0.13 0.5 0 0.52 0.22
0.69 0.48 0.38 0.15 0.5 0 0.55 0.22
0.48 0.46 0.38 0.29 0.5 0 0.53 0.22
0.51 0.63 0.3 0.35 0.5 0 0.53 0.27
0.33 0.28 0.31 0.24 0.5 0 0.53 0.22
0.37 0.62 0.34 0.25 0.5 0 0.51 0.22
0.3 0.5 0.34 0.26 0.5 0 0.51 0.22
0.49 0.4 0.34 0.26 0.5 0 0.5 0.22
0.34 0.4 0.3 0.23 0.5 0 0.51 0.22
0.43 0.44 0.3 0.18 0.5 0 0.51 0.22
0.43 0.45 0.37 0.12 0.5 0 0.48 0.22
0.45 0.57 0.3 0.17 0.5 0 0.51 0.22
0.45 0.57 0.3 0.17 0.5 0 0.51 0.22
0.42 0.44 0.33 0.17 0.5 0 0.54 0.27
0.4 0.45 0.42 0.17 0.5 0 0.54 0.26
0.35 0.53 0.35 0.33 0.5 0 0.5 0.32
0.68 0.5 0.43 0.27 0.5 0 0.61 0.22
0.32 0.36 0.34 0.19 0.5 0 0.55 0.26
0.47 0.43 0.35 0.32 0.5 0 0.54 0.22
0.84 0.63 0.38 0.23 0.5 0 0.53 0.22
0.43 0.52 0.53 0.52 1 0 0.49 0.22
0.89 0.82 0.6 0.49 0.5 0 0.55 0.22
0.37 0.55 0.29 0.32 0.5 0 0.51 0.22
0.87 0.83 0.57 0.36 0.5 0 0.36 0.22
0.76 0.74 0.56 0.34 0.5 0 0.51 0.3
0.94 0.6 0.33 0.49 0.5 0 0.54 0.22
0.42 0.51 0.39 0.22 0.5 0 0.49 0.26
0.46 0.4 0.38 0.18 0.5 0 0.49 0.22
0.39 0.37 0.33 0.23 0.5 0 0.53 0.26
0.39 0.37 0.33 0.23 0.5 0 0.52 0.26
0.68 0.58 0.51 0.19 0.5 0.83 0.54 0.22
0.49 0.44 0.45 0.22 0.5 0 0.51 0.22
0.47 0.6 0.35 0.21 0.5 0 0.52 0.22
0.57 0.44 0.42 0.2 0.5 0 0.54 0.22
0.8 0.81 0.55 0.35 0.5 0 0.42 0.22
0.79 0.74 0.49 0.33 0.5 0 0.48 0.22
0.42 0.5 0.53 0.22 0.5 0.83 0.5 0.22
0.66 0.66 0.32 0.54 0.5 0 0.51 0.22
0.89 0.52 0.41 0.26 0.5 0 0.52 0.31
0.57 0.4 0.48 0.24 0.5 0 0.55 0.22
0.58 0.38 0.4 0.21 0.5 0 0.5 0.22
0.53 0.41 0.5 0.24 1 0 0.47 0.22
0.44 0.41 0.29 0.21 0.5 0 0.49 0.22
0.43 0.38 0.38 0.12 0.5 0 0.5 0.22
0.49 0.27 0.57 0.18 0.5 0.83 0.54 0.22
0.41 0.48 0.38 0.13 0.5 0 0.51 0.35
0.45 0.41 0.49 0.14 1 0 0.53 0.3
0.74 0.72 0.5 0.28 0.5 0 0.49 0.27
0.38 0.45 0.37 0.19 0.5 0 0.52 0.3
0.31 0.3 0.34 0.19 0.5 0 0.55 0.3
0.77 0.78 0.51 0.28 0.5 0 0.33 0.22
0.74 0.71 0.52 0.3 0.5 0 0.27 0.22
0.77 0.73 0.51 0.27 0.5 0 0.34 0.22
0.49 0.6 0.3 0.34 0.5 0 0.5 0.43
0.27 0.56 0.3 0.14 0.5 0 0.52 0.39
0.95 0.71 0.27 0.39 0.5 0 0.31 0.22
0.97 0.71 0.29 0.42 0.5 0 0.35 0.22
0.39 0.49 0.3 0.19 0.5 0 0.52 0.31
0.37 0.51 0.39 0.18 0.5 0 0.51 0.27
0.27 0.49 0.36 0.26 0.5 0 0.49 0.26
0.77 0.57 0.45 0.17 0.5 0 0.53 0.22
0.28 0.51 0.55 0.19 0.5 0 0.57 0.22
0.81 0.55 0.35 0.34 0.5 0 0.51 0.22
0.58 0.53 0.33 0.26 0.5 0 0.51 0.22
0.45 0.5 0.57 0.29 0.5 0 0.44 0.11
0.45 0.5 0.57 0.29 0.5 0 0.44 0.11
0.57 0.43 0.52 0.3 0.5 0 0.37 0.11
0.57 0.43 0.52 0.3 0.5 0 0.37 0.11
0.44 0.56 0.52 0.18 0.5 0 0.5 0.11
0.72 0.37 0.63 0.38 0.5 0 0.4 0.14
0.72 0.37 0.63 0.38 0.5 0 0.4 0.14
0.58 0.45 0.55 0.27 0.5 0 0.48 0.11
0.38 0.43 0.53 0.22 0.5 0 0.48 0.11
0.34 0.34 0.65 0.4 0.5 0 0.32 0.16
0.34 0.34 0.65 0.4 0.5 0 0.32 0.16
0.43 0.22 0.79 0.79 0.5 0 0.22 0
0.35 0.21 1 0.8 0.5 0 0.13 0.01
0.35 0.21 1 0.8 0.5 0 0.13 0.01
0.56 0.35 0.47 0.35 0.5 0 0.52 0.22
0.66 0.6 0.52 0.19 0.5 0 0.69 0.22
0.69 0.54 0.55 0.23 0.5 0 0.73 0.22
0.73 0.6 0.47 0.2 0.5 0 0.72 0.22
0.5 0.5 0.62 0.23 0.5 0 0.35 0.11
0.39 0.46 0.33 0.18 0.5 0 0.53 0.22
0.46 0.47 0.44 0.18 1 0 0.46 0.22
0.56 0.49 0.32 0.22 0.5 0 0.5 0.22
0.51 0.51 0.32 0.27 0.5 0 0.54 0.22
0.54 0.44 0.35 0.19 0.5 0 0.51 0.27
0.52 0.55 0.39 0.09 1 0 0.55 0.25
0.38 0.42 0.31 0.35 0.5 0 0.52 0.22
0.46 0.48 0.38 0.22 0.5 0 0.39 0.45
0.4 0.43 0.36 0.33 0.5 0 0.51 0.22
0.27 0.41 0.24 0.2 0.5 0 0.49 0.22
0.25 0.35 0.22 0.18 0.5 0 0.46 0.22
0.37 0.4 0.38 0.18 0.5 0 0.51 0.22
0.52 0.47 0.58 0.18 0.5 0 0.34 0.11
0.52 0.47 0.58 0.18 0.5 0 0.34 0.11
0.77 0.73 0.49 0.46 0.5 0 0.38 0.22
0.32 0.68 0.51 0.16 0.5 0.83 0.55 0.22
0.46 0.41 0.43 0.18 0.5 0 0.54 0.22
0.83 0.81 0.45 0.38 0.5 0 0.4 0.26
0.32 0.36 0.28 0.38 0.5 0 0.5 0.4
0.36 0.37 0.63 0.25 0.5 0 0.3 0.22
0.46 0.61 0.38 0.35 0.5 0 0.49 0.22
0.36 0.5 0.39 0.23 0.5 0 0.5 0.22
0.43 0.28 0.41 0.32 0.5 0 0.52 0.22
0.31 0.4 0.31 0.17 0.5 0 0.52 0.22
0.42 0.45 0.75 0.21 0.5 0 0.48 0.22
0.39 0.45 0.75 0.17 0.5 0 0.51 0.22
0.43 0.48 0.36 0.26 0.5 0 0.52 0.22
0.19 0.41 0.55 0.13 0.5 0 0.52 0.25
0.42 0.51 0.33 0.16 0.5 0 0.54 0.22
0.49 0.53 0.36 0.15 0.5 0 0.52 0.27
0.88 0.75 0.41 0.36 0.5 0 0.43 0.22
0.22 0.53 0.36 0.22 0.5 0 0.54 0.31
0.43 0.41 0.37 0.18 0.5 0 0.54 0.31
0.46 0.59 0.38 0.12 0.5 0 0.5 0.22
0.4 0.4 0.43 0.19 0.5 0.83 0.48 0.22
0.57 0.52 0.46 0.2 0.5 0.83 0.52 0.41
0.47 0.61 0.32 0.27 0.5 0 0.5 0.3
0.55 0.35 0.36 0.29 0.5 0 0.51 0.22
0.35 0.32 0.31 0.16 0.5 0 0.56 0.22
0.39 0.56 0.34 0.18 0.5 0 0.49 0.22
0.32 0.45 0.39 0.14 0.5 0 0.45 0.22
0.28 0.48 0.36 0.16 0.5 0 0.53 0.22
0.52 0.65 0.36 0.26 0.5 0 0.44 0.22
0.38 0.37 0.36 0.14 0.5 0 0.54 0.22
0.38 0.56 0.38 0.16 0.5 0 0.53 0.22
0.38 0.67 0.33 0.17 0.5 0 0.51 0.22
0.39 0.33 0.33 0.23 0.5 0 0.47 0.22
0.49 0.56 0.37 0.2 0.5 0 0.53 0.22
0.52 0.46 0.34 0.2 0.5 0 0.51 0.25
0.74 0.75 0.45 0.44 0.5 0 0.52 0.22
0.38 0.48 0.57 0.3 0.5 0 0.41 0.11
0.38 0.32 0.64 0.41 0.5 0 0.44 0.11
0.38 0.4 0.66 0.35 0.5 0 0.43 0.11
0.81 0.62 0.43 0.17 0.5 0 0.53 0.22
