30 64 1
30 62 3
30 65 0
31 59 2
31 65 4
33 58 10
33 60 0
34 58 30
34 60 1
34 61 10
34 67 7
34 60 0
35 64 13
35 63 0
36 60 1
36 69 0
37 60 0
37 63 0
37 58 0
37 59 6
37 60 15
37 63 0
38 59 2
38 60 0
38 60 0
38 62 3
38 64 1
38 66 0
38 66 11
38 60 1
38 67 5
39 63 0
39 67 0
39 58 0
39 59 2
39 63 4
40 58 2
40 58 0
40 65 0
41 58 0
41 59 8
41 59 0
41 64 0
41 69 8
41 65 0
41 65 0
42 58 0
42 60 1
42 59 2
42 61 4
42 62 20
42 65 0
42 63 1
43 63 14
43 64 2
43 64 3
43 60 0
43 63 2
43 65 0
43 66 4
44 61 0
44 63 1
44 61 0
44 67 16
45 60 0
45 67 0
45 59 14
45 64 0
45 68 0
45 67 1
46 62 0
46 58 3
46 63 0
47 61 0
47 63 6
47 66 0
47 67 0
47 58 3
47 60 4
47 68 4
47 66 12
48 61 8
48 62 2
48 64 0
48 66 0
49 61 1
49 62 0
49 66 0
49 60 1
49 62 1
49 63 3
49 61 0
49 67 1
50 59 0
50 61 6
50 61 0
50 63 1
50 58 1
50 59 2
50 61 0
50 64 0
50 65 4
50 66 1
51 64 7
51 59 1
51 65 0
51 66 1
52 61 0
52 63 4
52 69 0
52 60 4
52 60 5
52 62 0
52 62 1
52 64 0
52 65 0
52 68 0
53 58 1
53 60 1
53 60 2
53 61 1
53 63 0
54 59 7
54 60 3
54 66 0
54 67 46
54 62 0
54 69 7
54 63 19
54 58 1
54 62 0
55 58 1
55 58 0
55 58 1
55 66 18
55 66 0
55 69 3
55 69 22
55 67 1
56 60 0
56 66 2
56 66 1
56 67 0
56 60 0
57 64 9
57 69 0
57 61 0
57 62 0
57 63 0
57 64 0
57 64 0
57 67 0
58 59 0
58 60 3
58 61 1
58 67 0
58 58 0
58 58 3
58 61 2
59 60 0
59 63 0
59 64 1
59 64 4
59 64 0
59 64 7
59 67 3
60 61 1
60 67 2
60 61 25
60 64 0
61 59 0
61 59 0
61 64 0
61 65 8
61 68 0
61 59 0
62 62 6
62 66 0
62 66 0
62 58 0
63 61 0
63 62 0
63 63 0
63 63 0
63 66 0
63 61 9
63 61 28
64 58 0
64 65 22
64 66 0
64 61 0
64 68 0
65 58 0
65 64 0
65 67 0
65 59 2
65 64 0
65 67 1
66 58 0
66 58 1
66 68 0
67 66 0
67 66 0
67 61 0
67 65 0
68 67 0
68 68 0
69 60 0
69 65 0
69 66 0
70 66 14
70 67 0
70 68 0
70 59 8
70 63 0
71 68 2
72 58 0
72 64 0
72 67 3
73 62 0
73 68 0
74 63 0
75 62 1
76 67 0
77 65 3
