1.66 -0.55 -0.4 -0.63 0.88 0.82 1.45 1.61 1.73 2.7 3.92 0.51 5.15 4.14 4.24 5.35 2.93 4.78 1.77 1.12 -0.94
-1.8 0 0.69 1.16 1.68 2.34 2.54 2.06 3.74 3.56 3.88 5.12 3.81 4.15 1.78 2.24 0.15 1.43 0.92 0.95 -0.21
-0.28 -0.11 -0.18 0.73 -0.74 1.32 0.43 -0.05 1.56 2.63 2.24 2.48 3.31 3.83 7.12 3.69 3.45 1.17 1.35 0.7 1.92
1.56 0.24 -1.22 0.09 -0.53 1.41 1.44 3.5 4.03 4.8 4.88 6.36 4.25 3.35 1.23 1.75 -0.16 0.91 -0.38 0.75 1.54
-0.38 -0.09 -0.17 0.32 0.27 1.34 1.93 -0.92 2.02 3.64 2.1 1.69 3.67 3.69 4.74 3.13 3.06 1.25 1.22 0.85 0.5
2.52 -0.32 -1.89 1.29 0.25 -0.26 -1.45 0.49 2.38 2.52 1.68 2.61 2.39 6.71 3.88 2.99 4.42 2.88 0.76 2.77 0.18
-0.88 0.51 0.51 0.64 0.71 -1.33 -0.2 0.48 0.51 1.66 1.32 4.89 3.38 5.64 5.27 5.89 2.71 3.92 0.23 1.15 -0.09
0.89 -0.61 0.18 2.46 -0.43 1.13 1.35 3.04 4.48 4.17 5.15 4.53 4.62 4.37 2.27 1.75 1.11 -1.87 -0.37 1.67 0.59
-0.14 -0.26 -0.67 0.73 -0.13 1.05 1.49 -0.46 -0.33 2.23 1.02 2.91 4.7 4.84 4.21 4.16 2.52 1.41 2.13 2.46 -1.02
-1.67 1.78 0.86 -0.51 0.75 0.32 0.93 3.55 3.84 5.44 5.58 5.37 5.41 4.99 3.84 2.92 -0.58 -1.44 -0.9 0.46 -2.07
-0.49 0.92 -1.58 -0.1 -1.81 2.28 0.41 -0.28 -0.94 1.45 2.14 3.08 4.49 5.6 6.41 2.35 3.73 3.46 -0.34 2.07 -1.53
0.74 0.22 -1.22 0.53 0.99 1.46 3.03 2.42 3.59 6.1 5.94 4.1 3.84 2.98 0.99 0.88 1.37 0.97 0.07 -0.88 0.66
1.31 -0.25 2.02 -0.27 0.92 -0.82 -0.75 1.76 -1.13 1.29 1.93 3.09 4.78 5.07 5 2.97 4.8 3.7 3.3 1.29 -1.06
-0.95 0.49 1.01 -1.76 -0.54 0.37 1.15 -0.66 0.73 1.46 2.04 2.04 4.05 4.19 7.38 5.78 5.8 4.35 1.59 2.63 0.17
0.28 0.42 1.03 1.04 -0.31 1.58 -0.15 -0.18 0.85 2.16 0.9 0.71 3.43 6.82 5.3 4.9 3.87 2.13 1.83 1.05 -1.06
0.71 -0.85 -0.62 1.41 -1.15 -2.48 1.49 -0.51 0.15 2.16 2.79 1.69 6.05 4.44 5.76 3.84 2.82 2.47 0.91 0.63 -0.04
-0.76 -0.52 -1.26 0.07 0.61 0 0.45 -0.49 -0.48 0.01 1.5 4.4 2.92 3.17 4.86 3.76 2.61 0.74 3.16 0.82 1.4
-0.56 1.96 1.78 0.6 1.18 -0.33 0.09 3.07 1.92 2.76 2.07 3.02 3.76 2.84 5.7 3.88 3.43 2.08 0.73 0.35 0.91
-0.44 0.89 1.12 0.18 2.17 -0.33 -0.75 -0.37 -1.01 2.64 2.08 2.52 4.32 5.49 5.44 5.09 3.74 3.02 1.94 -1.39 -1.96
0.49 1.79 0.13 0.05 0.82 2.14 2.4 3.1 4.62 3.91 4.88 4 3.35 5.86 2.13 1.23 1.14 -0.54 0.95 0.06 0.73
0.26 1.2 0.27 1.74 -0.87 0.86 0.67 1.86 -0.6 1.4 2.83 2.19 5.45 5.45 5.61 3.82 3.73 4.09 1.99 -0.16 0.05
1.57 0.53 1.72 0.59 -2.25 0.35 0.32 0.78 0.23 0.65 0.69 3.85 3.61 4.43 6.59 4.78 3.74 2.25 3.15 2.26 0.06
2.5 0.46 0.63 -0.98 -0.73 3.69 2.94 3.04 1.57 4.09 5.52 5.02 6.06 2.72 2.31 0.42 -0.36 0.31 -0.3 -0.7 1.01
-0.11 -1.56 -0.39 0.39 -0.43 0.03 -0.78 -1.52 -0.35 -1.14 0.81 3.85 3.23 5.92 5.81 6.36 3.12 3.02 2.38 -0.01 2.37
1.75 -0.3 -0.77 0.54 -0.04 0.72 3 2.19 4.11 4.22 5.34 2.78 5.34 2.56 3.07 0.52 1.02 0.2 0.91 0.3 1.76
-2.41 -1.7 -0.48 1.97 -1.42 -0.01 3.29 1.32 6.72 5.35 4.81 5.73 5.68 4.82 1.96 1.28 -0.17 -0.31 -0.17 -1 -0.16
-0.17 -0.02 2.03 1.1 0.73 0.34 2.43 1.27 0.98 5.69 6.82 4.21 4.97 2.68 4.06 2.36 1.49 0.88 -0.38 3.11 -2.78
-0.36 0.1 0.76 -0.13 1.08 0.31 -0.45 1.44 1.84 0.63 0.98 3.12 1.82 4.4 4.77 3.49 3.78 1.02 0.65 0.37 0.1
-0.54 0.17 1.43 -1.22 -0.74 -0.54 1.69 3.95 3.13 5.3 5.3 4.26 5.26 2.62 1.26 0.1 2.1 0.6 0.18 0.85 -1.82
-2.93 1.04 0.85 0.22 0.35 0.67 -0.22 1.32 0.69 2.24 2.24 4.56 3.51 3.28 7.12 2.33 2.39 2.26 2.9 -0.13 -1.06
0.27 -0.34 0.11 1.92 1.34 0.41 1.16 1.2 0.99 1.41 1.31 3.7 4.34 4.69 4.71 2.15 1.94 1.7 1.51 2.07 0.13
-0.29 -0.84 1.51 1.19 0 0.61 -1.14 -0.62 2.29 0.53 2.97 2.16 3.35 5.32 6.15 5.77 4.12 5.11 1.66 0.13 0.33
-0.13 -1.65 -1.34 -0.84 0.92 -1.11 0.15 1.23 1.41 0.99 1.64 3.16 6.49 3.8 6.13 5.89 3.85 2.57 3.07 1.6 -0.18
-0.26 0.32 0.07 0.86 1.09 -0.56 1.79 0.19 -0.67 0.84 2.51 3.56 3.99 3.09 5.16 4.5 4.98 2.42 1.51 0.26 -0.73
1.11 -0.59 0.5 1.34 1.29 0.83 1.14 3.54 2.48 1.57 2.38 4.35 6.75 2.72 3.15 2.25 2.77 3.31 0.73 0.01 0.07
1.72 0.23 0.1 0.48 0.51 0.11 2.09 3.82 3.93 4.93 4.05 6.53 5.26 3.68 0.51 2.2 -0.46 0.7 0.6 -0.06 0.76
-1.8 0.76 -1.21 1.21 0.85 -0.43 0.65 2.94 4.78 4.45 7.09 3.36 3.08 2.61 2.33 2.05 -0.46 0.34 -2.02 1.67 0.77
-0.4 0.79 0.82 -0.08 -0.18 0.52 2.44 0.06 1.56 1.27 3.48 3.89 4.64 2.18 5.59 3.4 1 2.39 0.35 0.89 -1.36
0.49 -1.55 -1.62 -0.48 0.74 1.24 1.87 2.36 6.05 5.4 5.93 5.23 4.67 4.66 2.12 -0.01 1.17 0.3 0.78 0.13 1.19
2.18 -0.7 0.2 1.59 0.79 2.84 1.61 3.12 3.87 5.62 5.36 4.02 4.55 1.56 3.27 2.86 0.12 1.65 2.14 1.38 -1.53
0.82 0.55 -0.85 -0.06 -0.45 -0.28 -0.05 2.83 -1.12 1.64 1.52 4.41 4.78 4.19 7.88 5.42 4.76 2.05 1.44 0.74 -0.64
0.55 -0.82 -1.8 1.89 -0.27 0.22 1 1.04 2.57 1.36 2.61 3.55 2.76 3.73 4.85 4.75 2.82 2.33 2.53 1.64 0.8
-0.16 0.27 -0.94 0.54 2.63 2.06 1.14 2.45 -0.64 -0.76 2.3 1.89 4.06 3.73 3.77 5.45 2.81 2.78 0.95 0.04 1.06
-0.02 1.25 0.21 1.55 -0.3 2.03 2.68 3.3 3.65 2.88 5.26 4.07 3.83 2.11 2.04 1.72 0.33 1.09 -0.37 -0.59 0.43
-1.39 -0.07 0.08 1.06 0.97 0.93 -0.52 0.28 0.02 1.75 3.23 2.98 6.48 3.08 6.32 3.45 3.31 2.97 2.74 2.26 0.3
-0.51 -2 0 1.5 0 -0.55 0.67 3.05 2.74 2.12 2.95 2.05 4.94 3.68 3.64 3.84 2 3.18 2.23 0.27 2.32
0.86 -1.86 0.61 1.03 -0.05 1.75 0.51 0.7 1.28 2.33 1.5 4.31 1.75 6.48 5.91 4.22 3.87 3.49 2.16 1.35 -0.21
1.78 0.26 0.27 -1.28 -0.64 -0.71 -0.81 1.58 1.67 0.51 1.47 3.84 2.14 5.41 5.9 5.47 2.99 3.85 1.06 1.13 0.29
-0.49 0.48 0.16 -0.29 -0.33 0.69 4.03 2.35 4.54 6.29 6.03 7.3 2.38 3.03 2.98 0.47 -0.4 -1.35 0.32 -0.48 0.2
-0.3 1.46 0.33 -1.94 0.35 0.11 0.1 -0.41 0.94 1.71 3.5 0.91 4.67 4.44 6.56 4.93 2.74 2.56 1.03 1.36 -0.5
-2.21 0.29 1.25 1.47 -0.57 -0.72 3.1 -0.53 -1.42 2.46 1.74 3.58 3.46 3.88 5.61 5.91 3.16 3.77 2.03 0.9 0.66
1.01 0.56 -0.19 -2.36 1.33 1.05 1.55 0.89 3.55 4.97 6.28 4.93 2.75 2.7 1.09 2.14 -0.3 0.37 -1.68 0.76 -0.47
-0.23 -0.61 1 0.14 -1.56 1.55 2.34 3.92 5.61 4.71 6.14 4.36 1.95 4.85 1.95 0.68 -0.64 -0.69 -0.27 -0.74 0.56
1.21 1.49 1.94 -0.92 -2.85 1.41 0.53 3.86 3.83 6.84 5.68 5.82 3.35 2.41 2.44 1.84 0.85 -0.4 1.01 -0.42 -1.34
1.91 -1.85 0.14 0.07 -0.1 2.27 -0.05 -0.4 1.71 2.73 2.33 3.7 2.44 6.33 5.24 5.03 4.16 2.11 4.54 1.12 0.96
1.22 -0.71 -0.44 -1.03 0.77 1.24 0.33 -0.65 1.97 -0.46 2.24 4.89 3.71 4.41 4.89 5.18 4.7 2.76 1.85 1.4 0.9
-0.66 -1.47 -0.4 -0.2 -0.06 0.91 -0.45 3.76 3.6 5 5.92 4.09 3.93 3.57 2.12 -0.18 1.97 0.05 -1.87 2.04 -0.74
0.32 -0.3 -1.28 -0.06 1.71 1.93 2.34 0.24 2.57 0.55 4.04 3.13 3.11 2.96 6.34 2.91 3.03 2.04 1.84 0.06 0.97
0.08 -0.67 0.18 0.39 -0.74 -0.49 4.22 3.75 2.6 3.59 5.84 2.52 3.82 1.08 4.07 1.26 1.51 0.58 -0.12 0.52 -1.99
0.89 1.9 1.44 0.1 -0.33 1.46 2.18 2.53 3.15 3.69 5.41 3.59 2.77 2.18 2.44 2.63 0.43 0.47 0.96 1.12 0.29
-0.97 -0.36 0.37 -0.63 -0.68 0.34 2.12 0.95 3.71 1.91 3.77 2.18 3.83 3.16 6.9 2.75 2.72 1.84 1.74 -0.58 -0.02
-0.24 0.61 1 -0.25 0.92 1.01 1.76 2.02 4.12 6.26 5.31 4.22 4.98 0.92 1.02 1.14 0.04 -1.2 1.18 0.44 0.81
-1.06 1.06 -0.68 0.28 2 0.3 2.93 3.54 3.3 6.25 7.32 6.44 4.12 2.16 2.83 1.91 -0.34 0.92 0.73 0.01 0.08
-2.05 0.16 0.22 -1.62 0.87 1.98 3.94 3.54 3.85 5.59 7.82 4.12 3.6 3.71 4.57 1.07 1.23 0.32 0.26 -1.07 0.97
-0.5 -0.17 -1.99 -0.46 -0.91 -0.15 0.72 0.57 1.47 2.23 3.08 1.38 2.64 3.53 6.22 3.27 4.5 1.39 1.89 0.06 -2
0.91 0.13 -0.01 -0.66 -0.46 0.98 1.74 2.37 3.56 5.37 4.91 5.05 4.23 0.58 3.69 -0.34 -0.74 0.65 0.53 1.13 -0.16
0.83 -0.17 -0.02 -0.11 0.65 1.39 0.04 -0.18 0.14 1.55 3.15 2.64 3.22 3 6.23 2.88 4.72 1.85 1.67 2.02 0.79
-0.2 0.71 1.77 1.21 0.59 0.92 1.18 3.09 4.42 3.43 5.78 5.37 4.46 3.06 1.84 0.48 -0.72 -0.12 -0.49 1.78 -1.3
0.12 -0.14 -1.2 0.16 -0.95 2.06 3.13 2.29 2.45 4.63 7.5 5.76 4.96 3.58 3.45 1.19 -0.19 -0.46 0.4 -0.06 2.92
-2.77 1.16 -1.86 -0.91 0.04 2.05 3.04 1.41 5.23 4.72 6.6 4.54 4.06 2.67 2.46 -0.86 -0.28 -0.84 1.02 0.41 -0.35
-0.63 -0.04 -0.74 -0.59 1.42 2.23 3.03 2.67 3.59 4.05 4.72 4.52 3.06 3.82 2.54 -0.49 0.41 0.72 0.07 -0.19 -0.09
0.35 -0.24 1.27 -1.16 0.84 1.42 1.91 3.99 1.32 5.21 6.82 4.45 3.57 2.69 1.74 0.36 -0.42 0.07 -0.8 -0.48 -0.5
1.36 0.41 0.4 -0.67 -0.65 1.77 2.96 2.5 2.39 5.4 4.27 4.9 3.55 4.24 3.29 0.66 -0.81 -0.93 2.15 -0.51 1.35
0.14 0.95 -0.01 -1.69 0.15 2.65 2.07 2.63 4.3 5.16 6.15 3.4 4.47 2.48 1.41 0.59 2.35 1.72 1.6 -0.79 -0.64
-0.13 -0.72 -0.21 0.71 0.77 2.29 1.38 -1.16 0.66 3.5 2.51 5.15 5.78 3.9 7.16 4.84 3.93 2.29 -0.99 0.51 0.1
2.18 1.13 2.9 0.87 -2.38 1 1.77 1.3 4.9 2.97 6.11 6.25 2.66 3.64 1.78 1.51 -1.04 0.15 1.38 -0.41 -1.47
0.67 -0.27 0.88 1.34 0.57 1.04 1.55 0.91 -0.78 1.53 1.66 2.39 4.01 4.87 4.29 1.98 2.1 2.35 1.28 1.65 0.7
-1.08 -0.16 -0.91 -0.53 0.06 0.6 -0.14 -0.2 0.45 0.52 2.89 2.59 4.87 5.43 5.81 4.78 5.95 3.08 1.98 1.11 -1.22
-1.84 0.53 -0.62 -2.62 0.45 0.67 1.24 5.26 5.53 4.09 6.11 4.48 4.83 3.2 4.3 2.64 -0.09 -1.31 1.47 1.32 -0.59
0.27 -0.57 -0.4 -1.04 0.06 3.32 3.01 3.53 3.1 4.66 3.71 4.26 4.37 3.24 1.82 2.92 1.01 1.38 -0.86 -0.34 0.94
1.39 -1.29 -3.42 -2.15 -0.27 2.39 1.03 3.55 2.76 4.77 6.67 5.27 4.74 2.04 2.04 2.12 -0.4 1.41 0.89 -0.6 0.73
-1.58 0.16 -1.53 -0.33 -0.25 2.85 0.09 2.3 2.24 1.06 3.64 4.7 2.07 3.1 5.74 3.26 2.02 2.92 2.09 1.64 -3.26
-0.61 -0.84 0.43 0.15 0.06 1.92 1.22 1 0.25 2.23 2.14 3.52 5.59 6.92 6 4.75 4.18 1.81 1.18 1.6 -0.68
0.57 0.4 -0.6 0.62 -0.02 0.13 3.38 3.97 2.54 5.4 3.91 3.68 5.14 3.99 1.84 2.99 0.92 -1.49 0.88 0.83 -2.22
0.73 -1.43 1.97 -0.14 -1.68 -1.87 3.2 2.04 3.89 5.53 5.41 4.17 3.4 3.39 0.55 1.25 0.46 -1.13 0.89 0.27 0.75
1.04 0.02 2.24 1.51 1.25 1.13 1.94 0.31 1.56 2.17 4.24 1.43 3.66 4.3 5.04 2.67 2.78 2.11 1.34 0.98 -1.63
0.01 -1 0.73 0.15 -0.01 -1.21 0.8 -0.72 -0.14 -0.67 2.74 1.81 4.45 5.21 5.68 5.93 2.51 2.28 1.61 -0.79 2.3
1.46 -0.13 0.42 1.03 0.29 1.65 -0.71 0.14 -0.22 1.98 1.09 2.44 3.41 3.21 7.62 4.19 3.94 2.35 3 2.18 -0.4
1.05 -1.09 -0.55 0.73 -1.3 -1.17 0.47 -0.55 -0.52 1.08 1.65 2.83 3.29 5.09 6.47 6.36 3.83 1.87 0.95 2.89 -2.22
-0.04 0.37 1.18 0.86 -1.07 0.78 3.1 3.09 3.8 4.79 6.81 4.68 4.69 1.88 2.66 0.13 -0.43 -0.6 0.39 1.97 -0.4
0.24 -0.42 0.05 0.82 0.55 1.57 0.19 1.64 1.73 0.82 3 2.78 3.89 5.55 7 5.74 1.74 1.09 1.58 -0.53 -1.04
1.69 -1.79 1 -0.15 2.77 0.63 1.42 -0.12 0.5 2.55 1.32 4.16 4.48 4.78 4.87 4.18 3.83 4.18 2.46 -1.32 1.15
-0.76 0.06 0.04 -0.06 1.62 1.32 2.38 4.95 5.99 6.46 6.79 6.34 4.75 2.46 1.17 0.97 -0.5 -0.29 0.22 1.26 0.23
0.56 -1.32 -0.49 0.18 1.05 -0.09 1.33 -0.24 -0.25 2 0.69 4.25 4.27 1.75 5.36 4.47 3.77 3.2 3.14 2.56 0
-1.29 -3.1 -0.17 -1.32 -0.07 0.34 1.17 1.41 0.27 0.59 1.37 3.27 4.92 5.05 5.68 4.45 3.79 3.66 2.56 2.28 1.74
0.52 0.16 -0.4 1.51 1.14 0.55 0.08 0.7 1.51 1.46 1.98 2.51 3.19 5.46 5.2 6.42 3.97 2.51 2.84 1.75 -1.12
0.22 0.46 0.07 0.07 1.89 1.62 -1.05 2.86 2.02 0.87 3.8 2.06 3.53 4.5 4.92 5.02 2.11 1.37 0.58 0.08 -0.22
0.9 -0.87 0.22 1.73 -0.46 1.35 1.76 3.78 5.07 3.54 4.97 4.04 4.83 3.11 0.77 2.23 -1.64 0.43 0.86 0.65 -1.11
0.04 0.75 0.08 0.21 -0.46 3.11 1.91 3.5 5.24 3.15 5.01 3.69 3 3.31 -0.82 1.46 0.43 -0.77 0.24 -1.51 0.65
1.24 -0.19 0.04 0.05 -0.29 -2.04 -0.05 0.62 -0.89 0.1 2.69 3.42 5.23 6.28 7.8 4.88 4.66 3.36 2.06 2.74 -0.93
0.25 -0.99 0.22 0.98 0.27 2.48 1.92 1.9 3.44 6.1 6.48 6.89 2.1 3.77 3.27 1.99 -0.51 0.53 -0.01 -0.92 1.09
0.01 1.14 0.75 -0.23 -0.5 -0.8 -0.08 -0.49 1.76 1.57 1.34 2.5 3.99 4.36 4.91 4.13 3.23 3.31 1.92 3.08 1.11
0.25 -1.44 1.76 1.43 -2.09 -0.62 2.2 1.52 1.55 2.84 3.07 2.45 1.39 3.27 2.63 4.7 2.01 1.2 1.35 0.14 -0.58
-0.27 -1.23 2.17 -1.41 0.4 0.42 0.19 -0.01 0.29 0.98 3.16 3.12 5.19 4.77 7.58 4.39 4 3.61 2.21 2.25 0.03
-0.33 -0.09 0.16 -1.03 -0.03 1.35 1.73 0.21 0.35 2.42 2.29 2.28 2.81 4.75 5.03 3.74 3.16 1.97 1.46 0.14 -1.06
-0.36 0.91 0.96 1.17 -0.89 2.48 1.83 2.34 4.83 5.14 5.67 6.43 4.86 2.74 2.62 -0.08 1.34 -0.2 -0.22 2.05 -0.03
-0.42 0.45 -0.6 1.53 1.25 1.28 -0.53 -0.05 1.63 2.74 2.11 3.44 6.16 4.55 2.29 6.02 3.78 3.12 4.17 2.14 0.55
-0.54 1.54 0.56 1.67 -0.01 0.78 2.16 4.13 3.58 3.93 6.17 4.78 3.75 1.98 1.56 1.75 0.77 2.25 0.5 -0.72 2.07
0.39 0.68 -0.05 -0.41 -0.04 0.66 3.03 3.32 3.63 4.37 6.66 5.35 2.21 3.76 1.05 1.41 -0.52 -0.09 0.13 -0.24 0.06
0.25 0.85 0.75 -0.15 0.71 1.02 0.79 1.6 0.29 1.78 2.38 3.11 5.39 5.86 4.12 5.31 2.9 2.89 0.96 0.25 -1.62
0.68 1.46 1.13 -0.72 1.16 0.61 0.1 2.54 0.42 1.88 2.58 1.68 5.05 3.77 4.43 2.62 2.1 0.46 0.39 -0.07 0.09
1.04 -0.41 -2.07 0.87 1.94 -0.2 -1.33 -0.59 -0.9 -0.54 2.62 2.44 4.43 3.85 6.43 4.55 4.38 2.9 1.68 -1.64 1.16
-1.16 -1.11 0.11 -1.09 0.94 1.25 1.37 1.67 4.82 3.88 4.33 6.84 3.29 2.91 3.5 0.82 0 0.4 -0.04 -1.73 -0.06
1.31 -0.28 2.08 1.26 1.77 -1 1.42 1.74 3.88 2.3 2.79 3.86 4.18 3.58 1.49 0.92 1.97 1.26 0.59 -0.22 -0.05
-1.85 -1.65 0.15 -0.81 -1.24 1.83 0.52 0.21 0.5 1.7 0.93 3.28 2.98 2.83 5.91 6.34 4.07 4.24 2.15 2.44 -0.16
0.52 -0.75 -0.47 2.39 -0.37 0.97 -1.37 1.28 0.55 3.44 1.27 4.27 5.23 4.01 4.08 5.5 3.78 2.82 2.67 1.19 1.08
-0.38 -0.06 0.37 0.17 0.61 1.33 1.9 -0.45 1.52 3.3 2.54 2.5 3.68 3.53 3.72 2.86 2.39 2.5 1.35 0.15 -0.35
-0.54 -2.05 -0.91 0.18 0.61 2.2 -0.96 3.27 0.16 1.08 3.43 3.84 4.4 5.3 4.02 2.1 2.39 3.02 2.45 1.89 1.14
-0.77 -0.44 -0.92 1.06 0.44 -0.2 1.36 1.46 0.23 1.99 3.43 2.85 4.4 3.26 4.69 5.56 2 2.83 0.01 4.28 -0.06
1.31 -0.19 -0.12 0.44 -0.84 -1.04 0.38 1.26 3.26 1.13 3.83 2.46 3.74 3.64 4.6 3.88 4.24 3.72 -0.39 0.15 -1.89
2.52 -0.46 -1.14 1.02 0.34 1.36 -1.65 1.7 1.05 2.02 2.95 4.44 3.46 4.08 4.91 6.57 3.12 0.41 0.93 -2.2 -0.11
1.64 0.37 -0.21 1.23 1.69 0.24 2.25 0.1 0.83 3.29 3.27 3.36 3.17 6.46 4.91 5.08 2.78 1.19 1.09 -1.11 -0.41
0.87 0.45 0.24 0.97 0.15 0.17 1.44 0.02 0.98 0.96 3.78 2.16 4.42 3.54 4.85 1.72 2.52 2.36 -0.24 2.73 -1.15
-1.02 -0.36 0.15 1.34 0.05 0.58 1.68 3.63 2.71 3.67 7.17 4.16 4.05 3.2 1.81 2.14 0.02 -0.54 -0.22 -0.02 -3.46
1.08 0.42 1.22 0.8 0.07 1.51 -0.97 -1.88 0.08 0.74 2.48 2.33 4.12 4.43 5.35 4.87 5.67 3.15 1.5 1.33 0.1
1.41 -1.11 2.3 0.13 2.16 1.21 1.03 2.08 1.85 2.48 4.73 4.13 1.82 5.23 4.41 4.47 0.7 2.69 1.44 0.62 0.06
-1.32 1.13 -0.16 1.33 -0.79 0.8 -0.04 -1.91 0.44 1.95 3.91 3.68 3.48 6.65 3.92 4.87 2.23 2.19 1.12 0.03 -1.72
-0.64 -0.49 0.41 -2.64 -0.83 -0.6 2.07 -0.14 1.92 1.11 3.63 1.6 2.72 4.11 6.82 4.08 2.71 2.71 1.44 1.76 0.87
0.34 -2.33 1.46 -0.32 2.1 -0.77 0.23 -0.01 0.19 1.1 0.75 3.92 3.96 2.57 4.8 3.28 3.56 1.96 1.49 1.22 -0.6
-0.49 0.09 -0.86 1.6 2.26 -0.25 -1.93 -0.53 2.03 1.06 2.92 3.02 3.39 5.02 6.35 4.19 4.02 2.57 0.75 1.72 -0.08
-1.07 0.38 -0.04 0.83 0.07 1.18 -1.8 0.02 -0.1 2.55 1.24 3.36 4 4.4 5.58 6.61 1.79 3.24 1.79 2.6 1.52
2.26 0.25 2.39 -0.06 -1.16 1.43 2.43 3.08 5.01 3.53 4.92 5.6 3.67 2.87 1.79 1.57 -0.07 1.9 -0.22 -0.03 -0.43
-1 1.56 -0.21 -0.71 0.08 2.92 2.72 1.41 3.57 1.03 3.52 3.5 4.67 3.81 4.5 1.76 2.13 3.13 1.02 1.66 0.24
0.45 -1.79 0.12 -0.6 -0.79 1.19 3.23 1.62 5.43 5.53 7.14 3.6 4.72 4.39 2.33 1.25 0.34 -0.55 -0.68 0.63 2.17
-1.45 0.62 -2.01 -1.37 -1.01 1.22 2.6 2.81 3.95 6.31 5.9 5.8 4.68 1.62 2.42 1.53 -0.3 -1.41 -0.16 0.08 -2.26
-1.54 -2.91 -0.58 -0.38 0.02 0.06 1.18 1.31 0.2 4.01 2.56 2.4 6.34 3.99 7.17 3.79 2.63 4.1 2.64 2.08 -0.94
-2.63 -0.99 0.92 -0.63 0.43 -0.67 -1.4 -0.26 0.89 2.27 1.6 3.8 4.88 5.13 4.72 7.15 3.37 0.9 1.77 -0.22 -1.4
0.54 -1.13 0.21 -0.09 -0.7 -0.2 0.73 -0.87 -0.16 3.05 1.87 1.44 3.8 4.61 7.38 5.61 3.01 3.22 2.58 1.23 2.64
1.98 0.56 -1.15 0.54 0.28 -0.54 2.98 2.32 1.66 3.93 5.06 5.27 1.68 2.79 2.55 0.63 0.81 -0.39 -1.72 0.43 -0.71
-1.05 1.05 -1.8 1.24 0.97 -0.42 0.09 1.93 2.23 3.22 3 3.14 0.82 3.4 2.87 0.94 3.01 -0.4 2.92 -0.58 -0.82
0.32 0.79 -0.49 1.17 -0.33 1.6 3.05 4.67 4.65 6.05 5.52 3.73 4.7 3.37 0.85 0.12 -0.57 0.79 -0.51 -1.34 0.1
-1.47 -0.15 0.95 0.97 -1.77 0.24 1.84 0.78 4.21 5.34 5.93 5.54 4 5.1 3.28 1.94 -0.86 -1.18 -1.19 -2.06 -0.66
-0.45 -1.82 -2.45 0.43 -2.36 -0.22 1.81 0.29 -0.52 0.93 1.4 3.02 2.15 3.6 5.39 2.94 3.51 1.3 1.49 1.48 -0.94
-1.41 0.16 0.49 -0.27 -1.45 -1.58 -0.53 2.6 0 1.94 2.74 2.25 4.29 3.57 5.19 5.68 3.74 2.71 0.04 0.66 -0.12
0.77 -0.16 0.8 1.23 -0.58 1.14 1.63 1.51 1.27 1.23 1.71 3.75 2.26 4.37 4.56 4.45 2.83 2.58 2.1 0.88 -1.74
0.46 1.07 0.84 -0.19 0.61 2.48 2.69 1.95 3.7 1.4 3.26 4.12 3.99 4.14 4.01 1.56 3.99 0.88 0.66 0.98 -1.47
-0.56 -2.03 0.56 0.14 0.92 0.92 3.27 1.69 4.32 2.71 6.55 4.4 4.01 1.44 2.23 2.96 1.45 0.38 3.05 1.97 -0.54
