-1.23 -1.56 -1.75 -0.28 0.6 2.22 0.85 0.21 -0.2 0.89 1.08 4.2 2.89 7.75 4.59 3.15 5.12 3.32 1.2 0.24 -0.56
1.86 0.37 -0.35 0.74 0.84 0.21 1.97 1.52 1.85 2.39 3.92 3.76 3.27 1.61 3.08 2.78 1.58 1.68 2.61 -0.91 -0.27
-0.73 -0.31 -1.88 -1.4 0.46 1.44 3.38 2.93 5.07 6.01 6.3 3.41 4.52 4.66 1.06 0.65 0.29 1.26 -1.04 -0.72 -0.71
0.34 1.39 -0.71 -0.03 -1.56 1.1 -0.1 0.95 0.91 0.96 3.23 2.56 2.9 5.67 4.88 6.35 2.1 2.03 -0.43 1.7 1.91
-1.85 0.05 1.25 1.62 0.54 0.22 0.05 -0.19 0.32 3.64 1.91 3.03 2.77 5.21 4.89 3.3 5.68 3.59 0.98 1.46 -0.7
0.08 2.22 2.23 0.41 -0.21 2.27 0.78 0.11 3.39 0.57 -0.18 5 4.08 4.03 6.77 4.89 4.26 4.63 1.78 1.87 -0.1
1.32 0.73 -0.86 -1.23 0.36 0.95 0.69 0.1 0.01 2.14 3.16 1.69 3.21 2.77 5.38 5.67 1.12 2.9 1.02 4.65 -0.9
-1.75 -0.77 -0.25 1.36 -0.7 0.76 2.84 1.15 2.16 -1.77 3.13 0.52 3.78 4.55 6.07 4.65 4.26 5.18 0.8 1.54 0.33
0.61 -0.46 1.77 -0.14 -1.54 0.64 3.73 2.81 2.75 4.78 6.39 5.63 3.18 3.09 4.21 1.15 -0.2 1.4 -1.42 -1.89 -0.75
0.08 -0.27 0.38 1.11 1.29 1.05 0.11 0.77 2.61 2.65 2.33 3.81 2.56 4.45 4.82 3.3 3.18 3.33 0.73 0.17 -0.53
-0.15 -2.35 -2.02 1.3 -1.29 1.2 0.63 0.81 -0.77 3.5 3.69 2.23 1.86 4.9 6.27 5.5 1.46 3.11 1.53 -0.16 -0.32
2.5 0.68 -0.2 0.02 2.07 -0.59 1.12 0.71 1.07 3.27 4.01 2.32 2.96 5.33 4.86 2.82 2.05 1.15 -0.31 0.66 1.96
-0.53 0.56 2.06 -1.11 0.43 1.05 0.92 0.71 1.11 0.76 1.41 2.54 5.32 5.38 5.77 2.04 1.65 1.39 1.42 0.19 0.28
1.98 -0.58 0.06 2.05 1.95 -1.45 0.45 -0.65 2.08 0.52 2.84 3.31 4.14 4.54 5.95 5.14 3 1.5 3.67 -0.6 -0.27
0.44 -0.42 1.08 0.23 0.69 0.81 0.55 -0.36 0.87 0.45 3.48 3.7 3.83 4.68 6.35 3.51 3.29 2.73 1.41 -1.01 -0.59
-1.25 2.03 -2.25 0.48 -1.13 0.84 0.22 4.18 4.45 4.5 5.95 5.29 3.82 3.47 1.99 0.64 0.71 -2.95 -1.72 -0.32 0.35
-0.83 -0.1 1.62 -1.39 0.78 0.06 1.99 -1.11 1.23 1.19 2.26 3.62 1.59 4.91 4.32 3.5 3.62 2.31 -0.45 -0.12 -0.16
1.19 1.69 1.24 -0.69 0.2 0.79 0.15 -1.26 0.78 0.54 1.94 3.15 4.85 4.79 4.55 4.55 3.7 2.77 2.97 0.06 -0.21
-0.33 -1.88 -1.13 1.78 1.25 0.78 -0.03 0.59 -0.74 1.73 0.94 3.07 3.32 4.85 4.37 4.07 3.71 3.32 2.52 -0.85 -0.54
-0.88 0.45 0.01 -1.89 3.25 -0.36 0.69 -0.47 1.26 0.98 2.28 3.07 3.46 4.77 4.3 4.72 3.19 1.65 0.88 0.86 -1.8
-0.11 2.26 0.23 -1.1 -2.4 1.97 2 3.45 3.65 4.96 5.88 4.77 1.84 2.69 1.56 1.28 -0.31 1.93 0.42 -0.04 -1.07
2.85 -1.73 1.03 1.57 -0.3 1.99 2.04 -0.15 0.93 2.85 3.39 4.61 5.12 4.87 4.2 2.6 2.15 0.73 1.9 0.42 0.35
0.85 0.07 0.28 -1.99 -0.12 -0.31 0.95 1.35 2.71 0.36 2.8 3.92 3.83 4.09 5.55 4.5 3.24 4.19 3.3 1.6 -1.24
1.77 1.21 -0.81 1.49 1.4 0.3 0.77 1.07 -0.3 4.06 2.36 4.13 3.75 3.68 6.34 2.71 2.57 2.63 -0.62 1.11 1.02
0.76 -0.86 1.93 0.3 0.46 2.19 -0.75 0.99 0.71 2.15 1.02 2.94 6.06 5.25 4.84 4.45 2.66 4.41 2.87 0.86 -1.2
0.25 -0.75 0.47 -0.35 1.38 0.25 0.95 1.19 0.67 0.26 3.47 2.76 4.16 4.61 5.35 4.89 2.97 3.79 1.96 -1.5 0.61
-1.56 0.51 0.83 -0.2 0.22 -0.52 0.61 2.57 5.65 3.15 7.23 6.81 4.75 4.17 3.15 0.7 0.72 0.12 0.47 -1.67 0.18
-1.16 -0.49 0.83 -0.29 0.79 -0.21 1.02 -0.38 0.05 1.68 1.26 3.7 3.55 3.8 5.5 4.43 4.05 2.94 0.34 -1.31 0.33
0.21 -0.19 2.27 1.08 -1.18 2.19 -0.04 2.2 3.2 2.4 4.96 2.74 4.83 3.3 2.39 1.33 2.49 1.23 -1.53 -0.01 -0.66
0.29 0.7 -0.08 1.4 -1.41 0.83 3.73 1.47 0.5 1.11 3.16 4.45 3.79 3.9 4.68 5.05 0.88 1.71 0.9 -0.12 -0.84
-0.5 -0.21 3.41 -0.24 -0.16 1.62 1.16 2.83 1.6 2.46 5.28 4.29 5.65 4.63 2.93 1.13 1.53 0.74 -1.39 0.07 -0.24
1.7 1.59 1.3 1.86 0.18 0.33 -0.27 0.34 0.49 2.19 1.84 2.64 5.72 5.6 6.19 3.76 3.4 0.13 1.87 0.12 -1.22
-1.15 1.39 2.78 -0.17 -0.7 -0.38 0.98 -0.27 1.07 2.34 2.7 2.93 4.58 4.17 5.93 5.63 3.74 3.26 2.15 1.69 -1.59
-1.71 2.05 0.66 -0.06 -1.05 -1.27 1.83 2.19 1.36 1.91 3.89 3.37 4.63 5.5 4.32 5.57 5.59 3.07 1.49 2.31 2.52
-0.98 1.05 -1.22 2.34 -1.89 1.2 -0.62 0.41 -0.58 -1.24 0.75 3.35 4.19 5.91 6.12 5.02 3.93 3.87 0.58 0.47 -0.63
-1.61 0.04 -0.24 1.22 -1.98 2.11 1.11 2.12 1.25 2.27 3.95 2.88 4.19 3.23 4.87 2.75 2.85 3.42 1.74 -0.21 -0.46
0.59 -0.31 1.62 -1.87 0.14 -0.43 -1.07 0.55 -0.34 1.58 3.35 1.97 3.64 6.54 5.5 5.87 3.22 3.2 2.11 1.44 -0.06
-1.38 0.42 -0.12 1.04 -0.09 -0.32 1.19 0.33 1.1 0.06 4.84 2.2 4.54 4.08 5.89 5.37 1.6 3.39 0.55 1.31 -0.01
-0.96 1.24 -1.31 -1.59 0.29 -0.06 1.63 -0.33 0.33 1.3 3.87 5.86 4.25 3.74 6.71 5.18 1.67 2.05 -0.39 2.27 0.71
2.05 1.15 -1.01 1.11 -1.17 -0.29 1.11 2.42 1.11 0.6 3.02 1.3 3.2 5.2 6.67 4.1 3.18 2.25 1.28 3 -0.67
-2.17 0.54 -0.29 -1.61 0.61 -0.94 2.2 4.01 3.05 5.59 5.29 4.17 5.16 1.54 3.74 2.04 -0.7 1.56 -0.41 -0.43 -0.3
0.03 0.35 0.78 0.81 -0.65 -0.12 1.96 1.46 2.22 5.78 5.05 3.11 2.26 2.94 1.16 2.33 -0.75 0.99 0.15 -0.94 0.3
-1.56 -2.15 0.99 -0.28 -1.06 0.99 1.6 2.86 4.2 1.78 3.62 5.14 4.83 4.15 3.39 5.8 0.71 0.12 -0.42 -0.64 -0.28
0.33 0.26 -1.46 0.26 -0.45 1.14 2.4 1.37 0.7 1.96 4.74 3.52 3.94 3.65 5.62 6.86 3.2 2.94 3.06 1.73 0.44
1.22 -0.8 1.28 0.8 0.35 0.82 4.75 2.34 3.39 4.17 3.61 2.61 5.55 4.92 2.41 2.69 -0.92 -0.14 1.72 0.47 2.23
-0.98 -1.6 0.12 0.25 -0.23 1.99 2.02 2.52 4.06 5.65 5.1 3.74 3.89 2.43 3.13 0.81 1.44 0.1 -0.09 -1.47 -0.89
-1.16 0.56 0.36 -0.93 0.12 0.64 -0.73 0.55 0.1 0.96 1.82 2.56 3.16 6.98 6.74 4.98 4.55 1.27 2.12 1.63 -0.65
1.14 -1.42 -0.28 0.47 0.48 1.29 0.91 2.75 2.18 3.54 4.61 6.29 1.84 1.77 1.29 0.97 0.8 -0.11 0.94 0.86 -0.52
-0.26 1.1 0.98 2.15 0.84 1.67 1.06 2.59 4.01 5.66 6.18 3.1 4.53 2.92 1.92 0.81 0.74 0.05 -0.75 -0.63 0.82
-0.27 1.89 -1.32 1.31 -0.08 0.37 0.87 3.23 5.46 6.15 6.44 4.39 2.12 2.57 2.3 1.91 1.27 -1.83 1.16 0.42 -1.49
0.78 -1.19 -1.06 1.04 -0.32 0.41 3.27 2.32 5.18 5.02 7.11 4.29 5.08 1.26 2.22 0.15 0.22 -0.83 0.23 -0.99 -1.26
-0.69 -2.1 0.58 1.85 -1.32 0.63 0.53 0.48 -0.21 -0.17 1.75 3.47 5.7 6.93 5.49 4.63 4.46 1.94 4.32 1.34 0.52
-1.29 -0.26 1.68 0.83 1.65 0.65 0.49 3.11 2.28 4.39 5.89 4.27 3.16 3.32 2.36 0.94 -0.06 0.95 1.46 1.05 0.14
-0.63 0.14 1.54 0.37 -2.16 0.16 2.34 3.42 5.65 2.68 6.07 2.75 2.59 3.98 -0.23 0.7 0.87 0.24 0.23 1.23 0.39
1.7 -2.05 1.39 -0.95 0.28 1.24 1.43 2.26 4.91 3.42 5.89 5.27 3.17 2.46 2.43 0.1 0.02 -2.15 0.21 0.39 1.17
0.39 -0.6 0.42 1.2 -1.95 -1.27 1.79 2.8 4.84 6.82 4.38 6.2 2.49 3.49 1.76 1.08 0.81 -0.58 -1 0.83 1.21
-1.32 -0.47 1.28 -0.08 -0.13 0.1 0.76 -1.91 0.77 1.24 3.1 2.9 3.41 4.96 3.83 4.75 4.09 2.89 1.57 2.22 0.71
2.63 1.01 0.55 -0.78 0.57 1.06 2.51 2.16 4.17 5.68 5.57 4.25 4 4.51 1.06 2.47 -0.89 2.2 1.32 -0.74 -0.11
-0.89 -0.29 1.47 0.28 -1.24 -0.61 2.55 2.23 2.09 1.52 4.07 3.99 4.68 1.83 6.37 3.83 0.43 0.18 1.59 -1.19 -0.14
-0.58 1.23 1.18 0.87 0.25 -0.9 0.21 1.7 1.64 3.31 2.29 3.2 4.4 4.04 5.05 4.52 2.31 1.25 2.97 -1.32 -0.2
1.44 -0.48 0.97 -1.82 1.05 -0.01 1.02 1.2 2.49 1.4 2.74 4.05 5.72 2.42 4.99 3.5 3.71 2.17 1.59 -0.06 1.3
1.02 -0.15 3.22 1 0.25 -0.47 -0.18 -0.92 -1.87 1.56 2.34 3.19 4.64 2.74 4.43 4.7 2.97 2.19 0.74 1.73 0.78
0.43 0.12 -2.17 0.04 0.9 0 2.02 4.01 4.15 3.74 6.57 5.35 4.26 2.59 1.39 1.54 1.3 1.76 -0.97 0.81 0.88
0.68 1.01 1.34 -0.34 -0.84 -0.14 -0.35 1.3 0.93 2.09 2.36 2.7 3.13 4.7 6.6 4.42 3.8 2.9 0.87 1.85 1.19
-1.03 -0.45 -0.34 2.08 -0.81 0.12 3.35 2.78 3.53 5.27 5.78 5.88 2.35 3.46 2.84 2.43 1.66 -0.39 0.03 0.6 -1.71
0.18 -0.48 -0.35 -0.72 1.87 3.33 0.35 1.3 3.65 5.21 4.8 6.5 4.61 3.91 0.92 2.21 0.47 0.22 -0.85 0.31 -0.4
-1.01 -0.66 1.26 0.52 -0.88 1.42 0.03 0.04 0.24 2.64 1.67 3.42 3.58 3.37 6.73 3.23 2 2.96 2.59 2.86 -0.57
-1.42 -0.39 1.67 0.09 -0.46 0.08 0.64 5.01 5.94 5.17 6.21 6.03 2.62 2.74 2.7 2.15 0.02 1.71 -0.23 3.09 -1.57
0.04 0.35 -0.72 0.67 -1.73 1.23 1.11 2.82 0.36 6.66 5.46 4.79 5.29 4.18 2.65 2.38 0.16 -0.94 0.89 0.51 1.62
2.71 0.57 -1.1 1.55 -0.71 -0.7 -1.49 -0.2 -0.58 1.78 2.66 4.69 3.36 5.17 7.04 5.25 5.69 4.42 3.23 0.84 1.69
1.07 -0.94 0.32 -1.04 0.41 -1.39 2.39 0.44 0.58 1.54 0.96 4.25 4.42 5.19 5.79 4.92 2.99 3.34 0.29 -1.39 -1.33
0.21 0.25 0.27 -0.43 -0.02 0.58 0.22 -0.35 0.06 2.71 -0.99 2.74 3.21 4.92 4.23 5.47 3.97 3.6 1.86 0.4 0.26
-1.33 -2.15 0.37 0.58 -0.12 1.42 2.64 2.04 0.35 0.88 1.73 3.04 4.03 2.99 1.26 2.55 2.28 1.48 -0.83 1 -0.94
-0.88 -0.57 0.73 -0.96 -0.11 0.36 2.01 1.68 2.38 2.2 1.52 3.26 2.39 3.16 6.43 4.72 3.68 2.1 0.4 1.23 0.8
0.07 -0.98 -0.89 -0.72 0.15 1.45 3.7 1.37 2.84 4.47 5.22 3.96 3.35 3.47 1.68 0.82 0.07 -0.47 1.83 -0.43 -0.68
-1.19 -0.21 0.96 0.49 -0.58 -0.03 -1.18 0.2 1.22 0.39 3.57 3.66 4.28 4.46 4.88 5.36 3.72 2.27 0.23 0.8 -0.78
1.43 -0.58 1.43 0.55 0.62 -0.55 0.31 -0.26 -0.2 2.68 1.23 4.02 4.39 5.88 4.72 5.37 3.47 2.18 0.94 2.42 -0.51
0.19 1.59 1.04 -1.24 -0.76 0.03 -0.82 0.42 0.07 0.64 3.83 2.84 4.72 7 3.92 6.5 2.52 3.91 0.27 -1.05 0.12
-2.11 0.84 1.8 1.01 1.08 2.33 -1.04 0.54 1.07 0.33 2.64 2.18 3.65 5.1 4.65 4.83 2.05 2.83 1.51 -0.29 2.2
-0.42 0.1 -0.26 0.66 -0.08 2.26 1.99 1.82 2.28 3.31 5.27 2.5 6.62 2.84 3.02 1.23 0.76 -0.36 -2.38 -0.06 -0.27
0.77 1.5 0.17 0.69 0.51 1.11 -0.49 4.01 0.77 -0.66 1.68 3.61 3.31 6.34 4.3 4.24 2.67 4.35 0.35 -1.47 -0.78
0.85 0.1 0.58 -0.52 0.42 2.62 1.56 2.54 4.09 6.11 6.06 5.34 3.75 3.04 1.94 -0.11 1.78 1.82 0.32 0.78 0.82
-0.68 1.17 0.85 1.22 -0.1 -0.8 -0.96 1.27 1.03 2.62 1.3 2.97 3.45 4.09 5.54 4.28 2.11 2.96 3.16 1.06 1.21
1.74 0.17 1.96 1.51 0.34 -0.13 -0.07 0.35 -1.81 3.39 3.35 2.43 6.57 4.07 4.61 4.69 3.75 4.47 1.55 1.78 1.06
1.66 -3.12 -0.08 -0.29 -0.46 1 0.81 0.18 0.54 1.41 2.65 3.07 4.9 4.26 4.67 3.58 3.93 3.94 2.51 -0.57 -0.19
0.85 0.44 -1.16 1.69 -0.42 1.9 -3.28 -0.35 1.02 1.44 1.49 3.77 4.52 4.85 4.96 3.82 2.6 2.8 2.72 1.96 0.49
0.21 -1.9 0.84 -0.01 -0.06 -0.48 0.66 1.87 0.42 0.17 1.6 3.65 3.79 4.55 6.26 3.63 3.74 2.04 3.34 0.52 0.41
-0.71 -1.15 1.97 -0.28 0.38 0.36 0.33 1.39 -0.42 1.63 2.26 2.55 3.59 5.8 5.58 5.28 3.04 2.43 1.96 -0.53 -0.18
2.48 0 -0.05 0.1 -0.59 0.04 1 0.48 0.64 0.66 1.99 5.2 4.21 6.18 5.63 5.31 4.15 1.33 1.89 -0.26 -0.28
-0.51 -1.2 0.9 0.43 -0.7 2.45 2.96 5.1 4.12 3.7 3.78 5.75 5.73 3.71 0.89 1.77 0.6 -1.13 -0.66 -0.82 1.45
-1.24 -1.43 -0.85 1.54 0.94 -0.06 0.93 0.66 0.66 -0.45 0.44 4.87 3.39 4.91 5.5 4.72 3.13 2.4 0.82 0.32 0.54
0.95 -1.15 -0.11 1.58 1 2.33 3.46 1.99 4.24 3.67 5.33 5.45 2.46 6.08 1.44 2.3 0.91 0.22 -1.29 1.16 -0.22
2.44 -1.34 -0.15 -0.28 0.93 1 -0.41 1.14 -1.68 2.32 2.78 3.33 3.49 4.93 3.95 4.75 2.92 1.53 1.24 1.26 -0.37
0.59 0.38 -1.84 1.14 0.22 2 0.05 -0.83 -0.04 2.87 2.49 1.11 3.72 3.11 4.21 4.15 1.71 4.09 1.56 0.53 -0.99
0.69 -0.25 1.35 0.97 -0.22 1.66 0.99 -0.18 0.77 2.09 3.49 3.28 2.52 4.38 4.07 3.54 3.05 3.15 -0.1 0.2 1.04
0.16 0.01 -1.09 0.28 0.36 0.94 0.46 4.14 3.02 5.28 6.16 4.81 3.49 2.28 1.2 1.37 -0.33 1.4 -0.34 -0.74 -0.99
0.94 -0.9 1.28 1.47 -0.13 -0.15 0.52 0.37 0.22 0.9 4.33 2.24 3.98 4.53 4.79 4.31 2.41 1.16 0.37 1.53 -0.4
0.27 -0.94 -0.23 1.1 0.49 1.67 2.38 4.14 4.4 6.72 7.88 6.12 3.45 2.98 3.04 1.76 1.14 -0.16 0.63 -1.77 1.4
-0.73 -1.6 1.17 -1.44 2.58 0.52 2.7 0.92 1.88 2.26 5.72 4.06 3.78 3.52 4.03 3.47 0.15 2.17 1.3 0.71 -1.34
0.1 0.07 -0.21 -1.14 -1.23 1.49 0.16 -1.07 -1.36 -0.11 0.73 3.16 2.77 5.53 6.56 4.61 3.92 2.89 0.1 0.41 -2.56
-0.25 -0.21 -0.07 -0.2 -1.05 0.48 -0.35 0.11 2.87 -1.12 2.81 2.37 4.26 3 5.17 4.01 5.7 2.44 1.02 -0.54 -1.35
-0.16 0.62 -0.17 -0.02 -0.55 -0.98 1 -1.22 -0.41 1.68 0.8 2.94 3.01 5.17 6.96 4.27 4.2 0.9 4.04 0.53 0.77
0.9 1.36 0.3 0.68 0.16 2.4 2.44 3.64 1.57 4.33 5.28 4.39 4.62 1.55 3.86 0.66 0.62 1.51 0.4 1.26 -1.46
0.39 0.66 0.53 -0.61 1.15 2.49 0.23 2.77 3.7 4.4 6.37 4.42 3.94 2.43 3.58 1.46 -2.21 0.3 1.19 -1.45 -0.43
-1.09 -0.66 0.33 -0.41 0.98 0.55 0.42 0.79 2.34 4.12 2.21 2.81 1.68 4.96 4.1 3.07 2.82 3 3.65 0.58 0.99
-2.04 0.31 0.75 -0.7 -0.32 2.04 2.04 2.86 3.91 3.07 4.23 4.93 2.25 2.55 3.82 3.09 3.21 -0.17 -0.06 -0.33 0.94
0.33 1.76 2.64 1.24 -0.82 0.24 -0.91 -0.47 0.63 1.4 2.62 1.06 4.15 5.21 5.62 3.18 3.55 4.32 1.25 0.07 0.37
1.9 -1.87 -0.39 -0.2 -0.22 0.27 1.9 2.11 4.09 5.96 7.14 4.03 2 3.38 2.32 1.39 -0.22 -1.03 1.39 2.24 1.49
0.09 0.56 -1.27 -0.09 1.31 2.23 -0.63 3.04 0.23 1.82 1.93 1.58 4.69 5.21 5.85 3.14 3.34 3.34 2.38 0.54 1.02
0.45 -0.71 2.02 -0.57 1.54 1.94 0.86 2.05 2.85 4.14 5.42 5.57 4.13 4.38 3.11 0.79 -1.43 -0.8 -0.99 1.36 0.21
-0.51 1.21 -1.09 0.83 0.36 0.97 1.58 3.24 4.22 3.18 5.67 5.08 2.95 3.58 1.56 2.15 0.48 0.07 -1.1 -0.92 -0.56
0.33 1.1 0.5 1.41 0.27 -0.68 1.64 1.51 3.17 6.79 7.24 5.34 6.37 2.87 1.81 0.95 0.26 -0.44 -2.04 -1.26 -0.2
-0.17 -0.24 -0.81 -1.56 0.83 1.64 0.8 -1.27 -1.08 1.63 0.68 2.68 3.1 4.52 5.8 4.07 2.57 1.97 0.99 0.19 -0.12
1.33 1.51 0.14 -1.23 -1.26 0.9 -0.32 -2.15 0.71 0.93 -0.17 2.66 3.64 4.84 6.12 3.97 1.8 3.71 2.58 0.39 0.65
1.44 0.36 -0.61 0.83 -0.62 1.94 3.33 2.45 3.67 4.36 4 5.54 1.18 3.34 2.35 2.67 1.92 1.49 -1.25 0.84 -0.19
-2.2 -1.42 -1.36 0.69 0.67 1.22 1.12 -0.26 0.74 2.98 2.47 1.77 3.7 2.16 4.98 2.9 1.24 1.25 0.47 -0.77 -0.09
0.86 -0.81 0.8 0.74 1.6 2.34 0.5 2.05 2.14 2.25 3.45 2.93 3.28 4.82 3.93 3.61 1.91 1.15 0.23 0.7 -1.13
-0.89 2.01 -0.28 -1.34 -0.44 -0.24 2.46 0.45 -0.18 1.2 0.39 4.3 4.77 5.64 7.19 5.28 4.88 3.1 2.87 0.2 0.75
-1.58 -1.45 -0.6 0.35 2 -1.06 1.88 1.5 0.17 1.54 2.59 2.12 3.54 5.19 3.67 2.93 3.38 1.92 1.55 0.79 -0.63
-0.21 0.47 -0.65 -1.32 0.66 0.26 2 1.26 0.8 -0.06 0.68 3.4 6.09 4.92 6.34 5.47 3.53 3.59 1.84 1.59 0.36
-1.65 0.28 -0.57 0.01 1.88 0.94 0.4 1.35 0.97 2.36 0.97 3.45 3.79 6.62 6.39 4.23 2.59 3.01 1.77 1.7 -0.14
-1.67 -0.52 -0.87 0.22 -1.91 0.18 0.92 -1.03 -0.33 1.36 2.13 1.81 4.74 5.01 5.44 6.17 2.3 1.42 1.72 1.89 0.64
0.57 -0.57 2.84 -1.02 1.26 0.27 0.48 2.45 3.7 2.93 6.45 4.66 2.62 3.1 2.86 2.53 -0.04 -0.34 2.13 0.52 -0.41
0.17 2.72 1.03 2.24 0.01 0.19 0.92 0.88 2.07 0.98 3.07 3.74 3.89 2.55 3.78 1.99 2.58 0.84 1.08 1.63 -0.4
-1.09 -0.1 -0.94 -1.19 -0.13 1.2 3.55 2.91 4.15 4.67 5.52 5.6 4.28 3.66 1.14 1.58 -0.14 0.99 -0.81 -0.8 0.83
-0.75 -1.6 1.01 1.4 -0.55 1.71 -0.02 2.28 3.3 5.79 7.27 4.55 5.2 3.63 2.8 -0.83 -0.07 0.14 0.91 2.19 1.97
1.11 -1.33 0.93 0.87 0.93 -0.31 1.27 1.49 2.39 3.97 1.41 3.72 3.13 4.62 6.5 4.83 3.23 2.98 1.96 0.81 -0.06
0.99 -0.13 -1.86 -0.77 0.13 -1.82 1.91 1.29 2.82 3.29 3.26 3.41 6.29 4.54 7.48 4.98 2.12 1.99 1.77 2.74 1.29
1.11 -1.39 1.99 0.18 -0.79 1.61 1.38 1.47 3.55 3.33 2.42 5.06 3.53 3.66 4.55 1.37 1.7 1.12 0.58 -0.48 -2.55
-2.36 0.61 0.65 0.73 1.65 1.99 1.53 2 2.94 5.31 5.47 5.56 2.31 3.29 4.72 1.75 -0.3 0.54 -0.24 0.83 1.18
0.75 2.11 -1.04 1.3 1.25 0.96 -1.26 -0.27 0.8 2.6 2.58 3.84 4.13 3.8 7.07 2.7 2.47 1.62 0.48 0.63 0.68
1.7 0.49 1.27 0.55 0.68 -0.56 2.18 2.5 2.45 6.06 4.76 6.41 3.86 4.1 3.72 3.65 0.69 -0.51 0.07 1.62 -2.56
-1.8 -0.26 0.28 0.98 -0.95 0.24 -0.74 1.69 0.71 1.2 1.19 3.96 2.83 4.21 5.08 1.68 3.49 2.08 3.08 0.21 -0.84
1.59 0.48 -0.28 -0.05 0.27 -0.22 2.31 2.11 3.73 4.17 6.32 4.05 2.65 1.72 3.5 1.89 1.81 -0.18 -1.03 0.41 -0.67
-0.04 1.24 0.11 -0.51 0.8 0.58 -0.49 -1.13 -0.46 1.42 0.8 2.54 3.9 3.68 5.06 3.95 4.75 2.42 0.54 -0.28 -1.49
-0.94 0.19 -0.1 -0.44 -0.6 -0.04 0.9 0.16 -0.12 2.71 1.85 4.89 4.58 6.57 5.41 4.96 3.6 3.64 0.85 -1.41 -1.57
-0.95 0.5 -1.87 0.94 -0.78 0.99 -0.49 -0.8 1.34 2.13 0.69 2.82 3.04 4.24 5.44 4.27 3.84 2.08 2.26 1.06 0.29
-0.07 1.23 0.84 1.31 -1.88 2.58 0.59 0.05 -0.98 -0.34 1.73 2.98 5.55 4.4 3.74 5.02 4.9 3.67 1.69 1.24 0.25
0.9 -0.01 1.48 -1.2 0.4 1.35 3 0.01 2.75 1.62 1.94 3.58 4.15 5.04 6.01 5.21 3.67 2.46 1.46 1.27 -0.95
0.36 0.19 1.01 1.14 0.96 -0.32 0.02 0.06 -0.5 0.49 3.7 2.81 4.72 4.16 4.11 5.88 3.89 1.39 3.03 0.82 -0.66
-0.6 2.56 -0.34 1.31 -0.5 -1.02 -1.11 0.2 0.08 1.19 2.4 2.4 3.21 4.79 7.68 4.74 4.49 3.68 1.1 0.23 -0.04
-1.1 -0.44 0.6 1.19 -0.15 0.44 -2.1 0.34 -1.06 1.54 2.15 4.12 3.13 3.62 4.35 4.84 3.23 2.93 1.61 -1.64 -0.88
-1.2 0.51 -0.41 0.66 0.92 -0.24 1.92 -0.31 0.76 0.88 2.49 2.6 4.54 5.68 4.27 5.84 4.24 2.09 1.99 2.11 -0.06
-0.43 0.04 -1.26 -1.21 -0.44 0.05 2.16 3.95 5.67 5.26 6.3 4.61 3.88 2.29 3.41 1.56 -1.5 1.11 -0.7 -0.23 -0.18
-1.44 -0.23 -0.45 -0.59 -0.37 0.55 1.76 3.09 3.39 6.76 6.94 3.89 4.08 4.8 4.1 1.81 -0.47 0.76 -2.11 -2.25 -0.48
-0.67 0.02 1.03 0.12 -1.47 -1.16 -0.5 0.94 2 0.48 2.9 3.6 3.29 3.33 4.79 5.53 3.93 3.74 3.29 0.48 1.8
-0.45 -1.05 0.39 0.71 0.74 1.83 1.18 1.92 2.14 3.17 4.14 2.99 2.17 1.63 3.08 4.38 1.64 2.35 0.85 2.05 0.92
-0.21 -0.65 0.26 0.03 1.09 0.2 0.96 2.69 3.86 1.76 1.9 4.37 5.36 4.35 5.06 4.47 4.91 2.68 -0.56 0.03 -0.77
-0.46 -1.55 2.46 -0.63 -1.04 1.48 0.06 0.85 3.83 0.91 5.1 2.46 3.3 4.94 5.29 3.76 0.26 0.86 1.27 1.6 -0.63
1.85 -0.08 0.17 -1.09 -1.01 -0.11 1.36 0.4 -1.11 -0.66 2.39 4.84 4.62 4.55 6.56 4.58 4 2.07 0.98 3.59 0.15
0.04 -0.6 0.91 2.04 -1.01 1.97 2.42 3.43 4.18 4.75 4.56 5.38 3.28 3.83 3.83 1.66 2.69 -1.64 0.48 0.81 -0.19
-0.36 -0.05 0.22 0.54 1.75 0.11 2.84 3.39 4.18 6.14 4.98 1.99 4.51 4.03 0.88 2.92 0.63 0.59 0.28 -2 0
-2.76 0.07 1.12 -1.01 -0.78 1.83 -0.91 2.29 0.63 3.5 1.67 4.64 3.18 5.06 3.84 5.38 2.04 3.36 3.56 0.98 -0.86
0.82 0.88 0.04 -1.79 -0.05 0.97 1.24 0.86 -0.43 2.04 0.6 4.21 2.31 4.3 6.5 6.23 4.26 3.5 2.8 0.81 -1.52
1.07 -0.77 -1.06 -0.75 0.12 -0.17 1.57 1.85 3.97 4.7 7.97 2.88 3.34 2.75 2.06 -0.3 2.24 1.11 -1.78 1.05 0.04
1.23 -0.9 -0.01 -2.33 -0.89 -0.35 0.26 0.25 0.22 1.37 3.08 1.31 3.18 4.63 5.24 5.54 1.92 2.7 2.68 0.69 -0.55
1.69 -0.28 0.06 1.11 0.6 -0.58 -0.21 -0.22 -0.91 1.53 2.99 1.66 2.36 5.25 4.68 7.09 3.51 1.8 5.28 0.76 1.18
-0.01 -0.57 -1.34 -0.62 -0.14 -1.25 0.02 -1.9 0.7 1.22 1.99 2.63 4.03 5.46 6.64 2.91 3.99 2.23 3.5 1.17 -0.89
1.8 0.2 0.28 -0.91 -1.29 0.85 1.72 -1.21 0.43 2.64 2.22 3.29 3.83 4.68 5.24 5.8 3.97 1.22 -0.57 0.34 1.21
-0.08 -0.75 -3.77 1.67 0.19 -0.68 -1.09 0.92 1.77 0.95 -1.03 2.71 2.87 3.99 4.87 4.06 5.51 3.2 1.55 1.57 -0.57
0.29 0.72 -0.07 0.09 1.01 0.76 1.9 1.63 4.71 4.5 6.96 5.65 3.84 2.12 3.39 1.87 1.09 -0.09 -0.88 -0.99 -0.52
-0.86 0.44 -0.74 0.93 0.05 1.09 -0.58 1.77 3.48 1.31 2.5 3.05 5.53 3.29 4.93 5.6 3.21 0.83 1.11 0.99 2.33
-0.22 1.53 1 1.52 -1.14 1.64 1.33 0.56 4.07 5.38 7.17 5.78 3.31 3.79 1.52 2.35 -1.28 0.92 -0.08 -0.32 -0.12
1.74 -0.78 -0.29 1.35 -0.07 -1.06 0.03 -0.36 0.34 1.28 2.31 2.28 4.59 3.51 4.78 4.15 5.5 2.17 1.41 0.37 1.16
-1.44 -0.4 0.6 -0.06 0.91 1.46 2.08 2.23 3.51 3.12 3.35 2.81 4.31 5.28 4.07 1.38 1.64 1.04 0.64 -0.38 -1.98
-0.3 0.25 0.33 0.03 2.42 0.76 -0.77 -0.2 0.7 1.84 2.28 3.94 3.1 4.05 4.59 3.3 1.79 3.74 0.55 0.77 -0.11
-1.96 0.11 1.06 0.39 1.52 1.63 1.03 1.26 -1.12 1.95 2.07 3.92 4.08 4.12 5.04 3.65 3.06 2.08 2.68 1.85 -0.51
1.58 1.84 -0.43 -0.37 0.15 2.55 0.44 2.37 0.41 0.96 4.63 3.53 4.19 5.69 4.85 5.42 4.1 1.84 1.03 2.32 0.06
0.16 -1.9 1.37 1.18 0.39 -0.18 2.42 0.33 1.47 2.97 3.13 3.18 3.34 3.24 5.27 3.44 2.16 -0.22 0.48 1.18 0.4
0.34 -1.84 0.93 1.33 -0.41 2.27 -0.2 3.5 2.34 1.74 3.13 3.1 3.76 4.63 3.86 3.36 2.16 1.13 1.63 1.77 0.33
0.08 -0.97 -0.05 0.63 1.83 -0.11 1.54 0.82 -0.51 0.8 0.16 3.47 3.52 5.09 6.2 5.63 4.79 3.01 1 -0.84 -0.15
2.26 -1.63 -0.18 0.48 -0.13 0.86 1.38 2.42 4.05 4.46 4.99 3.68 4.04 1.77 3.86 1.71 2.14 0.25 2.94 0.33 -0.65
0.25 1.76 0.01 0.6 -0.51 0.79 1.62 0.96 1.49 -0.02 3.06 3.55 6.38 3.76 5.97 3.26 1.67 1.79 1.47 1.93 -0.93
-0.34 1.08 -0.7 1.13 -0.18 -1.19 -1.01 -0.8 1.56 -1.38 0.67 4.08 3.96 5.7 7.21 3.86 4.56 3.29 1.93 0.87 -0.47
-0.16 1.4 -1.54 1.42 1.92 1.14 0.59 -1.51 0.92 2.94 2.85 2.79 3.61 4.34 5.27 4.51 3.08 1.73 2.43 1.09 1.26
0.22 -0.5 -0.14 -1.12 1.04 1.28 -2.3 0.52 1.35 2.41 1.25 2.31 5.1 4.65 5.87 2.81 5.46 2.98 2.36 -0.02 -0.12
-1.26 -0.05 0.75 -1.13 -0.26 2.3 -0.42 2 1.17 0.39 3.77 2.89 4.51 5.1 2.83 3.27 3.85 2.51 1.17 0.42 -0.88
-0.74 1.93 -0.26 0.03 0.05 -0.12 1.43 -1.04 -0.69 2.51 1.71 2.16 2.99 3.39 6.72 5.91 4.32 3.84 2.63 -0.24 0.94
3.29 -0.72 -0.57 1 -0.11 0.14 -0.28 2.04 2.04 4.97 3.45 4.02 3.44 2.33 4.33 1.91 1.39 2.67 -0.28 0.36 1.22
-0.4 0.59 0.11 -0.02 0.07 1.96 1.19 1.01 1.54 3.11 2.89 2.35 5.13 4.48 3.93 4.73 3.67 2.38 1.69 0.38 -1.98
0.33 0.34 -0.09 -0.91 -0.74 0.62 1.59 3.33 4.52 3.81 5.45 5.23 2.92 3.25 1.67 1.69 -0.48 -1.57 1.36 1.17 0.34
-1.03 -0.41 -0.67 1.55 0.56 1.72 0.87 3.64 1.45 5.08 5.08 4.57 2.7 2.71 2.61 3.01 0.14 1.23 -1.26 -0.32 0.17
0.84 0.33 -1.64 1.97 1.66 -1.04 0.42 2.08 1.75 0.91 1.2 2.68 3.22 1.97 5.36 3.9 2.16 3.11 2.76 1.71 -1.45
-0.93 0.96 1.03 -0.79 1.74 0.05 0.72 0.84 0.8 1.11 3.02 3.26 3.62 4.25 3.67 2.78 3.27 0.79 -0.08 1.73 -2.8
0.28 0.14 0.76 -0.24 -0.53 0.35 0.27 -0.46 1.26 0.92 2.82 2.42 5.29 3.88 6.74 4.31 3.39 2.21 1.15 -0.6 2.1
0.3 -0.61 0.62 2.22 -1.15 -0.44 -0.78 -0.08 1.82 0.94 1.97 4.43 5.6 4.35 6.82 3.59 3.79 4.4 2.73 0.41 1.24
-0.96 -0.22 -1.2 0.91 -0.38 1.36 1.26 0.41 1.45 2.67 2.49 2.84 3.22 5.5 6.36 4.85 5.64 2.6 2.62 0.64 -1.43
0.5 2.25 -1 0.17 1.18 2.68 0.54 1.15 1.39 0.48 2.3 3.49 4.18 4.62 4.74 5.69 3.35 2.61 3.21 0.7 -0.61
1.86 1.5 0.42 1.3 0.92 0.68 2.04 3.25 2.89 3.77 3.9 3.16 3.93 3.47 2.92 0.1 1.81 0.61 -0.68 1.46 -0.66
-0.03 -0.31 -0.73 0.47 0.44 2.64 0.85 1.56 1.21 0.54 3.75 3 5.07 6.14 4.43 4.96 2.82 4 0.28 0.52 -1.38
1.34 2.32 1.24 0.18 -0.61 -0.84 1.55 2.09 0.56 3.73 3.16 4.26 4.51 3.7 3.56 3.49 2.6 2.12 1.89 -2.24 0.14
-2.02 0.87 -0.98 1.49 1.31 -0.9 0.73 1.24 2.45 1.46 4.59 2.69 5.27 5 4.33 1.6 3.92 0.79 1.89 -0.72 -0.98
1.46 0.16 3 -1.06 -0.53 0.44 0.82 1.29 0.47 0.92 4.8 4.27 4.26 3.54 5.27 4.55 1.93 1.71 1.48 -1.2 -1.46
1.36 -0.24 1.79 1.22 1 2.21 0.03 2.23 3.21 4.42 4.82 4.41 3.74 3.24 1.36 2.98 -0.25 1.76 0.99 -0.67 -0.71
-1.73 0.39 0.43 1.47 -0.34 1.31 -1.34 2.27 -0.68 1.39 1.85 6.82 4.13 6.26 6.13 6.38 3.78 1.98 -0.75 2.35 0.61
0.91 -0.29 0.35 1 -0.19 0.92 2.07 1.08 3.05 2.54 6.43 5.73 4.08 3.73 1.53 1.34 -0.66 -1.64 0.01 -0.79 -0.71
0.29 0.27 -0.16 -0.46 -1.24 1.4 1.26 0.87 -1.75 0.49 3.42 3.85 2.38 4.6 7.39 5.07 5.13 3.26 1.14 1.02 -2.08
1.85 -0.76 0.14 -0.17 2.01 1.6 1.67 3.97 3.2 5.23 6.33 2.86 5.68 3.85 2.37 1.99 0.66 -0.14 -0.73 -0.81 -0.49
-0.33 1.8 0.2 -1.32 -0.63 0.92 0.69 1.74 -0.54 2.59 2.51 2.03 4.05 3.72 5.38 3.84 2.86 2.6 1.58 1.48 -0.1
0.64 -0.44 -1.51 2.23 0.4 1.97 2.56 1.6 2.01 2.67 3.94 3.93 3.72 3.22 1.33 5.47 2.18 2.92 1.62 0.73 0.01
0.93 -2.25 -0.81 -1.34 -0.04 0.34 2.28 2.68 4.29 3.34 7.43 4.76 4.08 3.42 2.01 1.71 0.25 2.81 -0.58 1.9 0.25
0.74 -0.91 0.78 0.24 0.09 0.57 2.84 3.3 3.41 5.42 6.83 4.31 4.9 3.28 3.55 0.13 0.42 -1.68 0.53 -0.45 -1.07
-0.5 0.07 -0.74 0.94 0.44 1.54 2.56 3.81 3.28 3.49 6.08 5.9 3.18 2.58 4.08 2.33 1.58 -0.53 -0.41 0.21 1.26
-0.03 1.51 1.33 -0.08 -1.2 0.91 2.16 3.48 4.21 4.4 6.02 5.73 4.52 4.24 0.63 -0.7 -0.9 -0.06 0.15 -0.89 1.09
0.31 0.66 2.88 0.33 1.47 0.66 0.41 2.68 4.57 6.77 5.97 4.51 4.16 1.94 1.97 2.03 0.26 0.62 -0.61 -1.45 0.42
-0.28 0.41 1.34 1.15 -0.02 0.11 3.12 3.41 4.46 4.87 5.86 5.02 4.55 1.77 3.17 2.41 1.49 1.47 -0.25 -1.12 -2.04
0.26 -0.74 1.38 1.58 1.94 -0.31 -1.08 -0.47 -0.13 0.86 2.09 3.04 2.71 4.34 2.86 4.18 1.56 2.41 1.42 1.66 0.3
-2.28 0.82 0.77 -0.13 0.51 0.21 -0.97 0.76 1.42 2.01 3.6 2.69 4.71 4.1 5.61 4.19 4.27 2.95 -0.04 3.18 -1.13
0.63 -1.47 0.43 1.15 -1.4 0.99 -1.68 0.55 -0.8 1.28 2.54 3.46 4.52 3.74 7.1 5.16 3.36 4.69 2 3.15 -0.09
-1.92 -1.45 0.23 0.32 0.24 1.16 0.89 0.84 1.7 0.55 1.53 3.32 4.2 4.87 6.08 6.12 5.23 2.43 2.66 0.12 1.25
-0.46 2.32 0.88 0.12 -0.93 1.94 -0.82 0.7 1.62 0.9 2.1 1.04 4.43 5.6 5.05 2.13 2.49 2.75 2.08 0 0.01
1.19 -0.64 1.03 -3.84 -0.32 0.55 0.75 3.76 3.23 3.72 4.78 6.18 2.06 3.16 3.66 2.71 1.02 1.26 0.36 0.49 -1.27
-1.38 -0.17 -0.06 0.34 -0.66 0.59 1.84 2.23 4.46 5.68 4.9 5.29 2.83 3.64 1.9 0.77 0.35 1.88 -0.39 0.39 -1.19
-0.78 -1.16 -0.37 0.51 0.1 -0.02 0.42 0.19 0.37 2.29 2.51 3.16 5.02 3.5 5.77 4.56 3.1 3.56 0.67 1.73 0.58
-1.17 -1.3 -0.48 0.94 0.66 0.49 0.15 -1.74 0.82 -1.04 2.62 2.2 3.61 4.11 5.11 6.28 4.11 3.07 1.27 -0.42 -0.36
1.29 0.16 0.7 -0.02 0.51 0.91 0.84 0.42 0.43 2.82 2.77 2.88 2.77 5.82 6.27 4.33 2.29 2.11 1.44 -1.08 0.22
1.22 0.12 1.88 0.88 -0.56 1.47 0.89 3.22 4.05 5.07 6.41 5.25 3.56 2.09 2.74 1.17 -1.1 0.59 -1.79 -0.34 1.76
-0.48 -1.86 -1.42 -0.06 -0.18 0.9 -2.3 -1.4 0.21 0.6 3.42 3.91 2.94 5.7 4.52 4.54 2.81 1.36 4.27 1.34 0.42
-0.59 0.88 1.11 0.01 -1.26 1.34 1.02 2.87 1.39 0.6 1.03 2.91 3.25 5.63 3.07 3.29 3.47 0.37 0.3 -0.87 -0.55
-0.43 -0.47 0.28 -0.05 -1.08 1.38 0.34 1.11 0.55 2.23 3.18 1.31 4.12 6.28 7.42 3.25 2.7 0.32 2.55 0.78 0.27
0.25 0.92 0.18 -0.54 -0.12 0.32 1.79 -0.03 0.95 1.72 2.88 2.38 3.72 4.58 5.94 6.31 3.49 2.1 2.61 2.66 0.72
-1.12 0.68 0.14 -1.04 0.49 0 2.44 2.79 4.83 3.09 5.61 5.08 4.61 2.94 1.19 2.62 0.97 0.09 0.1 0.42 -1.46
0.82 1.51 0.29 -0.11 0.39 -0.81 -0.12 -0.34 -0.4 0.62 2.26 2.91 5.04 3.92 5.16 5.59 3.96 3.84 1.26 2.2 -0.18
-0.17 -0.52 0.86 1.92 -0.5 1.27 1.98 2.37 4.77 4 7.58 5.29 4.56 2.01 1.73 -0.6 0.51 1.23 1.07 -1.08 0.01
-1.68 0.78 -0.21 -1.3 -0.4 1.07 0.55 4.11 4.69 4.96 5.5 6.31 5.1 5.8 2.64 1.96 -1.93 -0.3 1.04 -0.32 0.49
-1.48 -1.06 -0.61 -0.77 -0.23 1.95 0.54 4.53 2.88 7.17 4.07 4.49 4.33 3.02 1.01 1.77 -2.6 -1.14 -0.54 0.31 -1.11
-0.23 0.52 0.81 -0.4 -0.41 -1.17 1.06 0.31 0.58 0.21 2.82 3.07 4.29 5.34 6.19 3.94 2.76 2.33 0.41 0.78 -0.15
0.53 -0.48 -0.18 -0.35 0.03 1.53 2.67 2.2 2.84 3.13 6.13 4.04 3.65 2.25 3.02 1.21 -1.01 -0.07 1.78 -1.82 0.46
0.49 0.28 2.29 -1.4 1.96 1.29 2.49 3.14 3.72 5.39 6.19 5.94 3.09 3.25 3.3 0.95 0.64 -0.52 0.62 -1.06 0.84
-1.42 0.59 -0.83 1.26 1.33 0.75 2.27 1.87 3.53 1.81 3.94 4.36 2.95 3.19 3.58 2.78 2.27 0.09 1.74 2.66 -1.19
-0.29 -0.79 -1.03 0.18 -0.94 1.28 2.75 2.9 2.75 4.26 4.23 4.4 4.67 2.57 1.17 2.11 -0.4 -1.72 0.6 0.88 0.13
-0.25 0.91 -0.64 0.93 -2.13 0.19 1.87 2.22 3.84 4.96 7 4.87 3.19 2.18 2.94 0.07 -0.61 -0.11 -0.04 -1.27 0.1
0.47 -1.57 -0.5 0.41 0.87 -0.35 1.9 1.89 -0.63 2.54 2.74 3.2 4.73 5.7 3.74 4.14 3.43 3.73 3.39 0.44 -0.57
-1.34 2.16 -0.75 0.75 -0.17 1.33 1.7 2.47 0.71 1.86 2.92 3.2 3.96 6.5 6.12 4.58 2.55 2.79 2.17 2.34 -0.24
-0.3 1.15 0.85 0.61 -0.34 0.06 0.97 2.14 2.2 5.81 2.64 5.08 2.67 3.5 3.28 2.39 1.05 -1.46 -0.65 0.95 1.28
1.04 0.99 0.78 0.39 -0.05 0.59 0.58 0.57 -0.01 1.37 3.05 3.03 2.63 5.95 5.76 3.32 3.85 2.78 3.48 -0.13 0.9
1.13 -0.68 -1.94 -1.15 1.7 1.25 0.28 0.28 0.28 1.85 2.02 5.21 4.26 3.83 6.97 3.81 1.73 3.52 0.86 0.94 -1.21
-0.37 -1.05 0.05 -0.33 1.77 -0.49 1.3 -0.21 0.77 0.48 2.03 2.11 4.35 5.53 4.66 4.93 4.01 4.46 2.12 0.22 0.12
0.61 1.22 0.5 2.48 0.01 2.08 0.17 2.59 0.24 3.52 5.57 5.1 3.66 4.46 2.14 3.9 2.3 0.56 0.42 3.5 0.75
1.82 -1.24 2.53 1.04 -0.4 0.91 1.5 2.44 4 4.93 4.01 4.47 4.31 3.12 3.17 0.7 0.67 -0.74 -0.12 -1.46 0.83
-1.18 1.4 0.27 -0.1 1.35 0.94 1.23 1.04 1.56 1.41 2 3.89 4.27 5.04 6.17 3.41 4.11 2.22 2.23 2.04 2.33
-0.98 -0.34 0.67 0.5 1.39 0.2 3.1 1.28 3.52 1.72 4.97 5.05 3.99 2.84 2.92 1.75 -0.57 -0.48 -0.58 0.92 0.64
-2.55 0.44 2.3 -0.63 -2 -1.31 0.46 2.29 1.4 3.21 3.84 3.22 4.75 2.79 3.02 4.23 -0.18 0.33 -0.78 1.17 0.05
-0.65 -0.28 1.43 -1.78 -0.55 0.35 2.26 0.76 -0.16 2.02 3.63 1.85 4.04 2.82 5.01 4.12 4.3 3.68 1.26 0.28 0.82
-2.04 0.96 -0.24 1.01 0.44 -0.1 2.87 1.31 4.51 7.21 4.49 2.92 4.61 1.34 1.6 1.89 -0.38 1.31 0.16 -0.65 -0.25
-1.3 0.2 1.01 0.11 -0.34 2.57 2.57 2.83 2.44 6.62 5.11 4.63 5.88 3.42 4.72 2.33 -0.44 0.63 2.69 -0.06 -1.39
-1.59 -0.45 1.61 -0.76 1.61 0.54 0.85 1.72 1.62 1.61 3.27 4 2.96 4.82 5.2 5.44 2.46 1.52 0.5 3.27 2.35
0.08 -2.03 0.26 0.84 0.17 -1.02 -0.06 -0.44 2.32 1.04 3.63 3.77 4.15 1.33 5.02 4.39 3.25 2.96 2.07 -1.23 -0.49
0.1 0.07 1.53 0.39 0.77 1.33 0.96 -0.14 -0.24 1.64 2.06 3.32 5.43 4.04 4.99 4.7 3.51 4.91 2.42 0.35 1.2
0.69 -1.6 -0.8 0.44 2.22 1.01 0.48 0.18 0.43 2.11 3.26 2.75 1.99 5.62 7.34 2.63 5.5 1.86 -0.33 1.26 0.01
-0.64 -1.11 -1.83 -1.06 -1.55 -0.64 0.48 -0.99 -0.08 0.63 0.94 3.02 2.57 4.97 7.66 7.55 5.24 4.51 1.88 1.89 0.68
0.76 0.01 -0.39 -0.71 1.29 1.65 2.99 2.68 3.52 5.75 7.09 3.59 4.92 3.02 2.56 0.51 1.15 -2.12 0.66 -1.71 0.25
0.3 0.53 0.01 1.08 -1.1 0.07 -0.06 0.85 1.37 1.89 2.09 2.16 2.36 4.27 5.99 3.55 2.2 3.96 2.27 0.41 -2.07
-1.01 -1.36 1.06 -0.35 -0.64 -0.4 -0.02 1 -0.39 -0.32 3.1 2.51 3.05 6 6.41 3.28 4.31 3.12 1.23 0.15 -0.42
0.01 0.61 0.97 1.02 1.23 1.13 2.64 3.56 3.43 5.17 6.69 4.27 4.67 4.54 4.23 1.65 2.36 -2.91 -0.53 0.24 1.14
1.61 0.54 0.29 -1.76 0.29 2.47 2.02 4.61 3.99 5.12 5.62 5.13 4.67 3.95 2.14 0.11 0.76 0.27 -1.65 1.49 -1.55
1.86 -0.84 1.3 0.36 -0.44 0.23 2.67 2.68 3.65 4.79 6.49 5.96 2.85 3.65 2.65 1.51 -0.81 -0.07 1.73 -0.11 -1.14
-1.92 -1.88 -0.9 0.41 0.96 -1.02 2.2 1.13 1.12 1.78 2.65 2.66 3.15 5.11 6.36 3.38 3.01 3.41 -0.56 0.84 0.69
-0.64 -0.87 1.51 -0.84 0.43 2.82 1.77 2.75 3.54 3.6 5.9 3.89 4.92 2.85 3.83 -0.02 2.21 -0.41 1.59 -1.82 2.1
1.07 -0.94 -0.34 0.39 -0.62 1.49 2.85 2.77 3.53 5.8 5.25 4.54 4.74 3.35 1.38 1.58 -0.6 0.48 1.65 2.42 -0.3
0.7 -0.65 0.11 0.65 0.19 -0.83 1.08 0.14 -1.04 0.06 2.08 2.92 4 6.48 5.5 4.8 4.54 2.88 0.42 1.09 0.48
-1.51 0.19 0.75 -1.5 -0.74 -0.35 1.45 -0.44 0.24 0.4 2.48 3.57 4.09 4.59 5.58 3.7 3.03 1.85 1.78 3.74 0.2
0.43 -0.1 -1.18 0.06 -0.96 -0.59 -1.02 1.06 0.82 0.15 2.61 0.83 3.18 5.95 6.44 2.7 3.94 2.42 1.41 1.91 -0.98
-0.97 -0.17 0.9 -0.85 -0.13 0.44 0.79 -0.27 1.17 0.77 3.18 3.46 2.86 3.38 5.49 6.11 3.38 1.58 1.14 0.94 -0.71
0.58 -0.49 -0.8 0.98 2.54 -0.03 0.51 -1.32 -1.87 1.11 2.92 2.43 4.07 2.8 4.57 3.29 1.82 3.29 3.07 0.37 0.24
-1.9 0.57 0.12 -1 1.33 -0.54 -0.25 0.31 0.9 1.34 1.11 2.72 3.58 3.33 7.06 6.81 2.97 4.27 2.52 1.54 -0.72
-1.16 -2.96 0.22 2.18 -1.63 -0.11 0.26 0.32 -0.76 1.89 1.95 1.15 3.56 3.98 6.4 4.51 3.71 2.04 3.36 2.74 -0.18
-0.82 -1.19 0.49 -0.4 1.33 -0.57 3.28 1.78 5.3 4.47 5.68 4.24 4.15 3.54 -0.09 1.24 2.68 0.61 -0.22 0.38 0.34
1.95 -0.54 0.23 0.53 1.61 0.3 -0.12 -0.74 0.17 -0.36 3.17 2.41 3.96 4.62 5.69 3.7 4.49 -0.07 0.24 0.87 0.97
-0.12 -1.31 0.57 0.96 -0.48 0.5 0.69 0.84 0.2 1.67 5.25 2.34 3.86 5.25 7.41 4.46 3.27 3.29 1.97 0.38 -0.29
1.78 1.93 -0.56 0.14 -0.27 -0.72 0.26 -0.56 2.31 1.05 3.35 3.01 5.96 2.28 4.66 5.31 4 -0.2 1.03 -0.75 1.18
-0.59 1.2 -0.24 0.77 0.23 1.58 0.07 -0.14 2.56 1.57 2.87 3.14 2.26 4.42 4.84 3.56 3.44 1.78 1.25 2.43 -0.4
-0.31 2.35 1.51 0.29 1.16 -1.03 -0.3 0.4 1.83 2.32 2.45 2.47 3.8 3.94 5.03 5.51 3.97 2.74 0.91 1.68 -0.53
0.58 -0.25 -0.26 0.41 -0.33 0.9 2.33 3.39 5.01 2.95 7.6 5.91 4.33 2.37 2.45 -0.26 1.73 -0.14 0.83 0.23 0.17
-0.39 -0.89 0.06 0.43 0.64 1.28 1.35 0.72 0.54 1.93 1.58 3.98 3.74 3.34 5.3 4.01 2.55 2.54 -0.32 3 -1.24
0.16 0.77 1.04 2.01 0.82 -0.16 -1.02 0.26 -1.19 0.8 1.45 1.81 4.28 5.7 7.01 4.83 5.29 0.77 0.91 0.99 -1.03
0.57 -0.19 1.86 1.03 0.09 -0.73 1.34 -1.13 0.29 2.16 1.99 1.61 2.5 5.78 4.6 5.27 5.29 2.58 2.27 2.08 0.69
-0.52 -0.27 0.04 0.91 -0.04 -1.33 1.6 2.34 0.82 2.57 3.39 1.69 5.08 3.87 5.38 6 1.06 1.28 0.93 1.78 0.67
-0.1 0.71 -0.62 1.18 0.02 0.32 0.19 0.69 2.17 2.41 1.85 4.8 4.76 5.7 4.18 5.06 1.31 3.98 0.98 0.48 -2.68
