-0.75 1.1 -1.9 1.43 0.47 0.4 0.86 3.51 2.62 4.5 6.83 6.94 0.75 3.23 1.08 -0.25 0.73 -0.41 -1.5 0.46 1.47
-0.95 -1.28 0.68 -0.31 -1.04 1.86 -0.13 0.16 -1.05 -0.24 1.47 2.3 4.23 4.7 7.4 6.18 3 3.84 2.33 1.28 0.08
0.96 0.28 1.14 0.87 -1.34 1.36 2.24 2.16 3.21 3.56 8.38 6.84 4.3 1.79 2.99 2.46 -1.25 0.62 -1.96 0.48 -0.28
0.6 0.1 -0.14 0.22 -1.43 1.17 3.52 2.21 6.55 5.02 5.42 6.23 2.66 2.66 2.79 2.69 -0.86 0.43 1.22 -2.12 1.21
0.35 -0.29 -0.21 -2.05 -0.55 1.22 3.09 3.37 4.01 5.72 3.68 3.46 4.15 3.52 0.96 1.32 -0.4 -0.46 2.95 1.3 0.78
-1.04 0.59 1.07 -0.39 0.46 -0.92 1.43 4.87 4.33 6.03 4.7 5.71 2.75 2.61 2.68 1.54 1.44 -0.62 -0.25 1.47 -0.39
-0.53 -0.78 0.2 1.76 1.36 0.41 -0.78 1.62 0.59 -0.05 0.26 2.33 4.52 5.08 5.62 3.59 3.43 5.35 3.74 -0.01 -0.02
0.37 2 1.04 0.65 1.12 1.24 0.99 0.05 0.43 0.89 3.87 3.54 2.43 4.29 5.65 5.83 2.22 1.7 1.21 2.78 -0.83
0.72 -1.23 0.01 -1.14 -1.49 -1.55 3.71 4.11 4.65 5.85 6.1 4.5 3.74 3.05 2.11 1.73 0.48 -0.41 -1.11 -0.66 1.69
0.69 -0.18 -0.4 0.68 1.2 0.1 0.5 1.04 0.3 2.12 1.52 2.24 2.94 4.01 7.02 4.22 3.71 1.48 2.4 1.21 0.6
0.3 -1.42 0.37 0.62 1.34 1.39 2.81 1.78 4.81 5.26 6.14 3.56 2.86 2.84 1.52 -0.16 1.32 1.48 0.99 -0.15 0.73
-2.02 -0.84 -1.2 -0.73 -1.68 -0.24 1.11 4.43 5.19 4.65 3.1 4.84 2.7 2.25 2.22 1.14 0.73 0.05 0.6 0.03 0.03
0.93 -1.73 1.06 0.69 -0.12 3.32 0.78 2.17 2.57 4.26 2.83 2.35 4.36 2.22 3 3.01 2.43 2.54 1.73 -0.12 1.42
-0.16 -0.76 0 -0.17 -0.16 0.54 2.33 3.38 4.44 5.86 3.63 4.43 6.37 2.83 1.16 1.55 -1.06 -1.33 0.7 0.78 -0.26
1.78 0.46 0.85 0.1 0.8 2.3 0.73 3.31 3.03 4.64 6.79 3.72 1.84 2.79 2.88 1.34 -0.25 0.13 1.19 -0.46 -0.33
0.42 0.4 0.07 -1.03 -0.16 1.97 0.28 0.92 0.96 -0.55 1.01 3.71 4.91 4.15 4.98 3.62 4.9 2.25 3.41 2.35 -1.34
-0.33 0.32 -0.51 -0.85 -0.06 1.3 1.11 5.17 3.89 4.7 5.55 3.68 2.78 1.77 2.8 3.98 -0.73 -0.95 -0.05 -0.14 0.59
-0.29 0.3 -0.47 0.02 0.17 1.86 1.87 3.48 4.02 4.54 5.59 4.83 3.74 1.33 1.46 1.4 1.67 1.96 0.03 0.48 0.83
-0.16 -0.56 -1.5 0.4 1.85 1.46 1.41 2.12 6.07 3.65 6.27 4.71 4.42 3.97 2.31 0.61 0.21 -0.97 2.18 -0.3 -0.57
1.47 1.45 0.38 0.06 -1.18 0.72 1.47 3.64 5.09 5.91 6.09 4.58 5.83 2.75 2.9 1.98 -0.99 -0.85 -1.28 0.44 1.35
-0.42 1.23 -0.45 0.34 1.38 0.1 0.42 1.62 0.58 2.21 1.42 3.22 2.45 3.91 3.84 4.89 1.07 1.75 1.04 1.33 -0.77
-1.26 0.21 0.91 1.04 0.94 2.15 2.31 3.96 3.96 5.78 5.14 2.25 4.45 2.43 1.79 -0.24 -1.03 -0.34 -0.82 1.92 -1.11
1.37 1.79 -0.36 -0.58 -0.1 1 2.45 3.86 4.25 4.1 7.66 6.21 5.19 2.68 2.85 1.23 0.02 0.58 -0.51 0.96 1.88
0.31 1.38 0.48 -0.25 0.15 -0.46 1.3 1.63 2.2 0.49 2.66 2.73 3.78 3.34 4.68 4.62 1.69 2.5 2.87 0.05 -0.36
1.03 1.86 -1.07 -1.37 1.29 -0.59 0.45 1.51 1.96 0.62 2.67 2.16 4 2.86 4.56 4.4 2.23 2.63 2 1.12 -0.59
-1.52 0.05 0.35 0.48 -0.77 -1.77 2.06 -0.48 -0.18 0.5 2.61 2.02 4.02 5.15 5.84 3.94 4.69 1.56 1.3 0.63 0.56
-0.78 0 -0.01 1.85 -0.87 0.38 -0.86 1.38 -0.24 2.56 1.63 2.34 2.5 3.78 4.12 3.77 4.54 4.24 0.06 0.35 1.84
-0.66 -0.82 1.32 1.19 -0.27 0.69 1.45 0.24 1.93 1.72 3.29 2.1 4.76 5.08 4.22 4.83 3.84 1.19 1.78 0.03 0.71
0.68 1.31 0.33 0.06 0.13 -1.12 1.07 2.86 0.96 1.2 3.32 2.26 4.23 1.53 2.01 3.71 1.34 2.64 1.73 -0.14 -1.66
-1.79 -1.3 1.14 -1.02 0.06 1.18 0.24 1.69 -0.47 -1.1 2.04 3.07 2.9 4.21 3.4 4.37 3.79 3.3 1.84 1.69 -0.95
1.46 1.21 0.39 1.61 -0.17 -0.22 1.1 1.29 1.08 0.58 2.16 3.38 3.9 4.82 4.51 5.24 3.3 4.27 0.27 1.33 -0.87
1.22 1.68 2 -0.19 1.03 -0.75 1.49 2.35 4.83 5.21 6.65 5.09 4.22 4.08 2.31 -0.33 -0.01 -0.45 -2.55 0.46 0.23
-0.76 -1.52 0.23 -0.61 1.11 1.95 0.25 1.04 0.87 1.74 2.99 3.83 4 3.31 5.82 3.27 3.26 2.92 2.9 1.03 -0.02
0.96 -0.53 -1 -0.79 -0.05 2.83 0.6 2.45 4.34 4.43 6.27 3.55 3.98 3 2.65 -0.97 -1.77 -2.39 0.99 1.16 -0.38
-1.01 1.57 3.81 -1.49 -0.82 2.12 -0.53 1.18 -0.32 0.59 2.75 3.26 2.41 2.58 7.25 4.64 2.25 1.4 1.55 0.48 -0.12
0.73 0.35 0.01 0.97 0.81 2.9 1.39 1.05 -0.09 1.14 0.93 3.61 3.93 5.46 5.99 6.44 3.76 2.38 2.84 1.21 -0.5
-0.86 0.31 -0.39 -0.72 -1.25 1.08 0.13 0.26 -2.37 0 1.32 0.24 3.16 4.43 7.07 2.39 3.93 3.96 0.64 1.99 -0.06
-0.47 -1.51 -0.43 -2.11 0.69 3.03 2.24 2.65 4.39 4.56 5.47 4.03 4.92 2.21 3.74 1.13 -0.32 -0.23 1.19 1.12 1.95
-1.49 -1.95 -3.37 1.77 0.35 0.31 1.72 -0.92 1.79 1.53 4.25 3.5 2.82 7.38 4.4 3.99 4.01 4.67 0.31 0.46 -1.91
1.44 -1.31 0.34 0.94 -0.09 0.58 3.17 1.99 1.14 -0.23 2.33 4.11 4.06 4.85 4.52 5.39 3.29 5.56 -0.15 2.75 0.74
0.87 -0.5 -0.39 1.01 0.03 1.16 2.42 3.31 5.45 4.22 4.96 4.07 4.91 2.49 0.75 0.8 -1.13 0.92 0.79 -0.43 1.84
0.97 -1.48 1.36 0.77 0.72 -0.48 1.84 2.71 4.26 5.26 6.06 4.03 3.28 2.33 2.67 0.3 -0.29 0.65 1.08 1.69 1.05
-0.96 -0.49 -0.8 0.73 -0.56 -0.77 1.56 0.35 0.26 1.41 2.81 1.47 3.72 4.91 5.15 4.4 2.88 1.71 0.05 -0.42 -0.2
0.8 1.34 0.34 -0.14 -1.98 2.48 1.01 3.55 4.53 4.8 5 3.37 4.78 3.6 0.47 1.47 -0.7 -0.96 -0.85 0.66 0.14
1.16 -1.72 -1.31 0.82 0.95 2.12 1.39 2.09 4.08 6.42 6.37 4.74 4.32 2.39 1 1.91 0.27 -0.16 -1.34 0.97 -0.93
-1.03 -0.51 0.05 0.8 -0.52 0.06 -0.09 -0.71 -0.15 -0.06 2.3 2.63 3.46 5.28 4.97 4.46 2.96 2.78 1.24 0.3 0.14
0.41 -0.96 0.14 0.61 0.63 1.12 1.37 2.57 2.93 5.5 5.46 4.98 3.66 1.98 2.45 1.48 -0.56 0.98 -0.87 1.51 -0.32
-0.04 0.47 0.43 0.69 -0.14 2.97 1.87 5.13 3.11 3.18 6.31 3.7 3.73 2.49 2.55 1.02 -0.87 2.62 -1.74 0.26 0.2
0.75 -1.82 -1.47 -0.02 1.09 1.01 0.99 0.81 -0.52 1.14 2.63 3.28 4.49 4.32 4.98 3.56 2.74 2.65 2.17 1.89 0.19
-0.07 -0.64 1.03 -0.07 0.2 0.87 -0.33 1.87 -0.88 2.11 2.31 2.94 1.34 3.98 5.9 4.04 1.95 2.7 1.6 0.97 -0.35
0.39 1.54 0.56 1.62 0.35 0.96 1.25 2.34 2.23 0.94 3.2 2.1 3.74 3.91 5.5 2.52 1.55 1.88 2.2 0.58 -1.92
0.55 -0.72 0.52 -1.2 0.48 2.16 2.94 2.12 3.7 4.69 6.46 2.94 2.95 3.12 1.94 1.87 0.78 -0.58 -0.04 -0.54 -1.1
0.4 -1.17 -1.51 0.88 -1.66 0.94 0.28 2.01 5.91 5.37 6.41 4.01 3.89 1.24 3.36 2.06 0.81 -1.05 0.85 1.24 0.87
-1.63 1.82 1.04 -0.94 -2.14 -2.06 0.63 0.93 0.94 -0.32 1.96 2.6 4.01 1.94 4.91 4.71 2.88 2.73 1.49 1.58 -1.26
0.18 -0.81 2.51 -0.58 -1.05 1.82 3.76 3.59 4.34 3.34 6.65 5.66 4.3 4.07 1.59 1.98 -1.01 -0.53 0.85 0.11 -0.93
-1.2 1.99 -0.16 -0.63 0.92 -1.03 1.74 2.71 1.37 2.37 2.77 2.03 3.39 2.42 4.18 3.57 1.88 2.57 1.88 -0.12 -0.73
-1.45 -0.67 -0.37 0.79 0.66 2.95 3.19 3.12 3.88 3.04 8.48 4.33 3.59 2.57 1.05 0.44 1.38 1.14 -0.26 -0.21 1.07
-0.08 0.01 0.99 -1.51 -0.55 0.55 2.66 2.86 5.42 5.75 6.34 5.07 0.38 4.33 1.84 1.2 -0.62 -0.34 -1.51 0.61 -0.55
0.72 0.16 -1.22 1.15 1.14 2.88 -0.37 1.55 -0.96 0.94 3.43 3.77 4.69 6.46 6.04 4.6 3.39 2.97 2.48 2.09 -0.09
-1.09 1.1 -0.32 -1.63 1.75 1.53 0.84 3.19 4.28 4.99 6.25 4.32 2.16 3.5 2.38 1.62 0.48 -0.99 -0.38 -0.24 0.71
-1.05 -0.52 0.03 2.85 -0.26 -1.37 0.73 1.02 1.63 -0.61 1.47 3.93 2.91 5.24 4.72 5.18 6.06 3.41 3.83 1.52 0.5
-0.62 1.69 2.42 1.76 1.77 -1.12 -1.06 1.55 1.14 1 0.88 3.25 2.28 5.14 5.34 5.04 4.23 2.77 2.8 0.86 -1.61
-1 -0.14 0.72 0.18 0.92 1.89 1.02 0.37 0.65 1.22 3.42 2.24 4.26 2.17 4.52 3.67 1.26 1.96 1.33 0.94 0.22
0.39 -0.92 -1.01 0.27 -0.69 2.08 2.23 0.85 4.65 4.83 5.82 5.4 3.31 2.15 3.54 -0.22 1.05 -0.08 -1.93 0.76 0.69
0.77 -1.32 1.88 1.65 0.27 1.65 1.76 1.72 5.35 4.19 4.66 4.86 6.15 3.15 1.29 -0.1 0.93 -1.75 1.36 0.04 1.73
1.2 -0.48 0.8 1.72 0.17 0.87 0.76 2.72 3.55 4.12 5.44 4.42 3.41 1.86 1.62 -0.55 -1.15 -1.21 0.54 1.57 -2.09
