1 0.02337 -0.00592 -0.09924 -0.11949 -0.00763 -0.11824 0.14706 0.06637 0.03786 -0.06302 0 0 -0.04572 -0.1554 -0.00343 -0.10196 -0.11575 -0.05414 0.01838 0.03669 0.01519 0.00888 0.03513 -0.01535 -0.0324 0.09223 -0.07859 0.00732 0 0 -0.00039 0.12011
1 -0.01864 -0.08459 0 0 0 0 0.1147 -0.2681 -0.45663 -0.38172 0 0 -0.33656 0.38602 -0.37133 0.15018 0.63728 0.22115 0 0 0 0 -0.14803 -0.01326 0.20645 -0.02294 0 0 0.16595 0.24086 -0.08208 0.38065
1 0.94598 -0.02685 -1 0.26131 -0.36393 0.35639 0.69258 -0.63427 1 -0.03353 -0.2902 -0.0055 -0.54852 0.15452 0.91921 -0.4627 1 -0.50424 -0.29735 -0.31454 -0.73864 0.37361 0.83872 -0.46734 0.52208 -0.5813 1 -0.61393 -0.09634 0.20477 -0.06117 0.41913
1 0.01667 -0.35625 0 0 0 0 0 0 0 0 0 0 0.12292 -0.55 0.22813 0.82813 1 -0.42292 0 0 0.08333 -1 -0.10625 -0.16667 1 -0.76667 -1 0.18854 0 0 1 -0.27292
1 0.84557 -0.0858 -0.31745 -0.80553 -0.08961 -0.56435 0.80648 0.04576 0.89514 -0.00763 -0.18494 0.63966 -0.20019 -0.68065 0.85701 -0.11344 0.77979 -0.15729 -0.06959 0.5081 -0.34128 0.80934 0.78932 -0.03718 0.70882 -0.25288 0.77884 -0.14109 -0.21354 -0.7817 -0.18494 -0.59867
1 -0.5418 0.14861 -0.33746 0.73375 0.52012 -0.13932 0.31889 -0.06811 0.20743 -0.1517 0.47368 0.08978 0.56347 -0.1548 0.16409 0.45201 0.33746 0.03406 0.50464 0.07121 -0.63777 -0.6161 1 0.65635 0.41348 -0.40116 -0.1517 0.11146 0.02399 0.5582 0.52632 -0.08978
0 0 0 0 0 0 0 0 0 0 0 0 0 0 0 0 0 0 0 0 0 0 0 0 0 1 -1 0 0 0 0 0 0
1 0.28409 -0.31818 0 0 0.68182 -1 0.30682 0.95833 0.64394 0.06439 0.34848 -0.84848 0 0 0.59091 -0.35985 0.45076 -0.80682 0 0 0 0 0.24242 0.17803 1 -0.23864 0.06061 -0.48485 0.16288 -0.70076 0 0
1 0 0 0 0 0 0 0 0 0.62195 1 0 0 0 0 0.36585 -0.71951 0.56098 -1 0 0 0 0 0 0 1 0.10976 0 0 0 0 0 0
1 0.10135 0.10811 0 0 0 0 0.5473 0.82432 0.31081 1 0 0 0 0 0.37162 -1 0.33108 -1 0 0 0 0 -0.42568 -1 1 -1 0.55405 -0.23649 0 0 0 0
1 0.65909 -0.62879 0 0 0 0 0.77273 1 1 -0.2803 0 0 0 0 0.62121 -0.22727 0.84091 -1 1 -1 0 0 0 0 1 -0.93939 -0.12879 -0.93182 0 0 0 0
1 0.42 -0.61 0 0 1 -1 0.9 1 0.43 0.64 0 0 0 0 0.67 -0.29 0.84 -1 0 0 0 0 0.21 0.68 1 0.22 0 0 0 0 0 0
1 0.39286 0.52381 -0.78824 0.11342 -0.16628 -0.76378 0.66667 0.0119 0.82143 0.40476 -0.6723 0.30729 -0.34797 -0.63668 0.46429 0.15476 0.54762 0.05952 -0.5183 0.44961 -0.47651 -0.47594 0.32143 0.70238 0.51971 0.38848 0.57143 0.39286 -0.54891 -0.29915 0.25441 -0.55837
1 0.7381 0.83333 -0.7619 -0.2381 0.33333 -0.14286 0.45238 -0.14286 -0.67285 0.12808 0.33333 0 0.28571 -0.07143 -0.38214 0.51163 0.2381 0.02381 0.45238 0.04762 0.16667 -0.2619 -0.57255 -0.10234 0.24889 -0.51079 1 0 -0.66667 -0.04762 0.2619 0.02381
1 0 0 -0.33672 0.85388 0 0 0.68869 -1 0.97078 0.31385 -0.26048 -0.59212 -0.30241 0.65565 0.94155 0.16391 0 0 0 0 -0.18043 -1 0 0 1 -1 0 0 0.04447 0.61881 0 0
1 1 1 1 -1 0 0 0 0 1 1 1 -1 1 1 1 -1 0 0 0 0 1 -0.27778 0 0 1 -1 1 1 1 -1 0 0
1 0 0 1 -1 0 0 0 0 1 1 1 -0.25342 1 0.23288 1 -1 0 0 0 0 1 1 0 0 1 -1 0 0 1 -1 0 0
1 -0.26667 0.4 -0.27303 0.12159 -0.17778 -0.04444 0.06192 -0.06879 0.04461 0.02575 -0.00885 0.02726 -0.01586 -0.00166 -0.00093 -0.00883 0.0047 -0.00153 0.00138 0.00238 -0.00114 0.00102 -0.00069 -5e-04 0.00019 -0.00043 0.00026 5e-05 0 0.00015 -8e-05 2e-05
1 0.94531 -0.03516 -1 -0.33203 -1 -0.01563 0.97266 0.01172 0.93359 -0.01953 -1 0.16406 -1 -0.00391 0.95313 -0.03516 0.92188 -0.02734 -0.99219 0.11719 -0.93359 0.34766 0.95703 -0.00391 0.82041 0.13758 0.90234 -0.06641 -1 -0.1875 -1 -0.34375
1 -0.65625 0.15625 0.0625 0 0 0.0625 0.625 0.0625 0.1875 0 -0.03125 0.09375 0.0625 0 0.15625 -0.15625 0.4375 -0.375 0 -0.09375 0 0 0.03125 -0.46875 0.03125 0 -0.71875 0.03125 -0.03125 0 0 0.09375
1 -0.205 0.2875 0.23 0.1 0.2825 0.3175 0.3225 0.35 0.36285 -0.34617 0.0925 0.275 -0.095 0.21 -0.0875 0.235 -0.34187 0.31408 -0.48 -0.08 0.29908 0.33176 -0.58 -0.24 0.3219 -0.28475 -0.47 0.185 -0.27104 -0.31228 0.40445 0.0305
1 0.05866 -0.00838 0.06704 0.00838 0 -0.01117 0.00559 -0.03911 0.01676 -0.07542 -0.00559 0.05307 0.06425 -0.03352 0 0.09497 -0.06425 0.07542 -0.04749 0.02514 0.02793 -0.00559 0.00838 0.00559 0.10335 -0.00838 0.03073 -0.00279 0.04469 0 0.04749 -0.03352
1 0.0546 0.01437 -0.02586 0.04598 0.01437 0.04598 -0.07759 0.00862 0.01724 -0.06609 -0.03736 0.0431 -0.08333 -0.04598 -0.09483 0.08046 -0.04023 0.05172 0.02011 0.02299 -0.03736 -0.01149 0.03161 -0.00862 0.00862 0.01724 0.02586 0.01149 0.02586 0.01149 -0.04598 -0.00575
1 0.03852 0.02568 0.00428 0 0.01997 -0.01997 0.0214 -0.04993 -0.0485 -0.01284 0.01427 -0.02282 0 -0.03281 -0.04708 -0.02853 -0.01712 0.03566 0.0214 0.00428 0.05136 -0.02282 0.05136 0.01854 0.03994 0.01569 0.01997 0.00713 -0.02568 -0.01854 -0.01427 0.01997
1 0.01975 0.00705 0.0409 -0.00846 0.02116 0.01128 0.01128 0.04372 0.00282 0.00141 0.01975 -0.03103 -0.01975 0.06065 -0.0409 0.0268 -0.02398 -0.00423 0.04372 -0.02539 0.01834 0 0 -0.01269 0.01834 -0.01128 0.00564 -0.01551 -0.01693 -0.02398 0.00705 0
0 0 0 0 0 0 0 0 0 0 0 0 0 0 0 0 0 0 0 0 0 0 0 0 0 1 0 0 0 0 0 0 0
1 0.1859 -0.16667 0 0 0 0 0 0 0 0 0.11538 -0.19071 0 0 0 0 0 0 0 0 -0.05128 -0.06571 0.07853 0.08974 0.17308 -0.10897 0.125 0.09615 0.02564 -0.04808 0.16827 0.19551
1 1 1 -1 1 -1 -0.82456 0.34649 0.21053 0.46053 0.07018 0.22807 0.05702 0.35088 0.34649 0.72807 -0.03947 0.22807 0.5307 0 0 -0.29825 -0.16228 1 -0.66667 1 -1 1 -0.24561 0.35088 0.20175 0.82895 0.07895
1 0 0 0 0 0 0 0 0 1 -0.33333 0.16667 0.26042 0 0 0 0 0 0 -0.19792 -0.21875 -0.16667 0.90625 -1 0.5 0.04167 0.75 -0.22917 -1 -0.125 -0.27083 -0.19792 -0.9375
1 -1 -0.59677 0 0 -1 0.64516 -0.87097 1 0 0 0 0 0 0 0 0 0 0 -1 -1 0 0 0.29839 0.23387 1 0.51613 0 0 0 0 0 0
0 0 0 0 0 0 0 0 0 0 0 0 0 0 0 0 0 0 0 0 0 0 0 0 0 1 1 0 0 0 0 0 0
1 0.06404 -0.15271 -0.04433 0.05911 0.08374 -0.02463 -0.01478 0.18719 0.06404 0 0.12315 -0.09852 0.05911 0 0.0197 -0.02956 -0.12808 -0.2069 0.06897 0.01478 0.06897 0.02956 0.07882 0.16256 0.28079 -0.04926 -0.05911 -0.0936 0.04433 0.05419 0.07389 -0.10837
1 0.25316 0.35949 0 0 -0.2962 -1 0 0 0.07595 -0.07342 0 0 0 0 0 0 0 0 0.00759 0.68101 -0.2 0.33671 -0.1038 0.35696 0.0557 -1 0 0 0.06329 -1 0 0
1 0 0 0 0 0 0 0 0 0 0 -1 1 1 0.55172 0 0 0 0 0 0 0 0 0 0 1 1 0 0 0 0 0 0
0 0 0 0 0 0 0 0 0 0 0 0 0 0 0 0 0 0 0 0 0 0 0 0 0 1 -1 0 0 0 0 0 0
1 0 0 0 0 0 0 -1 1 0 0 1 0.37333 -0.12 -0.12 0 0 -1 -1 0 0 1 -1 0 0 1 0.22667 0 0 0 0 0 0
