1 1 -0.18829 0.93035 -0.36156 -0.10868 -0.93597 1 -0.04549 0.50874 -0.67743 0.34432 -0.69707 -0.51685 -0.97515 0.05499 -0.62237 0.33109 -1 -0.13151 -0.453 -0.18056 -0.35734 -0.20332 -0.26569 -0.20468 -0.18401 -0.1904 -0.11593 -0.16626 -0.06288 -0.13738 -0.02447
1 1 -0.45161 1 1 0.71216 -1 0 0 0 0 0 0 -1 0.14516 0.54094 -0.3933 -1 -0.54467 -0.69975 1 0 0 1 0.90695 0.51613 1 1 -0.20099 0.25682 1 -0.32382 1
0 0 0 0 0 1 -1 0 0 -1 -1 0 0 0 0 1 1 -1 -1 0 0 0 0 1 1 1 1 0 0 1 1 0 0
1 1 -0.5421 1 -1 1 -1 1 0.36217 1 -0.41119 1 1 1 -1 1 -0.29354 1 -0.93599 1 1 1 1 1 -0.40888 1 -0.62745 1 -1 1 -1 1 -1
1 1 -0.86701 1 0.2228 0.85492 -0.39896 1 -0.1209 1 0.35147 1 0.07772 1 -0.14767 1 -1 1 -1 0.61831 0.15803 1 0.62349 1 -0.17012 1 0.35924 1 -0.66494 1 0.88428 1 -0.18826
1 0.50932 -0.93996 1 0.26708 -0.0352 -1 1 -1 0.43685 -1 0 0 -1 -0.34265 -0.37681 0.03623 1 -1 0 0 0 0 -0.16253 0.92236 0.39752 0.26501 0 0 1 0.23188 0 0
0 0 0 -1 -1 1 1 -1 1 -1 1 1 -1 1 1 -1 -1 -1 1 1 -1 -1 1 -1 1 1 -1 -1 1 -1 -1 1 -1
0 1 -1 0 0 0 0 1 1 1 -1 -0.71875 1 0 0 -1 1 1 1 -1 1 1 0.5625 -1 1 1 1 1 -1 1 1 1 1
0 1 1 0 0 0 0 -1 -1 0 0 0 0 -1 -1 -1 -1 -1 1 -1 1 0 0 0 0 1 -1 -1 1 -1 1 -1 1
0 -1 1 0 0 0 0 -1 1 1 1 0 0 0 0 1 -1 -1 1 1 1 0 0 -1 -1 1 -1 1 1 -1 1 0 0
1 1 0.5782 1 -1 1 -1 1 -1 1 -1 1 -1 1 -1 1 -1 1 -1 1 -0.62796 1 -1 1 -1 1 -1 1 -1 1 -1 1 -1
0 -1 -1 0 0 -1 1 1 -0.375 0 0 0 0 0 0 1 -1 -1 -1 1 -1 0 0 1 -1 -1 1 -1 -1 0 0 -1 1
0 -1 -1 1 1 1 -1 -1 1 1 -1 -1 -1 0 0 1 1 -1 -1 1 -1 1 -1 1 1 1 -1 1 -1 -1 1 1 -1
1 1 -1 1 1 1 -1 1 -1 1 -1 1 -0.0184 1 -1 1 1 1 -0.85583 1 1 1 -1 0 0 1 1 1 -0.79141 1 1 1 1
1 0.71253 -0.02595 0.41287 -0.23067 0.98019 -0.09473 0.99709 -0.10236 1 -0.10951 0.58965 1 0.83726 -1 0.8227 -0.17863 0.8076 -0.28257 -0.25914 0.9273 0.51933 0.05456 0.65493 -0.20392 0.93124 -0.41307 0.63811 -0.21901 0.86136 -0.87354 -0.23186 -1
1 0.66161 -1 1 1 1 -0.67321 0.80893 -0.40446 1 -1 1 -0.89375 1 0.73393 0.17589 0.70982 1 0.78036 1 0.85268 1 -1 1 0.85357 1 -0.08571 0.95982 -0.3625 1 0.65268 1 0.34732
0 1 1 1 -1 0 0 0 0 -1 -1 0 0 0 0 -1 1 1 1 -1 1 -1 1 1 -1 1 1 -1 1 1 1 0 0
1 1 0.02461 0.99672 0.04861 0.97545 0.07143 0.61745 -1 0.91036 0.11147 0.88462 0.5364 0.82077 0.14137 0.76929 0.15189 1 0.41003 0.6585 0.16371 0.60138 0.16516 0.54446 0.1639 0.48867 0.16019 0.43481 0.15436 0.38352 0.14677 1 1
1 -1 -1 1 1 1 -0.14375 0 0 -1 1 1 1 0.17917 -1 -1 -1 0.0875 -1 1 -1 -1 1 -1 -1 1 -1 -1 -1 1 1 0 0
1 -0.64286 -1 1 0.82857 1 -1 1 -0.23393 1 0.96161 1 -0.37679 1 -1 1 0.13839 1 -1 1 -0.03393 -0.84286 1 0.5375 0.85714 1 1 1 -1 1 -1 1 -1
0 0 0 0 0 0 0 1 1 1 1 0 0 0 0 -0.375 -1 -1 -1 0 0 0 0 -1 -1 -1 -1 -1 1 1 0 0 0
1 0 0 1 0.51724 0 0 0.10991 -1 0 0 0 0 -1 -0.22414 -0.55711 -0.83297 0.7694 0.63147 0 0 0.53448 0.35668 -0.90302 0.44828 1 -1 -1 0.81573 0 0 0 0
0 1 1 1 -1 0 0 0 0 1 1 1 1 -1 -1 1 -1 -1 1 0 0 1 -1 1 -1 1 1 -1 -1 0 0 0 0
1 -0.67935 -1 -1 1 1 0.63317 0.03515 -1 -1 -1 1 1 0.88683 -1 -1 1 0.8384 1 1 -1 -1 -1 -0.18856 1 1 -1 -1 -1 -1 1 1 0.33611
1 0.08333 -0.20685 -1 1 -1 1 0.71875 0.47173 -0.82143 -0.62723 -1 -1 -1 1 -0.02753 0.59152 -0.42113 -0.42113 -0.74628 -1 -1 -0.46801 -1 0.2381 1 -1 -1 -0.38914 -1 -1 -1 0.61458
0 -1 1 1 -1 -1 1 0 0 1 1 -1 -0.1875 1 1 -1 -1 1 -1 -1 -1 1 1 1 -1 1 1 1 1 0 0 -1 -1
1 0.17188 -1 -1 1 0 0 0 0 -1 1 0 0 -0.61354 -0.67708 0.80521 0.36146 0.51979 0.14375 0 0 -1 -0.27083 -0.84792 0.9625 1 1 -1 0.67708 0 0 0 0
1 0.63816 1 0.20833 -1 1 1 0.87719 0.30921 -0.66886 1 -0.05921 0.58772 0.01754 0.05044 -0.51535 -1 0.14254 -0.03289 0.32675 -0.4386 -1 1 0.80921 -1 1 -0.0614 1 1 0.20614 -1 1 1
1 0.84783 0.10598 1 0.3913 1 -1 0.66938 0.08424 1 0.27038 1 0.60598 1 0.35507 1 0.02672 0.58424 -0.43025 1 0.63496 0.8913 0.26585 0.91033 -0.33333 1 0.15942 0.37681 -0.01947 1 0.22464 1 0.37409
0 1 -1 1 -1 1 -1 1 -1 1 1 1 1 1 -1 1 1 1 1 1 1 1 -1 1 -1 1 -1 1 0.65625 0 0 1 -1
1 1 1 1 -1 1 -1 1 1 1 1 1 1 1 -1 1 1 1 1 1 1 1 1 1 1 1 0.5 0 0 1 -1 1 -1
0 1 -1 1 1 -1 -1 1 -1 0 0 0 0 -1 1 1 -1 1 -1 -0.75 1 1 -1 1 -1 1 -1 -1 -1 0 0 1 -1
1 0.69444 0.38889 0 0 -0.32937 0.69841 0 0 0 0 0 0 0.20635 -0.24206 0.21032 0.19444 0.46429 0.78175 0 0 0 0 0.73413 0.27381 0.7619 0.63492 0 0 0 0 0 0
0 1 1 0 0 1 -1 1 -1 1 1 1 1 1 -1 1 1 1 1 1 -1 -1 -1 1 -1 1 -1 1 1 0 0 1 -1
0 1 1 1 -1 1 1 1 1 1 1 1 1 1 1 1 -1 -1 1 -1 1 -1 1 1 -1 1 1 -1 1 -1 -1 -1 1
0 1 1 1 -1 1 1 -1 1 0 0 1 1 0 0 0 0 -1 1 -1 1 1 1 1 -1 1 1 1 1 1 -1 -1 1
0 1 -1 1 1 1 1 1 1 1 1 1 -1 1 -1 1 1 1 -1 1 1 1 1 1 -1 1 1 1 -1 1 1 1 -1
1 0.39179 -0.06343 0.97464 0.04328 1 1 0.35821 0.15299 0.54478 0.1306 0.61567 -0.8209 0.57836 0.6791 0.66791 -0.10448 0.46642 -0.11567 0.65574 0.14792 0.83209 0.45522 0.47015 0.16418 0.49309 0.1463 0.32463 -0.02612 0.39118 0.13521 0.34411 0.12755
1 0.72727 -0.05 0.89241 0.03462 1 0.72727 0.66364 -0.05909 0.48182 -0.16818 0.81809 0.09559 0.56818 1 0.50455 0.21818 0.66818 0.1 1 -0.3 0.98636 -1 0.57273 0.32727 0.56982 0.14673 0.42273 0.08182 0.48927 0.14643 1 1
1 0.41932 0.12482 0.35 0.125 0.23182 0.27955 -0.03636 0.44318 0.04517 0.36194 -0.19091 0.33636 -0.1335 0.27322 0.02727 0.40455 -0.34773 0.12727 -0.20028 0.05078 -0.18636 0.36364 -0.14003 -0.04802 -0.09971 -0.07114 -1 -1 -0.02916 -0.07464 -0.00526 -0.06314
1 0.79157 0.16851 0 0 0.56541 0.06874 0.39468 1 0.38359 0.99557 -0.02439 0.53215 0.23725 0.1286 -0.02661 0.95122 -0.50998 0.84922 -0.102 0.38803 -0.42572 0.23725 -0.91574 0.8071 -0.34146 0.88248 -1 0.69401 -1 0.1286 0 0
1 -1 -1 0 0 0.50814 -0.78502 0.60586 0.32899 -1 -0.41368 0 0 0 0 1 -0.2671 0.36482 -0.63518 0.97068 -1 -1 -1 1 -0.59609 -1 -1 -1 -1 1 -1 0 0
1 1 -1 0 0 0.77941 -0.99265 0.80882 0.55147 -0.41912 -0.94853 0 0 0 0 0.72059 -0.77206 0.73529 -0.60294 0 0 0.18382 -1 -1 -1 -1 -1 1 -1 1 -1 0 0
1 0.91353 0.81586 -0.72973 1 -0.39466 0.55735 0.05405 0.2973 -0.18599 -0.10241 -0.03158 -0.0897 0.01401 -0.03403 0.01108 -0.00537 0.00342 0.00097 0.00048 0.00075 -3e-05 0.00019 -3e-05 2e-05 -1e-05 0 0 0 0 0 0 0
1 0.43636 -0.12727 0.58182 -0.14545 0.18182 -0.67273 0.34545 -0.03636 0.29091 -0.05455 0.29091 0.29091 0.36364 -0.41818 0.2 -0.01818 0.36364 0.05455 0.12727 0.49091 0.61818 0.16364 0.32727 0.16364 0.41098 -0.07027 0.34545 -0.05455 0.12727 -0.36364 0.29091 -0.29091
1 1 1 0 0 0 0 0 0 0.47744 -0.89098 -0.51504 0.45489 -0.95489 0.28571 0.64662 1 0 0 0 0 0.6203 0.20301 -1 -1 1 -1 1 1 0 0 0 0
1 0.5984 0.40332 0.82809 0.80521 0.76001 0.70709 0.8401 -0.10984 0.97311 0.07981 0.95824 -0.85727 0.91962 0.88444 0.95452 -0.05206 0.88673 0.18135 0.98484 -0.69594 0.8667 -0.85755 0.28604 -0.30063 1 0.17076 0.62958 0.42677 0.87757 0.81007 0.81979 0.68822
1 0 0 0.98919 -0.22703 0.18919 -0.05405 0 0 0.93243 0.07297 1 -0.2 1 0.07027 1 -0.11351 0 0 1 -0.21081 1 -0.41622 0 0 1 -0.17568 0 0 1 -0.25946 0.28919 -0.15676
1 -1 0.28105 0.22222 0.15033 -0.75693 -0.70984 -0.30719 0.71242 -1 1 -0.81699 0.33987 -0.79085 -0.02614 -0.98039 -0.83007 -0.60131 -0.54248 -0.04575 -0.83007 0.94118 -0.94118 -1 -0.43137 0.74385 0.09176 -1 0.05229 0.18301 0.02614 -0.40201 -0.48241
1 1 -0.05529 1 -1 0.5 -0.11111 0.36111 -0.22222 1 -0.25712 0.16667 -0.11111 1 -0.3466 1 -0.38853 1 -0.42862 0 -0.25 1 -0.50333 1 -0.27778 1 -0.57092 1 -0.27778 1 -0.63156 1 -0.65935
1 0.85271 0.05426 1 0.08069 1 1 0.91473 -0.00775 0.83721 0.03876 1 0.27153 1 1 0.81395 0.04651 0.90698 0.11628 1 0.5067 1 -1 0.8062 0.03876 1 0.71613 0.84496 0.06977 1 0.87317 1 1
1 0.08696 0.00686 0.13959 -0.04119 0.10526 -0.08238 0.12586 -0.06178 0.23341 -0.01144 0.12357 0.0778 0.14645 -0.13501 0.29062 -0.04805 0.18993 0.07323 0.1167 0 0.11213 -0.00229 0.15103 -0.10297 0.08467 0.01373 0.11213 -0.06636 0.09611 -0.07323 0.1167 -0.06865
1 1 -1 1 1 -1 1 1 -1 1 -1 -1 -1 -1 1 1 1 1 1 -1 1 1 -1 1 -1 1 1 1 1 -1 1 -1 1
1 1 1 1 0.5125 0.625 -1 1 1 0.025 0.03125 1 1 0 0 1 -1 1 1 1 1 0.3125 1 1 1 1 1 1 1 -0.94375 1 0 0
1 0 0 -1 -1 -1 1 0 0 -1 1 1 1 1 -1 0 0 0 0 -1 -1 -1 1 1 0.4375 1 -1 0 0 -1 -1 -1 1
0 -1 1 1 1 0 0 1 -1 1 -1 1 -1 -1 -1 0 0 -1 -1 0 0 0 0 -1 -1 1 -1 1 1 -1 -1 0 0
0 0 0 0 0 0 0 0 0 0 0 -1 -1 0 0 1 0.75 0 0 0 0 -1 1 0 0 1 -1 -1 -1 1 1 0 0
1 0.62121 -0.63636 0 0 0 0 0.3447 0.28788 0.42803 0.39394 -0.07576 0.51894 0.36364 0.31439 -0.53788 0.32955 0.12121 -0.14773 0.01894 -0.53409 -0.57576 0.17803 0.29167 -0.27273 0.25758 -0.57576 0.43182 0.24242 0.18182 -0.02273 0.17045 -0.41667
1 0 0 -1 -0.62766 1 0.51064 0.07979 -0.23404 -1 -0.3617 0.12766 -0.59043 1 -1 0 0 0.82979 -0.07979 -0.25 1 0.17021 -0.70745 0 0 -0.19149 -0.46809 -0.2234 -0.48936 0.74468 0.90426 -0.67553 0.45745
0 -1 1 1 -1 0 0 0 0 1 -1 1 1 0 0 1 -1 0 0 0 0 1 1 -1 1 1 -1 -1 1 -1 -1 0 0
1 -1 -1 -0.50694 1 1 -1 1 0.53819 0 0 0.23958 -1 1 1 0 0 1 1 1 1 0 0 -0.71528 1 0.33333 -1 1 -1 0.69792 -1 0.47569 1
1 1 1 0 0 1 -1 -1 -1 1 1 1 -1 0 0 1 -1 1 1 0 0 1 -1 -1 -1 1 1 -1 1 -1 1 0 0
0 -1 1 -1 -1 0 0 -1 1 1 -1 -1 -1 -1 1 0 0 -1 -1 -1 1 0 0 1 -1 1 1 1 -1 1 1 0 0
0 -1 -1 0 0 0 0 0 0 0 0 0 0 1 -1 0 0 -1 -1 0 0 1 1 1 -1 1 -1 0 0 0 0 0 0
1 1 -0.09524 -1 -1 -1 -1 1 0.31746 0.81349 0.7619 -1 -1 -1 1 0.47364 1 1 1 0.68839 -1 -1 -1 0.82937 0.36508 1 1 1 0.50794 -1 -0.3254 -1 0.72831
1 1 -1 1 1 1 1 1 -0.5 1 1 1 1 1 1 0 0 1 1 1 1 1 -1 1 1 1 0.625 1 -0.75 -0.75 1 1 1
1 0.36876 -1 -1 -1 -0.07661 1 1 0.95041 0.74597 -0.3871 -1 -0.79313 -0.09677 1 0.48684 0.46502 0.31755 -0.27461 -0.14343 -0.20188 -0.11976 0.06895 0.03021 0.06639 0.03443 -0.01186 -0.00403 -0.01672 -0.00761 0.00108 0.00015 0.00325
0 0 0 0 0 0 0 0 0 0 0 1 1 1 1 1 -1 0 0 1 1 1 -1 1 1 1 0 1 1 1 -1 0 0
1 0 0 0 0 0 0 -0.85 -1 0 0 1 -1 0 0 -1 -1 -1 -1 1 -1 -0.6 -1 1 1 -1 -0.2 1 -1 0 1 0 0
0 0 0 -1 1 1 1 -1 -1 0 0 -1 -1 -1 -0.3125 -1 -1 1 -1 1 -1 0 0 1 -1 -1 -1 0 0 1 -1 0 0
1 -1 1 -1 0.15244 0.28354 1 -1 1 -1 -1 1 1 -1 -0.23476 0.28301 -1 1 1 -0.31402 -1 -1 -1 1 -1 -1 -0.03578 1 -1 -1 -0.32317 0.14939 1
1 -0.00641 -0.5 0 0 -0.01923 1 0 0 0 0 0 0 0 0 0 0 0.3141 0.92949 -0.35256 0.74359 -0.34615 -0.80769 0 0 -0.61538 -0.51282 0 0 0 0 0 0
0 -1 -1 1 -1 -1 1 0 0 1 -1 1 -1 0 0 0 0 0 0 -1 1 1 -1 -1 1 1 1 0 0 1 0.5 0 0
0 1 1 1 -1 1 1 1 1 1 1 1 -1 1 1 1 -1 1 -1 1 1 1 1 1 -1 1 1 1 1 1 1 1 1
0 1 -1 1 1 1 -1 1 1 1 -1 1 -1 1 -1 1 1 1 1 1 1 1 -1 1 1 1 1 1 1 1 1 1 -1
0 1 1 1 -1 1 -1 1 1 0 0 1 -1 0 0 0 0 0 0 -1 1 1 1 0 0 1 1 0 0 -1 -1 0 0
0 1 -1 -1 1 -1 1 1 1 1 1 -1 -1 -1 -1 1 1 1 -1 -1 -1 -1 -1 1 0 1 -1 1 -1 -1 1 -1 1
0 1 -1 1 1 1 -1 1 1 1 -1 1 1 1 -1 1 -1 1 1 1 1 1 -1 1 -1 1 -1 1 1 1 -1 1 1
0 0 0 1 1 0 0 1 1 0 0 1 -1 0 0 0 0 0 0 0 0 0 0 0 0 1 -1 0 0 -1 1 0 0
0 0 0 1 1 1 1 0 0 0 0 -1 -1 0 0 -1 -1 0 0 0 0 1 1 0 0 1 1 0 0 -1 1 0 0
0 1 -1 1 1 1 1 1 1 1 1 1 -1 1 1 1 1 1 -1 1 -1 1 -1 1 -1 1 1 1 -1 1 1 1 1
0 1 1 -1 -1 -1 -1 0 0 0 0 -1 -1 0 0 0 0 0 0 -1 1 1 1 0 0 1 -1 0 0 -1 -1 -1 -1
1 0.68729 1 0.91973 -0.76087 0.81773 0.04348 0.76087 0.10702 0.86789 0.73746 0.70067 0.18227 0.7592 0.13712 0.93478 -0.25084 0.70736 0.18729 0.64883 0.24582 0.60201 0.77425 1 -0.53846 0.89262 0.22216 0.7107 0.53846 1 -0.06522 0.56522 0.23913
1 0.42708 -0.5 0 0 0 0 0.46458 0.51042 0.58958 0.02083 0 0 0 0 0.16458 -0.45417 0.59167 -0.18333 0 0 0 0 0.9875 -0.40833 -1 -1 -0.27917 -0.75625 0 0 0 0
1 0 0 1 0.12889 0.88444 -0.02 0 0 1 -0.42444 1 0.19556 1 -0.05333 1 -0.81556 0 0 1 -0.04 1 -0.18667 0 0 1 -1 0 0 1 0.11778 0.90667 -0.09556
1 0 0 0 0 1 1 -1 -1 0 0 1 -0.11111 0 0 0 0 -1 1 1 1 1 -1 0 0 1 -1 0 0 0 0 1 1
