6 148 72 35 0 33.6 0.627 50
8 183 64 0 0 23.3 0.672 32
2 197 70 45 543 30.5 0.158 53
1 189 60 23 846 30.1 0.398 59
7 196 90 0 0 39.8 0.451 41
9 171 110 24 240 45.4 0.721 54
0 180 66 39 0 42 1.893 25
8 176 90 34 300 33.7 0.467 58
7 187 68 39 304 37.7 0.254 41
0 131 0 0 0 43.2 0.27 26
15 136 70 32 110 37.1 0.153 43
1 163 72 0 0 39 1.222 33
8 155 62 26 495 34 0.543 46
4 146 92 0 0 31.2 0.539 61
9 122 56 0 0 33.3 1.114 33
3 170 64 37 225 34.5 0.356 30
9 156 86 28 155 34.3 1.189 42
8 188 78 0 0 47.9 0.137 43
7 152 88 44 0 50 0.337 36
17 163 72 41 114 40.9 0.817 47
8 179 72 42 130 32.7 0.719 36
0 129 110 46 130 67.1 0.319 26
7 194 68 28 0 35.9 0.745 41
8 181 68 36 495 30.1 0.615 60
1 128 98 41 58 32 1.321 33
11 135 0 0 0 52.3 0.578 40
8 196 76 29 280 37.5 0.605 57
7 184 84 33 0 35.5 0.355 41
12 151 70 40 271 41.8 0.742 38
2 158 90 0 0 31.6 0.805 66
4 171 72 0 0 43.6 0.479 26
7 181 84 21 192 35.9 0.586 51
0 179 90 27 0 44.1 0.686 23
9 164 84 21 0 30.8 0.831 32
9 184 85 15 0 30 1.213 49
12 92 62 7 258 27.6 0.926 44
11 155 76 28 150 33.3 1.353 51
3 141 0 0 0 30 0.761 27
0 138 0 0 0 36.3 0.933 25
2 146 0 0 0 27.5 0.24 28
10 101 86 37 0 45.6 1.136 38
14 100 78 25 184 36.6 0.412 46
0 167 0 0 0 32.3 0.839 30
7 109 80 31 0 35.9 1.127 43
13 152 90 33 29 26.8 0.731 43
1 180 0 0 0 43.3 0.282 41
9 152 78 34 171 34.2 0.893 33
7 178 84 0 0 39.9 0.331 41
13 129 0 30 0 39.9 0.569 44
1 196 76 36 249 36.5 0.875 29
5 189 64 33 325 31.2 0.583 29
12 140 82 43 325 39.2 0.528 58
4 156 75 0 0 48.3 0.238 32
5 166 76 0 0 45.7 0.34 27
4 158 78 0 0 32.9 0.803 31
5 168 64 0 0 32.9 0.135 41
8 197 74 0 0 25.9 1.191 39
4 184 78 39 277 37 0.264 31
1 181 64 30 180 34.1 0.328 38
0 141 0 0 0 42.4 0.205 29
0 189 104 25 0 34.3 0.435 41
0 180 78 63 14 59.4 2.42 25
14 175 62 30 0 33.6 0.212 38
10 148 84 48 237 37.6 1.001 51
0 145 0 0 0 44.2 0.63 31
0 180 90 26 90 36.5 0.314 35
9 145 88 34 165 30.3 0.771 53
4 132 0 0 0 32.9 0.302 23
8 186 90 35 225 34.5 0.423 37
5 187 76 27 207 43.6 1.034 53
0 198 66 32 274 41.3 0.502 28
8 124 76 24 600 28.7 0.687 52
3 176 86 27 156 33.3 1.154 52
11 111 84 40 0 46.8 0.925 45
0 188 82 14 185 32 0.682 22
1 173 74 0 0 36.8 0.088 38
4 183 0 0 0 28.4 0.212 36
1 181 78 42 293 40 1.258 22
3 174 58 22 194 32.9 0.593 36
7 168 88 42 321 38.2 0.787 40
11 138 74 26 144 36.1 0.557 50
0 179 50 36 159 37.8 0.455 22
1 199 76 43 0 42.9 1.394 22
8 167 106 46 231 37.6 0.165 43
9 145 80 46 130 37.9 0.637 40
0 162 76 36 0 49.6 0.364 26
1 144 82 46 180 46.1 0.335 46
7 142 90 24 480 30.4 0.128 43
1 168 88 29 0 35 0.905 52
10 129 62 36 0 41.2 0.441 38
7 187 50 33 392 33.9 0.826 34
3 173 78 39 185 33.8 0.97 31
1 149 68 29 127 29.3 0.349 42
2 174 88 37 120 44.5 0.646 24
11 120 80 37 150 42.3 0.785 48
3 187 70 22 200 36.4 0.408 36
4 136 70 0 0 31.2 1.182 22
1 128 88 39 110 36.5 1.057 37
0 123 72 0 0 36.3 0.258 52
9 170 74 31 0 44 0.403 43
1 126 60 0 0 30.1 0.349 47
