5 166 72 19 175 25.8 0.587 51
0 118 84 47 230 45.8 0.551 31
7 107 74 0 0 29.6 0.254 31
1 115 70 30 96 34.6 0.529 32
9 119 80 35 0 29 0.263 29
10 125 70 26 115 31.1 0.205 41
9 102 76 37 0 32.9 0.665 46
3 171 72 33 135 33.3 0.199 24
7 160 54 32 175 30.5 0.588 39
0 131 88 0 0 31.6 0.743 32
5 130 82 0 0 39.1 0.956 37
8 109 76 39 114 27.9 0.64 31
4 109 64 44 99 34.8 0.905 26
0 140 65 26 130 42.6 0.431 24
5 85 74 22 0 29 1.224 32
6 119 50 22 176 27.1 1.318 33
1 119 86 39 220 45.6 0.808 29
1 128 48 45 194 40.5 0.613 24
2 144 58 33 135 31.6 0.422 25
0 128 68 19 180 30.5 1.391 25
2 124 68 28 205 32.9 0.875 30
2 155 74 17 96 26.6 0.433 27
0 124 70 20 0 27.4 0.254 36
5 115 76 0 0 31.2 0.343 44
1 125 50 40 167 33.3 0.962 28
5 116 74 29 0 32.3 0.66 35
4 115 72 0 0 28.9 0.376 46
0 138 60 35 167 34.6 0.534 21
1 95 82 25 180 35 0.233 43
8 120 0 0 0 30 0.183 38
3 163 70 18 105 31.6 0.268 28
0 121 66 30 165 34.3 0.203 33
0 151 90 46 0 42.1 0.371 21
7 114 64 0 0 27.4 0.732 34
13 104 72 0 0 31.2 0.465 38
11 136 84 35 130 28.3 0.26 42
3 80 82 31 70 34.2 1.292 27
6 115 60 39 0 33.7 0.245 40
10 111 70 27 0 27.5 0.141 40
3 121 52 0 0 36 0.127 25
7 129 68 49 125 38.5 0.439 43
10 115 0 0 0 0 0.261 30
8 120 86 0 0 28.4 0.259 22
1 102 74 0 0 39.5 0.293 42
6 162 62 0 0 24.3 0.178 50
