0 137 40 35 168 43.1 2.288 33
8 125 96 0 0 0 0.232 54
10 168 74 0 0 38 0.537 34
11 143 94 33 146 36.6 0.254 51
7 147 76 0 0 39.4 0.257 43
3 158 76 36 245 31.6 0.851 28
4 111 72 47 207 37.1 1.39 56
8 133 72 0 0 32.9 0.27 39
7 114 66 0 0 32.8 0.258 42
0 109 88 30 0 32.5 0.855 38
13 126 90 0 0 43.4 0.583 42
5 137 108 0 0 48.8 0.227 37
1 122 90 51 220 49.7 0.325 31
5 124 74 0 0 34 0.22 38
0 162 76 56 100 53.2 0.759 25
1 88 30 42 99 55 0.496 26
1 117 88 24 145 34.5 0.403 40
0 105 84 0 0 27.9 0.741 62
4 173 70 14 168 29.7 0.361 33
7 159 66 0 0 30.4 0.383 36
5 158 84 41 210 39.4 0.395 29
5 162 104 0 0 37.7 0.151 52
5 112 66 0 0 37.8 0.261 41
0 177 60 29 478 34.6 1.072 21
3 162 52 38 0 37.2 0.652 24
4 142 86 0 0 44 0.645 22
6 134 80 37 370 46.2 0.238 46
4 123 62 0 0 32 0.226 35
0 146 70 0 0 37.9 0.334 28
7 161 86 0 0 30.4 0.165 47
2 128 78 37 182 43.3 1.224 31
2 146 70 38 360 28 0.337 29
5 115 98 0 0 52.9 0.209 28
10 161 68 23 132 25.5 0.326 47
3 182 74 0 0 30.5 0.345 29
6 194 78 0 0 23.5 0.129 59
1 122 64 32 156 35.1 0.692 30
5 0 80 32 0 41 0.346 37
9 165 88 0 0 30.4 0.302 49
4 146 78 0 0 38.5 0.52 67
1 133 102 28 140 32.8 0.234 45
3 173 82 48 465 38.4 2.137 25
5 144 82 26 285 32 0.452 58
3 193 70 31 0 34.9 0.241 25
1 172 68 49 579 42.4 0.702 28
3 173 84 33 474 35.7 0.258 22
4 144 82 32 0 38.5 0.554 37
8 151 78 32 210 42.9 0.516 36
8 108 70 0 0 30.5 0.955 33
3 158 70 30 328 35.5 0.344 35
4 125 70 18 122 28.9 1.144 45
7 195 70 33 145 25.1 0.163 55
6 0 68 41 0 39 0.727 41
9 130 70 0 0 34.2 0.652 45
3 129 92 49 155 36.4 0.968 32
8 100 74 40 215 39.4 0.661 43
10 90 85 32 0 34.9 0.825 56
2 197 70 99 0 34.7 0.575 62
8 143 66 0 0 34.9 0.129 41
3 132 80 0 0 34.4 0.402 44
7 150 78 29 126 35.2 0.692 54
9 112 82 24 0 28.2 1.282 50
0 119 0 0 0 32.4 0.141 24
7 97 76 32 91 40.9 0.871 32
6 147 80 0 0 29.5 0.178 50
1 167 74 17 144 23.4 0.447 33
2 155 52 27 540 38.7 0.24 25
6 195 70 0 0 30.9 0.328 31
13 158 114 0 0 42.3 0.257 44
3 169 74 19 125 29.9 0.268 31
9 164 78 0 0 32.8 0.148 45
9 140 94 0 0 32.7 0.734 45
1 147 94 41 0 49.3 0.358 27
0 181 88 44 510 43.3 0.222 26
8 154 78 32 0 32.4 0.443 45
6 190 92 0 0 35.5 0.278 66
