3 78 50 32 88 31 0.248 26
7 100 0 0 0 30 0.484 32
2 90 68 42 0 38.2 0.503 27
7 103 66 32 0 39.1 0.344 31
2 100 66 20 90 32.9 0.867 28
4 134 72 0 0 23.8 0.277 60
0 95 85 25 36 37.4 0.247 24
0 113 76 0 0 33.3 0.278 23
10 108 66 0 0 32.4 0.272 42
6 104 74 18 156 29.9 0.722 41
6 102 82 0 0 30.8 0.18 36
6 134 70 23 130 35.4 0.542 29
5 139 80 35 160 31.6 0.361 25
3 107 62 13 48 22.9 0.678 23
4 148 60 27 318 30.9 0.15 29
9 112 82 32 175 34.2 0.26 36
5 109 62 41 129 35.8 0.514 25
3 139 54 0 0 25.6 0.402 22
1 113 64 35 0 33.6 0.543 21
7 106 60 24 0 26.5 0.296 29
2 108 80 0 0 27 0.259 52
0 107 62 30 74 36.6 0.757 25
3 112 74 30 0 31.6 0.197 25
2 102 86 36 120 45.5 0.127 23
6 124 72 0 0 27.6 0.368 29
8 105 100 36 0 43.3 0.239 45
0 131 66 40 0 34.3 0.196 22
4 95 64 0 0 32 0.161 31
5 136 84 41 88 35 0.286 35
3 129 64 29 115 26.4 0.219 28
4 117 62 12 0 29.7 0.38 30
0 104 64 37 64 33.6 0.51 22
2 134 70 0 0 28.9 0.542 23
2 105 80 45 191 33.7 0.711 29
0 135 68 42 250 42.3 0.365 24
12 84 72 31 0 29.7 0.297 46
3 128 72 25 190 32.4 0.549 27
6 125 76 0 0 33.8 0.121 54
2 118 80 0 0 42.9 0.693 21
4 145 82 18 0 32.5 0.235 70
9 156 86 0 0 24.8 0.23 53
4 125 80 0 0 32.3 0.536 27
6 125 78 31 0 27.6 0.565 49
2 93 64 32 160 38 0.674 23
5 97 76 27 0 35.6 0.378 52
3 130 78 23 79 28.4 0.323 34
