0.50544006	-0.9278421
0.03230335	-1.8144844
-0.12683897	-1.818059
-0.15067104	-1.8592844
-0.13358292	-1.9772382
-0.56116056	-1.8874433
-0.60663307	-1.9189774
1.8783965	1.8145795
2.1940491	2.3022013
2.5015597	1.7607133
2.5030482	1.6870711
2.5129044	1.6817689
2.4994607	1.6930653
2.4860444	1.6944003
2.5411153	1.6813064
2.4471648	1.7471029
2.5090806	1.6589705
2.5149999	1.6659493
2.4905863	1.6490867
2.1399777	1.1540993
2.7219772	0.8879876
2.7012305	0.85707355
2.7019677	0.8250702
2.9111352	1.1888664
2.7822227	0.5913173
2.7469623	0.56759626
2.9645255	0.89318764
2.6884553	0.48967597
2.5847502	0.4593516
2.6329083	0.18824156
2.5561068	0.17296416
2.3420672	-0.27670488
2.3157465	0.3379991
3.0455823	0.062353678
2.485005	-0.025752021
1.8357182	0.93364453
2.556897	-0.19379342
2.4753797	-0.1415731
1.8446409	0.7984981
2.3945198	-0.5801776
2.65364	-0.72792786
2.5714436	-0.35349414
2.5833983	-0.58665234
2.674108	-0.9919645
2.5158682	-0.6608887
2.2828357	-0.7413109
1.9027619	1.3070658
2.2496448	1.0914154
1.8289545	1.2040403
1.7527148	1.1521478
2.1144695	1.0649177
1.8740724	1.0758287
2.2445495	1.0414702
1.7597356	1.1684346
1.7649024	1.0062176
1.6637276	1.0780215
1.4625211	1.0185238
1.4506983	0.07267377
0.9209276	0.71691686
0.80363464	-0.0933532
0.80473125	-0.109879315
1.0522969	0.69137037
0.6135157	-0.24409959
0.7156939	-0.5101314
0.1970241	0.28744957
0.8670854	-0.51634187
0.20347054	0.34266245
0.02190962	-0.11273571
0.5730532	0.09055411
0.281479	-0.012333629
0.60064095	0.24445039
-0.19134487	0.94062316
0.5741677	1.0501604
1.01215	1.1198772
0.5362524	0.66990167
1.3974838	0.94447345
0.08580588	-0.1469807
0.14468431	0.10761934
-1.037716	-1.3980416
-1.0295652	-1.4008769
-1.0084416	-1.3970026
-1.0335157	-1.4004194
-1.0393944	-1.4038237
-0.7497626	-0.91365904
-0.75884676	-0.9161738
-0.7576983	-0.9145404
-0.7795823	-0.9208777
-0.78600097	-0.91952753
-0.7884192	-0.9217324
-0.7946595	-0.92813903
-1.0598335	-1.3910595
-1.0618545	-1.3875248
0.81450975	0.74362653
0.31891543	-0.19197434
0.49660313	-0.041216794
2.276764	0.10777408
0.25709766	0.23210208
-0.51711345	-0.70408446
-1.0264009	0.36966565
-0.9761345	-0.3489512
0.18841943	0.24324305
1.6461242	0.37881446
1.7450467	0.14207423
1.3320035	0.5607307
2.6397889	0.20672809
2.6703687	-1.0866841
1.3331497	-0.6712344
0.36145425	-1.0877731
0.35483634	-0.8872628
0.28338298	-1.22245
1.7176331	-1.4130784
2.5770588	-1.4833822
2.183757	-1.4924114
2.025722	-1.5105896
1.6401381	-1.857795
1.4867389	-0.8375361
2.0834773	-1.4755155
1.4446154	-1.0788085
1.2819793	-0.8730939
1.8674567	-2.0035982
1.6798453	-0.95224303
2.0367978	-1.6390083
1.9313596	-1.6310346
1.5142668	-0.8700606
1.4486567	-0.911451
2.1257493	-1.5471377
-0.6738302	-1.1651553
-1.2861272	-0.9018579
-0.92790973	-1.0551082
-1.711273	-1.2102317
-2.0453231	-1.378254
-1.3797749	-0.6291343
-2.683423	-2.567056
-1.773342	-2.5496867
1.8606181	0.22548327
2.2469914	0.80298185
2.2753103	0.78917706
2.248982	1.4730374
1.9818761	1.2036088
2.321001	0.9925621
2.3138578	0.97243506
2.2295065	0.7724979
2.1474035	0.8462254
2.0819802	0.859394
2.17271	0.9642725
1.9721415	0.6960524
2.4891973	0.26394626
2.6545258	0.27279544
2.6943243	0.078457475
1.7769665	0.17483881
2.3612669	-0.087784596
2.3185215	-0.39228892
2.2235904	0.34170917
2.3296614	0.12525955
0.77217644	0.034764532
2.1172276	0.58309674
0.8400265	-0.38959715
1.5295048	-0.66421473
3.220215	-0.057066493
2.3008854	-0.077324405
3.008836	-0.74436533
2.668648	-0.17131607
2.098349	0.2360183
2.9875765	-0.18168932
3.0951395	-0.09509656
2.3944361	0.14239994
1.8792117	0.05583148
1.5618298	0.33150217
1.4529846	0.20847365
1.4878275	4.4811025
1.0385375	5.1054688
0.91010284	5.1208873
0.8612483	5.1081166
0.8719342	5.102751
0.85637236	5.0916204
1.0295188	5.1242895
0.8743867	5.128663
2.1190648	4.303353
1.5345263	4.683999
1.9686524	4.094117
1.3143001	4.3731217
1.6193899	3.6924703
2.5118825	3.1319351
2.4792564	3.1203992
1.5751874	3.3097217
1.8710467	3.6062052
0.7667604	3.356731
2.0645387	2.5642223
2.1122985	2.6365743
1.4546964	3.1977816
1.4813232	3.3096123
0.89924264	3.5322058
1.8399825	2.995618
1.6474832	3.0774302
1.2481921	3.3689654
0.91467625	3.3263993
0.9047504	2.98356
1.8113654	2.6753993
2.135015	2.3501332
1.6617695	3.149956
1.5169692	2.3124652
1.6818606	2.9346962
1.5101757	2.436159
1.1494573	2.4988067
1.0481863	2.4764862
0.3204582	2.0362508
1.0836093	2.6950002
0.9537405	2.496856
0.7030567	2.3306212
0.06128324	2.2494352
0.6070733	2.1320832
1.4133741	2.1830668
0.12617028	2.2235038
0.47461098	1.8259768
-1.9521834	3.0232291
-1.6943942	2.773171
-1.5306742	2.858199
-2.1371787	4.280184
-2.1319604	3.0967498
-2.3473313	2.7079127
-2.878979	2.2123368
-1.766242	1.6156338
-1.7845557	1.8767045
-1.826985	1.9760988
-2.0204291	1.3599786
-1.8319973	1.5497267
-2.0133507	0.9572957
-1.5711765	0.53067213
-1.507779	0.45146826
-1.8999263	1.3184104
-1.554653	1.1255943
-2.1848798	1.5578693
-2.0324228	2.0315232
-1.7535504	1.258938
-1.8924588	1.5855678
-1.4435594	1.2987186
-2.0887554	1.5050604
-2.1712096	0.71543914
-2.7423046	1.0346196
-1.907568	1.0565826
-2.6342757	1.9170622
-2.2561343	1.0628413
-3.4891334	3.033462
-3.2479072	3.466232
-2.3867173	1.2980964
-2.4963655	2.4814014
-2.9522257	1.9588628
-3.080324	1.8960344
-4.9292793	3.873669
-3.5619512	2.483179
-4.2889633	3.2896762
-4.5506477	3.3305707
-4.4361815	2.4753587
-4.165029	2.3614743
-4.793776	3.4505503
-4.2118316	2.5395646
-4.1231256	2.6578348
-4.963193	2.5600603
-5.3878465	2.5660453
-4.8156776	1.3219906
-4.482103	0.93435407
-3.9760208	1.1902573
-4.214203	2.0787253
-4.5089717	2.053529
-4.523078	2.1071875
-4.391696	2.382919
-4.373165	2.6552544
-3.7109551	1.7511284
-4.04875	1.6467484
-4.873696	2.760396
-0.752103	0.4410876
-1.7046003	-0.19403546
-1.5311911	0.25922537
-1.5411253	0.4323279
-1.4637303	0.5530026
-1.6363088	-0.089488454
-1.7362783	-0.23718753
-1.4559512	0.5017281
-1.2663056	1.1024097
-1.4696642	0.36964428
-1.7407489	-0.23982559
-1.5182785	0.119868435
-1.5232084	0.1270027
-2.1438828	1.028729
-2.1625862	0.96610165
-1.892978	0.13330919
-1.4133518	0.37836638
-0.83413017	0.180319
-0.68402964	0.6513574
-0.731457	0.6263275
-1.5596445	0.7004707
-2.7063465	0.5794936
-0.71440876	0.47748947
-1.6139948	-0.20381999
-0.9708333	-0.5285185
-0.8092289	-0.02387544
-0.947068	-0.2665235
-1.082719	-0.6289789
-1.0054113	-1.4930141
-0.93847394	-0.818362
-1.0437499	-0.8512717
-1.8228586	-1.058222
-0.9328593	-0.8943749
-0.94036573	-0.8962117
-1.0150219	-1.5040873
-1.0196236	-1.504463
-1.181512	-1.326733
-1.0268577	-1.5122035
-1.1109102	-0.7216927
2.1061354	1.0696172
1.4264225	1.3641329
1.489867	2.143105
1.387249	1.3560594
0.8439381	1.466514
2.2738037	1.278714
1.6736685	1.0833777
2.112289	1.004874
1.2904217	0.6086017
2.1661134	0.99231654
2.9841278	0.94905406
3.3739662	1.0574127
2.983477	0.94841623
2.9877243	0.9552368
3.3621955	1.0461699
2.981734	0.9545008
2.9807806	0.95020854
2.9777198	0.9488306
2.9773235	0.9492083
3.183344	0.4095014
3.1180902	0.45025402
2.6795268	0.21212295
2.9941652	0.3421827
2.5814495	0.23065752
2.953914	0.31196094
2.8361962	0.8424193
2.5238988	0.10259824
2.710965	0.041861575
3.219476	-0.09325223
2.938009	-0.015526405
2.3084748	-0.06695928
2.7813666	-0.16111407
2.6517649	0.037208993
2.6444561	0.3150155
2.7332585	-0.23577273
2.5257256	-0.049648955
2.614434	-0.7344675
2.7191	-0.46446568
2.723782	-0.8451997
2.7692544	-0.92880666
2.724472	-0.9300438
2.678116	-1.0114831
3.321781	0.67531306
3.287751	0.6919826
3.2840064	0.9039954
2.2237287	1.3329685
2.0894895	1.258019
2.2284205	1.3035938
3.0522316	1.638415
2.7983048	0.441889
2.599032	0.7584426
0.9786633	0.2200356
2.1839728	0.8756749
1.1658051	-0.08932593
1.6837052	-0.46839786
1.5982496	0.5351838
1.3779392	1.0501152
1.4480958	0.89472264
0.44856173	-0.14212765
-0.45905313	-0.52391005
-1.7290038	-1.9894637
0.50762695	-0.80432975
0.7638847	0.51522505
0.5054881	0.46633273
1.1825656	0.2679226
1.2909324	0.41603267
1.3240786	0.7329082
1.8193139	0.03089383
1.5634944	-0.35817093
0.90953434	-0.121998504
1.0347899	-0.35856703
0.94801635	-0.24781956
1.2071961	-0.53602177
1.1764761	-0.55059636
1.1391171	-0.5684863
0.4405714	-0.018584328
0.88609266	-0.474412
1.4910331	-0.79627806
0.36210278	0.1562568
0.73993605	-0.06525889
0.27914655	-2.062717
0.078767985	-2.114146
0.07708813	-2.1684172
0.16362813	-2.2107594
-0.8876771	-1.7286417
2.3099241	0.64274615
2.486751	-0.09589395
1.7251918	0.41193765
1.7813042	0.4316348
1.8696642	0.8240951
2.09721	0.9373579
2.0876708	1.0138593
2.8553143	0.89340806
2.5908027	0.49291465
2.4440637	0.24574755
2.7214532	0.71723413
2.7657943	0.82806677
1.9717767	0.9250481
1.569539	0.3512736
1.349158	0.1278019
2.5062132	0.15053856
2.4532506	0.37029374
2.2263486	0.21893045
2.010782	0.7207845
2.0586243	0.07008144
2.193371	-0.17924137
2.1595383	-0.200505
2.1310706	-0.23883845
2.0887368	-0.2440763
3.119443	0.014268724
3.189176	0.09851168
2.6363945	-0.7195138
1.2356273	0.41806528
1.1915135	0.42252904
1.1471648	0.3969718
1.107473	0.3728571
0.9833838	0.17171243
2.0654151	0.024934057
1.048358	0.4265794
2.2614071	4.566394
2.1546955	4.5598044
2.1640165	4.5114417
2.247624	4.565543
2.1498833	4.555159
2.3003912	4.5101023
2.2544296	4.511644
2.2539084	4.492659
2.7077749	3.3353348
2.1698	3.645157
2.1870039	3.5528498
2.1829262	3.5477028
2.1665988	3.5396376
2.1442838	3.5305233
1.2983438	3.856726
1.403131	4.054825
1.3838947	4.0352454
1.8703042	3.5244727
1.8478795	3.5049596
1.8329201	3.4879537
1.9778852	3.4176097
1.2421179	4.377749
1.2300504	4.356471
0.9027007	3.969826
1.2864338	4.266224
1.2935889	3.8117394
1.8779707	3.2939134
1.4927713	3.127083
1.2108599	2.7631738
1.5077322	3.1265333
1.3167382	3.8503134
1.2934468	2.9802787
1.2886857	2.9789991
1.2113576	2.754632
1.3766828	3.0136034
1.3479114	2.963496
1.3428464	2.960278
1.3367244	2.954232
0.37299034	3.6961474
0.975398	3.136597
2.082499	2.2135913
1.4009713	2.584981
1.3449444	2.5012715
0.8535031	2.9913986
1.1849551	2.6006925
1.1129224	3.4024928
1.1120224	2.6342685
1.0475776	2.6221278
0.78306746	2.3645008
0.538925	2.6679165
1.257199	2.0184588
-1.8998524	3.2584066
-1.3270807	2.4923882
-1.4276924	2.3078225
-1.5308362	2.4229665
-2.0638964	3.2557108
-1.9175981	3.2380269
-1.2534078	2.1818943
-0.99656796	1.4837132
-1.6447147	2.0032313
-1.1476446	1.420263
-1.7178183	1.8232876
-2.0834317	2.4163535
-1.7610749	1.9248655
-1.4208014	0.52661127
-1.4101816	0.59377575
-1.8262627	2.2464104
-1.1041064	1.7371228
-1.3647003	1.6858886
-0.820643	1.5185164
-1.2208902	1.2933387
-1.3370918	1.349735
-1.4523355	1.8264077
-2.006812	0.5858904
-2.1244674	0.5369282
-1.5701835	1.0771716
-1.9593965	1.1502976
-3.0713403	2.8550322
-2.4309132	2.9179273
-2.396069	1.5835949
-2.13653	1.2509699
-2.2082467	1.2056607
-2.3679001	1.2646182
-3.2536345	3.4489124
-3.4075232	3.9683979
-2.3582046	1.3232583
-3.310286	3.0490088
-3.4782555	0.9138071
-3.4812272	1.8649536
-3.8698502	2.285678
-4.236868	2.440157
-3.707907	1.5876468
-4.452897	3.1613212
-4.4856834	2.434607
-4.656106	3.288728
-4.6322703	2.921955
-4.7464857	3.0709803
-4.9461308	3.2048423
-4.7224393	2.5411537
-4.697098	1.7177352
-4.724251	1.7109112
-4.750828	2.5210576
-4.5924563	1.2104656
-4.617593	0.7332244
-4.9978848	1.6426883
-4.261985	0.44601595
-4.2221603	0.42784464
-3.4591105	1.0788724
-3.3982768	1.2267085
-3.6233947	1.146275
-3.7649736	1.7240316
-1.4249625	0.41943762
-0.7129834	-0.56805754
-0.53161114	0.033341758
-0.48843306	-0.08537184
-1.1551628	0.82052183
-1.110034	0.98697126
-1.1179379	0.97912174
-0.9979291	0.27097008
-0.5275805	-0.080529384
-0.38912076	0.18787393
-0.70025945	-0.92009616
-1.0034027	1.0772108
-0.3547352	0.07870223
-0.61001766	0.0050156526
0.28757894	0.39168003
0.39322907	0.30902612
-0.39625326	1.1775652
-0.96466625	1.4675766
-1.8708057	1.6513491
-1.5436431	0.09368867
-0.6668856	0.19167325
-0.9251766	-0.38274297
-0.95039916	0.28663847
-1.3931136	-1.1993703
-1.0695695	-0.64826334
-1.3029987	-1.1082815
-1.1015656	-0.657918
-1.1195987	-0.6812211
3.3711686	1.417024
3.469161	1.2002829
3.5333526	1.3406858
3.4161828	1.3788519
3.2991304	1.2548254
3.3041012	1.2528747
3.2757974	1.2937623
3.275488	1.2691383
3.04708	0.90507454
3.2516112	1.2416925
3.2453182	1.2119101
2.5366228	1.495418
2.565522	1.0295634
2.7715752	0.66678506
2.7634215	0.67863935
2.7630901	0.6761325
2.7494116	0.68740433
2.7622073	0.67373806
2.7671974	0.65099144
2.755219	0.6672973
3.204947	0.7814418
3.043439	0.85715026
3.203807	0.7838763
3.1092055	0.815394
3.1122243	0.81174964
3.2077513	0.77156866
3.5225737	1.2558361
3.4855635	1.2070909
3.454828	1.2292404
3.3981016	1.2254639
3.4728522	1.1931458
3.136973	0.7210384
3.1668227	0.7603548
2.6540158	-1.3355999
2.9064298	-0.85972
2.6530735	-1.4544334
2.6357393	-1.4782975
3.197781	0.99817586
2.696086	-0.37100425
2.6587832	-0.39702117
3.1135013	0.9016334
3.1174755	-0.00065555423
2.3626335	-0.52191484
1.8874259	0.9289046
2.3064778	-0.5810456
2.6065912	-1.054089
2.7500665	-0.61879915
2.5374792	-1.1074673
2.4495308	-1.2468817
2.6696382	-1.1532183
1.6973066	-0.066412196
1.6542362	0.21093418
2.0057237	0.77248615
0.6707143	-1.9824836
1.8793155	0.47931808
0.719383	-0.22665653
0.42717507	-0.77475333
0.98534477	-0.6146339
0.8460016	-0.7483028
1.6459991	-0.5155686
1.7666473	-0.55897164
0.2454303	-0.9229765
0.95071965	-0.8171739
0.83477694	-0.6680199
0.75258106	-0.6250352
0.76001275	-0.5996364
0.2416996	-0.94967633
-0.050935827	-0.93107224
-0.36448118	-1.309598
-0.17826909	-1.0428693
-0.1831938	-1.0465951
-0.23452061	-1.0400943
-0.34101644	-1.3438268
-0.47005534	-1.1679939
-1.0407277	-0.80950993
-0.8555702	-0.8701732
-0.104840636	-0.903106
0.44058028	-0.853298
-0.15272328	-0.9493519
-0.17355675	-0.8159144
1.004316	0.34685913
1.0260899	0.7400148
1.0283859	0.82668203
2.319909	1.1560165
2.1602998	1.3340243
2.180255	0.95375454
1.1884247	-0.41423076
1.4144936	-0.57667494
1.0451608	0.035746656
1.0929106	0.060833212
1.3903779	1.7507457
0.6319472	0.3114329
1.3055104	-0.025434345
1.7675146	0.23411101
1.6551516	0.47376573
2.016278	-0.00077734794
1.576744	-0.035560254
1.5775771	0.50063974
1.2022872	0.099389404
0.7804672	-0.14047515
1.2507088	0.27235532
1.0914145	0.28434867
1.4125054	0.18822637
1.165307	-0.43854532
0.6552174	-0.037394695
0.80551875	-0.6550455
-0.25016314	-0.537412
-0.5620042	-2.0255775
0.15035763	-1.5213889
-0.35332832	-1.6518644
-0.7126377	-1.9628723
-0.36210847	-1.6580718
-0.7550296	-1.029708
-0.9642433	-1.4444826
-0.9062993	-1.4421341
-1.4686058	-2.0927439
-1.9064752	-2.2662396
-2.0522232	-2.0750523
-1.9849826	-2.0787032
-1.884161	-2.2640736
-1.402371	-1.6073066
-1.3866637	-0.66857547
-1.4222912	-0.5535576
-1.2451358	0.059500784
-2.1996841	-1.0451924
-2.4284072	-1.039555
-1.880424	-1.6712592
1.481538	-0.33974236
1.0934625	-0.21285582
0.7613683	-0.00922871
0.6633214	-0.22168462
1.3373675	-0.49956387
1.5402188	-0.09385022
1.2852534	-0.54328334
1.3034471	-0.61205405
1.4677918	-0.16780512
1.4637597	-0.15659054
1.9323338	-1.0123544
1.7242281	-1.512233
2.0978718	-0.562897
1.5496585	-0.8360788
1.6246269	-1.5851678
1.4751855	-1.0636415
1.4265507	-1.113183
0.6805768	-0.28119123
1.3518178	-1.1958716
1.5059175	-0.71919566
1.4854794	-0.7187833
0.7223129	-0.09342665
0.59199363	-0.1625159
0.5698679	-0.2555042
0.63169014	-0.17354341
1.4341923	-0.71191365
1.3886125	-0.7468282
1.2987045	-1.7878573
0.25624424	-1.1800499
1.1161287	-1.1304572
-0.97973853	-0.4790358
-0.1764824	-0.43099943
0.29589087	-0.38834885
0.35113347	-0.9261804
2.2458127	3.844688
2.26514	4.0151234
2.2563934	4.043111
2.259379	4.041242
2.1574688	3.8280559
2.1540074	3.8233948
2.2843246	3.7723877
2.2693632	3.7656097
2.1181529	3.769714
1.990597	3.6869166
2.1251009	3.7810621
2.742565	3.4635446
1.9550853	3.6162698
2.6747098	3.3613205
2.5439277	3.2729094
1.9572425	3.6481304
2.0146456	3.6445315
1.8703858	3.6238751
2.4520042	3.3192067
1.8971691	3.6909966
1.8569481	3.5798771
2.5141177	3.1488833
2.5321555	3.2537153
1.8502345	3.5409656
2.4422598	3.2353082
2.5587554	3.1958263
2.4595544	3.0459988
2.0512414	2.7366426
2.5178332	2.9455612
2.452064	2.9134088
2.1716652	2.9163437
2.1692493	2.902837
2.1091099	3.0228987
2.0846689	2.8751879
1.6662838	2.5514154
1.6509169	2.6572676
1.8717697	2.832282
2.0336163	2.9082654
0.9483189	2.660627
0.8439328	2.6370916
1.6371753	2.244508
0.6755877	2.4745178
0.8176219	2.1931095
0.26893768	2.0923288
0.7550942	2.144935
0.5766871	2.2843988
0.6688027	2.2000241
0.7027049	2.183557
0.65013903	2.135015
0.5674362	2.135752
0.52244526	1.91041
-1.4870213	3.4620864
-1.4824209	3.4952312
-1.4005479	3.1081793
-1.6440805	3.2730043
-1.9067208	3.5547082
-2.6235342	3.127618
-2.3426435	3.0585315
-2.0970235	1.3774745
-2.6355867	1.7571843
-2.6736836	1.7285018
-1.5839994	0.5009928
-2.1079051	0.8689552
-1.7750562	-0.44016224
-1.5244672	0.44909495
-1.4551764	0.38998035
-1.581706	0.40913358
-1.4976032	1.1020143
-1.6614563	1.1911962
-1.7967098	1.1759342
-2.1059039	1.6716386
-1.8183784	1.3410668
-2.1712792	2.472651
-2.06577	1.7426369
-1.9432486	2.0773792
-1.9575524	2.0833735
-1.9663056	2.0855331
-1.9673054	2.084483
-2.1549535	1.5970147
-2.2014682	1.6142719
-2.2044466	1.6131271
-2.2243977	1.5873548
-2.6904652	1.956042
-2.4920828	1.6650276
-2.2093172	1.5750935
-2.5756698	2.0682707
-2.0307252	1.2895689
-2.0466976	1.2954745
-2.5484781	1.6142107
-2.5543041	1.6126636
-2.010763	1.1419462
-2.1121035	1.2404255
-2.3111308	0.5982362
-2.3099756	0.5757384
-1.880129	1.0779012
-2.6084013	2.0022178
-2.713681	2.0475962
-3.3604126	2.3358188
-2.5399368	1.6057166
-2.602708	1.518353
-2.603326	1.5161146
-1.9359205	0.95549035
-1.9410405	0.95915765
-2.7609086	2.0864136
-3.3220797	2.058417
-2.6064847	0.8647167
-3.3306718	2.0582535
-3.0757048	1.6591023
-2.5282817	1.6740209
-2.6042337	1.7637683
-3.4269893	2.0812395
-2.7422276	2.2130733
-2.706602	2.022904
-2.5178297	1.7902743
-2.7707329	2.1669118
-2.8524384	2.2386982
-2.6618075	1.9012357
-2.922901	2.2690628
-2.8275442	2.2844286
-2.8284194	2.29655
-2.9290614	2.274374
-2.5596108	2.8660283
-2.2051609	2.2474542
-2.9469512	2.2730339
-3.0587518	2.8349812
-2.8207924	2.3269475
-2.8770323	2.1950738
-2.6382084	2.8379812
-3.2632914	2.7027884
-3.3039744	3.7029042
-3.1053398	3.5851262
-2.567274	1.8464698
-3.0960026	2.1461527
-4.0668616	3.4391468
-4.291629	2.6166935
-4.3173966	2.5703592
-3.9065914	2.3292859
-3.9002018	2.3338244
-3.5701299	1.0293256
-3.9572372	1.8845053
-3.5719972	1.5211748
-3.1149192	1.7887222
-4.0324593	1.5447663
-3.7522504	2.080358
-3.275883	2.0497339
-3.1102202	1.277911
-4.0031457	2.155391
-4.834173	3.0315115
-3.8911185	1.8216132
-3.962604	1.7937943
-3.6590145	0.83826536
-3.716843	2.3511493
-3.7116246	0.7224704
-3.3804665	2.3903596
-3.9453351	2.022753
-4.3027687	2.269847
-4.198423	1.5057489
-4.3161564	1.8020047
-4.3275824	1.3650255
-4.279747	1.3498118
-5.2177095	1.7164621
-3.4679499	1.8913866
-3.912402	1.7193227
-4.075069	1.9455041
-4.151977	1.6757244
-4.3893237	1.8190991
-5.3535323	1.9908241
-4.256536	2.0015953
-3.3222578	3.0483408
-1.4933765	-0.39120173
-1.3894866	-0.29816505
-3.0239756	0.10102382
-2.312816	-0.20020685
-2.297004	-0.22984503
-2.1029513	0.5557487
-1.5232955	-0.2706071
-1.9711841	1.2123682
-1.2707057	1.0468255
-3.5461936	1.0960866
-2.7565076	-0.0683024
-3.9011545	0.8611593
-3.9420345	0.9315944
-4.032609	1.0232834
-2.917897	-0.07620262
-2.2748446	0.17211719
-2.322709	0.13516645
-3.3836493	-0.67606604
1.5044487	0.51368743
2.9571707	0.5984704
2.6317408	0.13624024
2.6220827	0.15931308
3.352737	1.3675056
2.911622	0.61385113
2.9396417	0.5795697
2.3505034	1.0305362
2.4230313	1.1313342
2.4264421	1.0703133
2.6187608	1.6542144
2.5898714	1.6059129
2.5714357	1.5740875
2.2513013	1.0979844
2.2249453	1.0712574
2.8024306	0.7431968
2.6911457	0.66164947
2.9145153	-0.32468122
3.1100633	0.04862041
3.060526	-0.025285391
3.0231526	-0.027450986
3.0349457	-0.0004817769
2.7463992	-0.42133257
2.6539516	-0.80695426
2.4831736	-0.7915127
2.551732	-0.83021617
2.4782927	-0.8056693
2.5416625	-0.8430877
2.5658832	-0.8657456
2.5621626	-0.86888146
2.548637	-0.87244105
2.51167	-0.8055708
2.5016067	-0.84976053
2.509305	-0.87296754
2.2954156	-0.36171138
2.5332432	-0.8674799
2.325984	-0.38158077
2.4234622	-0.87189615
2.2758937	0.04002956
2.377861	-0.8991783
2.2926106	0.19113752
2.27499	-0.13788158
2.7840967	-0.058473643
2.2458239	-0.19491939
2.1945677	-0.33664438
2.4764335	-1.2556144
1.7281986	0.3932176
1.6973908	0.37256753
1.7844305	0.41476667
1.8440663	0.40270072
2.336559	1.0089995
2.2125053	1.148341
2.180356	1.1237988
2.2558856	0.9523673
2.2217498	0.90726525
2.1752028	0.92417634
1.9932991	0.92470527
1.9276755	0.9390604
1.9122818	0.7958424
1.3462167	0.226151
0.9831219	0.5117855
0.973805	0.5369479
0.8014369	0.5547958
1.191207	0.47673112
0.56645674	-0.27861273
0.6226749	-0.39271054
0.427122	0.3798271
0.81921375	0.30896997
0.67925394	-0.5874419
0.22791044	-0.5500049
0.3243266	-0.2908434
0.7574331	-0.2670532
1.0480592	0.459493
0.67805296	-0.110599786
0.7054104	0.21881804
0.63008964	0.07490252
0.73531824	-0.20451581
0.61447644	-0.33692586
0.7462094	-0.21148968
1.2032579	0.29181483
1.3948464	0.27274185
1.1837342	0.31274778
0.76616955	0.21504983
1.0816599	-0.305018
0.28064	-0.90661085
0.93897593	-0.8147424
0.6258076	-0.5316025
-0.3066779	-0.6754718
-0.72949135	-1.7119672
1.5294285	0.25528818
0.75049853	0.16106614
0.9384359	0.31570384
2.314063	1.155946
2.2816503	1.1322981
2.1863303	0.9917797
1.0811341	0.19440539
1.3417709	-0.48244745
1.3777152	-1.0019991
1.378031	-1.0366474
1.8094994	-0.4192986
1.7601923	-0.42262986
1.7266476	-0.44699103
1.7653484	0.1566069
1.7640371	-0.47321135
1.7147317	-0.5042799
1.280561	-0.49542925
1.5237406	-1.2432204
1.22834	-1.1886176
1.3189204	0.1939804
1.76674	0.0042336863
1.8222528	-0.30628172
1.4930596	-0.55892354
1.4982302	-2.1092927
1.1076541	-2.0080657
1.2532728	-1.5738324
0.84640104	-2.004082
0.48180556	-0.94227606
1.4589064	-1.9358885
1.3636503	-1.1584264
1.6264939	-1.2149345
0.83684146	-1.1734171
0.8626137	-1.763105
0.29603004	-1.3322392
-0.3358422	-1.0736501
-0.079016715	-1.4433218
-0.22328071	-0.93361795
-0.10293625	-1.0209134
-0.27906096	-0.9860318
-1.7687706	-1.8226823
-1.1770712	-1.8160003
-0.7931871	-1.247827
-0.82496786	-1.2673316
-0.97927797	-1.254942
-1.0062866	-1.2749684
-1.4349964	-1.852613
-1.0290087	-1.3478765
-0.60756207	-0.7468826
-0.6949315	-0.92513746
-0.951372	-0.8561513
-1.2435867	-1.4626144
-1.1767842	-0.11807595
-1.7566437	-2.0944443
-1.7776823	-2.2126117
-2.0142663	-2.0383866
-1.9541082	-2.3134212
-2.3291626	-1.7442302
-1.9650153	-2.3886456
-2.2863395	-1.5648654
-2.321886	-1.5749117
-2.7227283	-1.638949
1.4471573	-0.3705217
1.4156382	-0.54740375
1.3857491	-0.47796643
1.3665974	-0.50523555
1.3645948	-0.5072405
1.4042847	-0.55743396
1.3538203	-0.5137025
1.3560021	-0.49680287
1.3368462	-0.48713082
1.28473	-0.5649007
1.082638	-0.30901715
1.2941399	-0.6239015
1.2567284	-0.64898694
2.0791938	-1.042421
2.0489397	-1.0718459
2.0125363	-1.0775067
1.9786086	0.15923643
1.6633422	-1.3675615
1.6176224	-1.4017025
1.4484053	-0.91303927
0.9990571	0.34233814
0.5239662	-0.38377905
-0.90431935	-0.55128974
0.668989	-0.14514482
0.57051533	-0.28548962
0.7474343	-0.67997754
0.6114057	-0.83948505
0.5214825	-0.8979067
0.5604863	-0.8278056
-0.15600716	-0.9128726
0.3221841	-1.0296676
0.3734292	-0.92639804
2.200883	3.8783433
2.1093595	3.8572214
2.1350493	3.835011
2.136553	3.8437924
2.0874274	3.8631785
2.2365181	3.8351078
2.220156	3.8372965
2.2228408	3.8259943
2.2021682	3.8049746
2.1134124	3.6778772
2.0478263	3.8033547
2.153996	3.7694561
1.9925028	3.7554207
2.1734216	3.6583023
2.082345	3.7169065
1.9209177	3.716729
1.8937314	3.699742
2.7226167	3.4883382
1.9448664	3.7775543
1.9107591	3.790199
1.800981	3.5685725
1.821372	3.4707778
2.5225616	3.2850935
1.7643682	3.4401188
2.3821952	3.13282
1.6209295	3.312456
2.343352	3.080957
2.267296	2.7971683
2.666584	2.9503598
2.3338573	2.6388853
2.2530518	2.6571417
1.966176	2.6277254
1.9821486	2.9570541
1.5831624	3.0467494
1.9531944	3.0149367
1.8807974	2.6034834
1.3372178	2.2517533
0.7227178	2.6554978
0.78349805	2.19917
0.7015965	2.3497562
0.6558075	2.2657123
0.7402967	2.1911964
1.0020918	2.6400928
0.6760421	2.1502573
0.7735831	2.2315948
1.3449181	1.9705638
0.6648457	2.241535
0.4904968	2.3347042
0.5945355	2.189454
0.5276293	2.1867118
0.85088927	2.5909052
0.79107344	2.510106
-0.08447516	2.697436
0.22883005	3.1228876
-2.2660015	3.7757123
-2.205376	3.1481345
-2.2941253	3.0301485
-2.1853185	3.419913
-2.0826392	3.4705482
-1.6022103	3.2102234
-1.5748425	3.348685
-2.2246602	3.4441092
-2.298655	2.933177
-1.6232456	2.6362576
-1.4634115	2.0880754
-1.1941283	1.8710896
-1.7598047	1.968098
-1.9126797	1.9907618
-1.500891	1.6047825
-1.9238526	1.9155389
-1.5125711	1.6398252
-1.8598942	1.9826713
-2.1657386	1.4545465
-2.2404969	2.3253937
-2.4115558	2.0332608
-2.094593	1.6679199
-2.1710186	1.317441
-2.9248636	1.2064453
-2.5709581	0.8974426
-2.7126763	0.928277
-1.8985226	0.97874963
-3.4183316	1.6668911
-3.554483	1.479312
-3.451372	2.6386545
-3.3285093	3.1692166
-3.633128	2.9820385
-2.9989994	2.4081728
-2.750997	2.0186267
-2.912617	1.5949404
-2.9612358	1.6983367
-4.0665693	3.1263187
-3.6957965	2.6287925
-3.800135	2.6553636
-4.408307	3.2164638
-3.838643	2.3017735
-3.7468374	2.6723816
-3.6398423	2.503262
-4.082531	2.1422744
-3.977335	2.135956
-3.316011	1.4270546
-3.60298	1.1404239
-3.773122	1.2766372
-4.1484685	1.5045266
-4.576146	1.2726749
-4.5289855	1.4783221
-4.6209817	1.0406631
-4.505094	1.3763136
-4.5430727	1.0672333
-5.0236874	1.3194491
-3.8717134	2.0850742
-4.340396	0.775321
-3.7271407	0.97179806
-4.2862787	1.3918061
-4.1246834	0.26336807
-4.402838	1.2257029
-3.6317387	0.9115346
-3.5992877	0.054965563
-1.6374428	0.37087417
-1.6421388	0.3678889
-1.5346862	0.34857866
-1.6803534	0.34409752
-1.9304161	-0.27308545
-1.5966449	0.27104977
-1.6286483	0.24733488
-1.676163	0.35067248
-1.6953248	-0.25100318
-1.782135	-0.323161
-1.301256	-0.9571182
-1.1023302	-0.41629693
-1.1746792	-0.4617171
-1.993025	-0.37978864
-1.2012649	-0.5839902
-1.0813819	0.11165171
-1.3546848	-0.43796524
-1.1850996	0.07310744
-1.4312718	-0.48772976
-1.8352259	-1.3590021
1.1945989	1.273917
1.0095752	1.1776524
2.544565	1.4352756
2.6552083	1.5391153
2.9275959	0.63482624
2.8345993	1.3896407
2.3570907	-0.05235443
2.1058407	0.859834
2.244982	1.0340618
2.2424767	1.0295638
1.9732243	1.4342898
2.2775772	1.0270246
2.237196	1.0399716
2.8857667	0.7485662
2.6176462	1.1227436
1.9456117	1.404853
2.7835915	0.6400503
2.767073	0.6397579
2.7461636	0.63588125
2.3802812	1.6288965
3.0957093	0.65541655
3.0125277	0.69060284
2.9662254	0.6713221
2.9491901	0.6616904
3.2496436	1.1096509
3.2040975	1.071331
3.2181697	1.023706
2.9990523	-0.038112197
3.0163715	-0.025595663
3.2095757	0.4761712
2.7962525	0.8167881
2.1894093	-0.45180684
2.697562	-1.1437119
2.8841832	-0.25946623
2.5420475	-1.1920186
2.1954136	-0.7293665
2.673845	-1.2738031
2.4902847	-1.3007959
2.0738451	-1.01994
1.5791631	0.27025953
1.7129889	0.32848164
1.8549616	0.52837515
2.205559	1.096039
2.1683125	1.084072
2.2392845	0.9089971
2.1907985	0.7914952
2.0046175	0.8258315
1.9400545	0.8395414
1.9146374	0.8189632
0.3328442	0.33264086
1.4142958	0.25549573
1.4661654	-0.011333037
1.7332355	0.51337916
0.8539878	-0.19514138
1.147629	0.35349664
1.2229383	0.2911657
1.2439779	0.5190708
1.1226745	-0.40943775
0.33063456	-0.525635
0.32007694	-1.1965947
0.17723572	-0.36585698
0.24284561	-0.17194495
0.91031456	-0.113952786
0.6036395	-0.20691097
0.47680074	0.35754618
0.66249526	0.3605699
1.1832409	0.43559903
0.63999176	-0.1215985
0.33210394	-0.60959446
0.087635465	-0.7420205
1.0675927	-0.4304164
0.7995582	-0.16154292
1.2290355	-0.7000784
0.51668537	-0.9281117
-0.28400737	-1.3217024
-0.43306947	-1.6121471
-0.4196634	-0.89024645
-1.2263525	-1.1035371
-1.2421814	-1.1035154
-0.040382445	-0.11576532
-0.12875557	-0.6760226
-0.115252614	-0.7121035
-0.9884331	-1.107744
-1.0243189	-0.97465193
-1.2858403	-1.5623419
-1.1261675	-1.3223803
1.7814908	0.5996648
1.4895386	0.10144344
1.489955	0.20531389
0.8657577	0.110812664
1.9748505	0.49606466
2.254582	1.0706947
2.2119262	1.0477026
1.8686584	0.45794848
1.7282448	0.27459762
1.1685259	-0.46772432
0.8421263	-0.1914098
1.0501841	-0.122324385
0.8574008	0.21245125
1.4468298	0.7390468
1.5484142	0.79241997
1.9265383	-0.44846436
1.5159597	-0.008002259
1.6407989	-0.39456445
1.3726059	0.60706073
1.3694217	0.5826421
1.4294121	0.57281953
1.2824519	-0.18569744
1.2603025	0.2045729
1.007611	-0.38857177
0.9032361	-0.5214885
0.8134854	-0.25834924
0.36815363	-1.496355
0.80427635	-1.3824911
0.33225307	-1.9800426
0.22497158	-1.9920502
-0.4156033	-1.7304381
-0.4544744	-1.7499084
-0.35743225	-1.5064094
0.28123075	-1.2710125
0.13198566	-1.3963199
-0.9919732	-0.98003656
-1.1184845	-1.4169374
-1.0594274	-1.4130977
-1.0473777	-1.423834
-1.0896612	-1.4184453
-1.1168128	-1.4373895
-1.1998321	-1.5083706
-1.4212583	-1.4988475
-1.2343342	-0.8192645
-1.092585	-0.6099286
-1.9360316	-0.792367
-1.5893732	-0.63704777
-1.2006582	0.22156385
-2.2206874	-1.9704065
-1.2636672	-0.8138667
-1.7795033	-0.16095448
-2.0173466	0.25171092
-2.1838443	-0.39986145
-1.3199279	-0.5381624
-2.17713	-0.13685128
-1.5828165	-0.24427785
-1.6767551	-1.5571843
-1.811845	-0.84866464
-2.418258	-1.3296261
1.1643305	-0.8401312
0.5778495	-0.34353495
1.3945022	-0.5117898
0.6435367	-0.21959896
0.567174	-0.3487554
0.6107072	-0.3937586
1.412304	-0.3490497
0.6659539	-0.26921642
1.2928567	-0.30610836
1.2914833	-0.26160347
1.3116293	-0.57359236
1.2836349	-0.59933454
1.1984013	-0.804368
1.2404133	-0.7078626
1.0885326	-0.90148765
1.9686015	-1.1089128
1.0568478	-0.76537645
1.8947784	-1.1765774
-0.19545569	-0.95731366
-0.28622213	-1.0452673
1.4645787	-1.3149024
0.42125863	-1.1108273
0.39956748	-0.66665006
-0.48860013	-0.8503317
0.43503714	-0.9892682
-0.62229615	-0.47303584
0.36429048	-0.95918757
0.27833804	-1.1476718
2.3623803	3.8023114
1.6064378	4.099519
2.2356925	3.6103404
2.3571055	3.809569
1.6102096	4.0959525
2.228102	3.5855658
2.2231014	3.571483
2.2020893	3.571982
2.2707808	3.6058676
2.3087504	3.6839936
2.2666318	3.6593306
2.2420366	3.6538463
2.1081104	3.6489727
2.200971	3.6102529
2.2514458	3.541482
2.1562943	3.5753527
2.1930814	3.5077844
2.1429806	3.492105
2.0526342	3.5217984
2.0039864	3.4820867
2.025245	3.4216106
1.942142	3.4448416
1.9699911	3.381116
1.882584	3.4090853
1.9175512	3.343758
1.8913217	3.32534
1.8674121	3.3085957
2.2293868	2.6826558
2.370266	2.4060714
2.5745058	2.8206046
2.2453728	2.4137356
1.6446421	2.752013
2.2731342	2.4577324
2.2682848	2.4576359
2.566025	2.8162189
2.5612617	2.8173463
2.5614727	2.815403
2.2558582	2.4503162
2.5484226	2.816704
2.5188828	2.826755
2.5372393	2.8156986
2.4410303	2.9370697
2.0646083	2.6464436
2.5871246	2.726837
2.066002	2.4539573
2.033688	2.2407496
2.633557	2.673853
2.621073	2.559813
2.4838943	2.786508
1.8835803	2.5137703
1.9528934	2.3398278
1.5877044	2.2021117
1.8033288	2.1246867
1.6529969	2.4060688
0.90803885	1.7229105
0.76282674	2.2605247
0.79627156	2.1764367
0.7976032	2.1249652
-2.5005028	3.1881132
-2.9745796	3.3197424
-2.1766691	2.537318
-2.1954608	2.5329678
-2.2328193	2.5100434
-2.3109493	2.4980435
-2.2444618	2.4692857
-2.3205333	2.3270695
-2.50086	2.3136709
-2.0849245	1.5143899
-1.454025	1.3414818
-1.388812	1.2976156
-1.839214	1.7622083
-2.0580716	1.6923951
-1.4886389	1.4384544
-1.9509678	2.0036244
-1.6198373	2.0743697
-1.9239922	1.6535243
-2.034136	1.6810136
-2.5438411	2.039839
-2.4050956	1.6744156
-2.0042722	0.50823647
-2.3497741	1.8252804
-1.845314	0.9094363
-2.6871178	2.1910093
-2.9213922	1.6779268
-2.1108387	1.4721495
-2.3783433	1.9658614
-2.4847858	0.90688187
-2.6357481	0.9124091
-2.669786	1.1097076
-2.6473813	1.339421
-3.9007177	3.3113415
-3.7491138	3.8352299
-3.287113	3.0519116
-3.5385695	3.3867652
-3.9600666	2.638992
-3.7944393	2.1255732
-4.0222483	3.8539207
-4.1140275	2.4720132
-4.454855	3.0612469
-4.8481493	3.1196961
-4.780124	2.422266
-5.272624	2.762185
-4.892497	2.3177178
-4.8663225	2.052386
-4.270955	2.252453
-4.561667	1.2524664
-4.576911	1.2746596
-4.546658	1.2172246
-4.456355	0.9995407
-4.939578	1.9750667
-3.7828486	1.1887648
-3.7561111	1.7572578
-4.377843	2.05608
-4.4530272	2.5614161
-4.5568676	2.9600983
-5.071084	3.1159897
-4.6144085	2.9752614
-5.1835403	3.0983763
-1.1856515	0.8050266
-1.2630533	-0.8247282
-1.2934778	-0.3055668
-1.4818078	-0.52748626
-1.3363931	-0.096561834
-1.2298762	0.48497772
-1.1738241	0.017183421
-0.54803985	-0.10319653
-1.2660793	-0.106097326
-1.5100186	-0.09756601
-1.073389	-0.6508319
-0.87306094	-0.2676113
-1.1911626	-0.7377602
-1.1625664	-0.6181304
-2.0163794	-0.35811865
-3.2791626	-0.4786459
1.7119229	0.97861224
2.0888882	0.23888807
2.3676262	0.85276246
2.516881	0.17126036
2.5153966	0.17144671
2.827702	0.79040486
2.8089952	0.78902316
2.492839	0.14246058
1.1482627	0.74449486
2.1407342	0.9028073
2.1253014	0.8865738
1.4491749	1.1750598
2.462098	1.530411
2.0060284	0.79082334
1.7336683	1.8006874
1.2409158	2.0430832
1.1619058	2.034732
1.1736861	1.9652157
2.8718204	1.0253024
3.1489127	0.013095679
3.5868955	0.16213447
3.5786057	0.14872552
3.268754	-0.25166032
2.9624999	0.6709187
3.0100193	0.74074763
2.5678222	0.39348897
3.201648	1.1054301
3.2690966	1.2076981
3.1370077	0.17915733
3.0960922	0.101741076
3.0380437	0.09162237
3.2113302	0.46840578
3.1372824	0.47674343
3.1650374	0.40920708
2.4872346	0.4679313
1.9502228	0.30894175
1.869943	0.2278457
2.580783	0.2099421
2.135583	0.49451452
2.193055	0.42833948
2.314067	0.13517399
2.3220544	-0.12164074
1.9068885	0.25257206
1.8546423	-0.099497214
1.9075158	-0.006895367
2.0042527	0.3915019
2.1957986	1.1138383
2.1685064	1.0874138
2.1289256	1.0653394
1.9564581	1.0652431
1.7414275	0.9417692
1.7897092	0.8706205
1.2914301	0.52035284
0.97390413	0.50946015
1.5139328	0.65030795
1.5754396	-0.11063017
1.3379229	-0.29239097
1.3915066	0.17598437
1.3062336	0.09745338
1.2429109	0.6032595
0.6587525	0.3725541
0.9201963	0.18336628
1.035168	0.22026011
0.35861102	-0.5498104
0.9369129	0.025141971
0.96559453	-0.213629
1.132398	0.03130247
1.1311737	0.07282902
0.6239752	-0.07502251
1.1132662	0.49482858
1.0952768	-0.2327671
0.6642927	-0.17160393
0.35101315	-0.76756036
0.70649815	-0.5297744
0.720462	-0.3086905
-0.28854614	-1.1813698
-0.29476437	-1.1804757
-0.80061007	-1.2048436
-0.80384374	-1.2302734
-0.7830319	-1.2098815
-0.21546301	-1.0406977
-0.8787751	-0.985496
-0.8924759	-1.2151867
-0.7989999	-1.2174175
-0.2597168	-1.0510807
-0.29861882	-1.2121166
-0.35102096	-1.2450086
-0.2908613	-0.5536831
1.4906093	0.82539517
1.4206945	0.7159892
1.0735012	0.22432326
1.5479947	0.30952993
1.2838931	-0.18258204
1.2289677	0.31825337
1.6254734	0.8251761
1.4104018	0.25270426
1.2401711	0.139848
1.4962223	0.16582103
1.4581505	0.15479855
1.5511281	0.33159253
1.4116172	0.08037364
1.3415099	0.049433168
1.3369792	0.013198859
0.94869375	0.30876204
0.8821597	0.12436918
0.797082	-0.058057796
0.6314306	-0.69245327
0.8763802	-1.2573018
1.1405945	-1.5829203
0.94817877	-1.7993106
0.7931254	-1.3403132
0.865646	-1.8672116
1.1012163	-1.74688
0.7302537	-1.0800434
0.556778	-2.0904944
1.2107552	-1.9624029
0.5106588	-2.0610676
0.54441106	-1.8161021
0.47282737	-1.8498186
-0.28890067	-0.72428364
-0.65862006	-1.9455587
-1.124683	-1.2605962
-1.3411982	-1.451754
-1.3866894	-0.62457913
-1.9081943	-1.8680975
-0.9837223	-1.4316503
-0.95893526	-1.5272676
-0.6869878	-0.935084
-0.7311143	-0.9549953
-0.7597548	-0.9381568
-1.553659	-0.7257345
-1.6113329	-0.7094762
-2.1562963	-1.1783422
-2.1900444	-1.2315977
-2.4872994	-2.0877137
-2.2360501	-1.4631304
-2.3024304	-1.3779778
-2.713906	-1.3842201
-2.5190163	-1.7197821
1.1206784	-0.18538158
0.6071883	0.5443315
0.8786741	0.10364659
0.70659876	-0.31255284
1.4689075	-0.43192923
0.64133465	-0.31878525
1.4509951	-0.48592362
1.4543836	-0.44763827
1.4432873	-0.4880318
1.3962983	-0.42418793
1.4076562	-0.5088678
1.5413945	-0.10601908
1.4567902	-0.06725238
0.9019759	-0.19496065
1.4549345	-0.14831534
2.0989385	-0.9760525
2.1764553	-0.6032239
2.0037057	-0.13172404
1.4972768	-1.043333
1.5070406	-0.8389809
1.4404247	-0.917052
1.0038757	0.34782013
1.5751436	-0.4759283
1.7940221	-0.28905368
1.7701653	-0.12893726
1.4517775	-0.7292896
0.4253379	-0.3983451
0.5755563	-0.15327239
0.53375936	-0.2843703
1.5535092	-1.1168375
1.3317015	-0.77946573
1.1679835	-1.2117901
0.22950262	-0.44040093
-0.8173781	-0.8904776
-0.056145802	-0.91504544
-0.53074336	-0.5114518
0.6367948	-1.7840061
0.6527956	-1.6110777
2.2166228	3.570561
2.3286533	3.7445428
2.212531	3.5715778
2.3109684	3.7296677
2.160008	3.583213
2.1807804	3.5483813
2.2832036	3.7227037
2.2642505	3.6993067
2.1305468	3.5033915
2.2503796	3.6454673
2.245397	3.5764265
2.3349533	3.7519915
2.137476	3.6090038
1.9930832	3.3935492
2.0929286	3.572911
1.9399695	3.5715647
2.6186764	3.2090278
2.5835886	3.1883953
2.6692843	3.1525948
2.585874	3.2131367
2.61345	3.11564
2.5226953	3.1824207
2.572198	3.0761487
2.0139706	2.6241384
2.2801096	2.6221416
2.4011936	2.9891386
1.8929946	2.3399606
1.4312088	2.8899462
2.5770373	2.8575752
2.5286396	2.849696
2.5036073	2.8486476
1.9463576	2.315568
1.948093	2.1360912
1.806664	2.4624488
1.7419944	2.2249408
1.6533434	2.362511
1.5160093	1.9588553
1.0334831	2.5272796
1.0650417	2.6176348
0.5998021	2.2372346
0.7848866	2.9608982
1.1775079	2.596839
0.8662912	2.4687304
0.14186499	2.6202645
0.4385429	2.675771
0.44010982	3.2659342
0.7920043	2.438249
0.18447824	2.0863342
-0.087338336	2.132899
0.08709048	2.0160985
-2.0303018	3.6453495
-1.9222602	3.534609
-2.0297463	2.2227862
-2.0659256	2.2295678
-1.5863762	1.3587532
-2.0492373	1.6598736
-1.636882	1.2553259
-1.6289527	1.0192218
-1.7000716	0.9968982
-2.2325225	1.5104048
-1.831637	1.1148003
-1.8509119	1.0670317
-1.7862313	1.1402186
-2.5276318	1.454416
-2.6494787	1.7940294
-2.7311773	1.8905494
-2.5749784	2.2569125
-2.5906088	2.461832
-2.5878954	2.4970372
-2.4991305	2.1020772
-2.7130508	1.6522017
-2.743641	1.5998311
-2.4566054	1.1735777
-2.860928	1.5082257
-3.772654	1.7599671
-3.637098	2.0603888
-3.6546533	1.9273471
-2.8082354	1.5925598
-2.9054143	1.5269978
-2.6915698	1.9212557
-2.7779028	1.2737143
-3.7053561	2.531808
-4.017688	2.4663253
-3.1413224	1.4613044
-4.563924	3.4103613
-4.1154966	2.5048046
-4.0874214	2.3001122
-4.154118	2.4473963
-4.943792	3.3687906
-4.581861	2.8451064
-5.244703	2.1864078
-3.9750896	1.8315305
-4.0257096	1.7617824
-3.515976	2.4418406
-4.0429487	2.8127818
-3.7367592	2.4163551
-3.968368	2.3213844
-4.17253	2.6077492
-3.4463654	3.4887915
-3.9703174	3.1712217
-4.027226	4.075969
-3.363148	1.9115454
-3.9092104	1.8835276
-3.8409283	1.381519
-3.0683606	3.1193702
-3.1258807	2.8177428
-3.526759	2.7427652
-3.8896506	3.0571492
-3.6671786	3.1140344
-3.6808908	3.1175735
-3.8756745	2.5875223
-3.8009524	-0.4132408
-4.8694396	0.5031586
-4.9862833	0.5979851
-3.8667865	0.060044102
-3.9568021	-0.05942494
-4.1558166	0.5532323
-3.65311	0.18690626
-4.380265	0.661147
-4.5952024	0.56264436
-3.2782748	0.73767364
-4.763715	-0.39755177
-3.6639612	-0.1577789
