1.2668713	-1.6478924
1.3373703	-1.6787858
1.3372538	-1.6741456
1.2727667	-1.6421571
1.3381033	-1.674373
1.3386593	-1.6743122
0.5584486	-1.937977
0.9934058	-2.1539118
0.54624844	-2.1247041
0.84297204	-2.2844052
1.2193862	-1.8564748
1.2031723	-1.8657229
1.1499672	-1.9494655
1.6092917	-1.9865408
1.1531129	-1.3259325
1.2511353	-1.3918325
0.78660035	-1.1933359
0.78479344	-1.1942929
0.6316217	-1.4481105
0.45900434	-1.652578
0.63449544	-1.4292133
0.23774718	-1.8881475
0.25815266	-1.8860714
0.616678	-1.2976192
1.0418102	-0.29133487
1.1396736	-0.32367426
1.0419503	-0.2806708
0.56199086	-1.1703871
1.0550108	-0.2998989
1.05427	-0.2996749
1.0605565	-0.30465853
1.0613209	-0.30320185
1.1204244	-0.32235584
1.1286305	-0.34537143
1.2533009	-0.4114529
1.131192	-0.36410677
1.0133257	-1.3679346
0.72662306	-1.8911697
0.58318615	-1.2800783
0.3214494	-1.9722044
1.3817608	-0.83373374
0.7636031	-1.6880432
0.73951375	-1.6910461
0.529318	-1.2367228
0.8107682	-1.4403579
0.56858236	-1.6489649
0.6247332	-1.4678466
1.1498337	-1.3191305
0.7026017	-2.000553
0.61722773	-1.9142079
0.4249055	-2.1208422
-0.66562694	-1.6713461
0.9795829	-2.4453936
0.98150605	-1.8765243
1.0249422	-2.6753721
0.84131366	-2.1403224
1.882091	-1.1593194
0.8957816	-2.6916914
0.5428477	-2.1022596
0.25264448	-2.588471
0.103634655	-2.0814774
0.9080668	-1.6505967
0.43119383	-2.4887187
0.4634096	-2.513367
1.0017582	-1.7280697
-0.39797375	-2.359893
-0.8982339	-2.2224748
-0.99422234	-2.1504946
-0.2631594	-2.0083158
-0.30217534	-2.0292234
0.03637737	-2.4695296
-0.7337466	-2.7453458
-1.4007398	-2.7396533
-0.69070405	-2.7604363
-0.30487448	-1.4190823
-0.24889477	-1.50344
-0.4348336	-1.6420475
-0.43783575	-1.637867
-0.28041154	-1.724707
-0.44420624	-1.5762786
-0.3125763	-1.5571212
0.16908251	-0.75311565
-0.2855994	-1.2335536
0.7573874	-1.2271612
0.6680037	-0.42577422
1.798621	0.4828079
1.5706619	0.31153545
1.348477	-0.51688737
0.07649398	-1.2267259
1.4013946	-0.5625453
-0.3193357	-0.8881978
1.3186836	0.09767845
0.3647142	-0.7982239
1.354671	0.71366626
2.3504665	1.4672469
0.08564651	0.6619735
2.4170482	0.40450376
1.7934526	1.4143116
2.5440943	1.3684386
2.5171173	-0.18740997
1.4079	-0.62432224
2.118949	-0.61364037
2.0102727	0.3733021
0.62946796	-1.1784091
2.4152224	-0.92725205
1.9307946	-1.2540088
1.8452312	-1.5068214
1.8486172	-1.6977471
1.0473388	-1.4741362
0.5964509	-1.0369374
-0.0818273	-1.7557402
0.57348144	-2.3587363
0.6932533	-2.207345
1.9833074	-1.0796974
1.9807483	-1.1096292
1.9556273	-1.3330957
1.8767097	-1.0150018
2.3611894	-0.46838075
2.0265315	-1.0754155
2.009373	-1.0614372
2.2374926	-0.7471134
2.0461974	-1.1903166
1.9526747	-1.1609167
1.9533803	-1.1591018
1.9996641	-1.1457691
2.0583375	-1.0296625
1.9928503	-1.1145214
2.0756745	-1.1185075
1.7233473	-2.5512297
2.3920345	-1.4961456
2.5464532	-0.6243854
1.9108652	-0.82076246
1.7855293	-1.5007049
1.7391114	-0.5167385
2.5847065	-0.054891873
1.7458283	-0.48052818
2.2805367	0.22643965
1.5514979	-0.14850214
1.7854598	-0.18128935
2.2398736	-0.8316919
2.4449449	0.07124466
1.9079592	-0.49998602
1.9767754	0.21845001
2.1963172	0.08890887
1.9685024	0.2220033
1.9467422	0.2301071
2.1792233	-0.6211074
2.1579885	-0.6158455
1.9185143	-0.47678226
1.791798	0.60866696
1.4634777	0.2969708
1.1972854	0.19617742
1.0437634	-0.20446594
0.84205544	-1.0602958
1.1107755	-0.12796018
1.9198908	0.11472481
1.7373846	0.5601373
2.5766926	0.22760488
1.9400388	1.3882813
1.9609947	1.565557
1.4559044	0.9083921
2.1214147	1.1737905
2.0644045	1.3018124
1.0548286	0.41506055
1.2187699	-0.35300985
1.1689615	-0.42586222
1.0657879	-0.4636186
-0.769283	-0.5631742
-1.0503094	-0.45784867
-1.3945795	-0.7648194
-1.4414102	-0.7576447
-1.6583371	-0.990743
-1.4951009	-0.97937447
-1.1767317	-2.134646
-1.789975	-1.5528404
-1.2531015	-1.8226583
-1.2827026	-1.8646865
-1.5701632	-1.8815907
-2.649697	-1.3883431
-1.0353112	-1.3551985
-2.168497	-2.7274237
-2.0130138	-1.3134179
-2.224122	-2.7479978
-0.8880537	-2.4312108
-0.08236966	-0.3981645
-0.027423698	-1.2756665
-0.0861633	-1.368026
-0.2747072	-1.7117901
-0.039909035	-1.5283859
-1.2569225	-1.8470749
-0.07223973	-0.9870978
-0.38433862	-2.1713188
-0.85225636	-2.4423406
-1.6542222	-2.6753242
-0.081295535	-2.2216494
-0.7060562	-1.6321858
-0.7830664	-1.3243042
-0.1753403	-1.3269622
-1.3267628	-1.0902542
-1.1732345	-1.0241177
-0.7745416	-1.0551113
-0.3923213	-0.86439925
-1.0684601	-0.09521795
0.9206769	1.3520415
0.046007395	-0.19167487
0.13563746	-0.7742706
0.54730827	-0.7122697
0.1068539	-1.0196204
0.5116598	-0.33035603
0.9337457	0.44025642
0.7663582	-0.22778942
0.7974556	-0.23001476
-0.7926165	-0.8334581
0.51399356	-0.7310556
-0.06495172	-0.56712365
1.501981	0.47137868
-0.7543547	0.23914114
-0.45649248	-0.01850897
-0.3776731	0.5006143
1.4818819	-0.4472928
2.2154915	-0.25380078
1.7399915	0.4425221
1.5632588	-0.15360543
1.3957049	0.50712633
2.2968643	0.30148855
2.0631287	-0.47893345
1.7782383	0.55023694
1.8704505	0.7689098
1.1118226	0.030790241
1.3818797	-0.14777575
1.7294027	0.54484224
0.61311316	-0.41771898
1.3909619	0.5521791
0.100048825	-0.2427602
1.0368229	0.13987173
1.0022857	0.26975346
1.1534214	-0.34374616
1.4955037	1.1371217
1.6186202	1.0916299
1.6249789	0.2438126
1.8877052	0.1310468
1.4362261	0.17224188
1.7199827	-1.1853573
0.6422087	-1.368201
0.6490821	-1.3444697
1.117333	-1.4052371
1.1016026	-1.3919215
1.4712565	-2.9036214
-0.51758575	-1.41706
0.2285448	-1.6669972
-1.3092167	-2.364916
-0.9133217	-3.0259535
-0.5168511	-2.4490201
-0.92323416	-3.107793
-1.0995244	-2.2945793
-0.43075252	-3.231034
-0.6156989	-2.4899623
0.05991544	-2.593955
0.05636084	-2.5975559
-0.06703464	-2.4734266
-0.09770932	-2.5083237
-0.26855993	-1.7104527
-1.3533304	-1.5424563
-0.8403338	-2.751846
-0.7030448	-2.2358668
-0.20384261	-2.447392
-0.48558277	-2.3902228
0.13900426	-2.708402
0.29404396	-2.158956
1.3940098	-2.01999
1.4745499	-2.7168195
1.2133	-2.9109576
-0.07193112	-2.079461
0.13234201	-2.2391522
0.10865665	-2.2518933
-0.042458177	-2.929697
-0.14044112	-1.9805436
-0.99116415	-1.6889288
0.3347607	-2.0092466
-0.10435633	-2.4192982
-1.6793298	-1.6848624
-2.28754	-2.0915415
-2.4531827	-1.9027392
-2.0495722	-1.501008
-2.0131593	-1.5580091
-1.4960283	-1.8165826
-1.1897242	-2.833215
-1.3329524	-2.3434796
-1.530928	-2.6138308
-0.9348951	-2.9361117
-0.9501073	-2.9437957
-0.030923862	-2.296284
0.5071591	-2.879518
0.49407512	-2.891067
0.24975793	-3.3660038
-1.1137574	-3.136935
0.059857428	-2.5152209
-0.9074599	-2.7299047
-2.41564	-2.3327937
-1.3594921	-2.2483778
-2.1049562	-2.5547323
-1.3630995	-2.575228
-2.970189	-2.3900132
-3.1534605	-2.433196
-2.3882275	-2.397844
-0.93448794	-2.0454183
-1.1418765	-2.3349576
-1.4768142	-2.276296
-1.5556874	-2.174409
-1.4801798	-2.1949399
-1.6266618	-2.2167575
-1.5326146	-1.5338799
-1.5965	-2.2586432
-1.881357	-3.2172458
-2.465382	-3.2753456
-0.91684085	-3.323731
-0.25987342	-2.684089
0.016361788	-1.7055733
0.19513325	-1.9549503
0.2842932	-1.9733499
-0.6806883	-1.6382934
0.3875989	-1.5272537
0.8717832	-1.8088398
0.36089802	-2.4261615
-0.759098	-1.8323357
-0.54915994	-2.206724
-0.5324154	-1.6506968
1.7036049	-0.96421856
0.7947777	-0.62149805
0.77274805	-0.5087007
0.82266974	-0.36641017
0.49950784	-1.218853
1.1688318	-0.04531528
-0.2717355	-0.1754861
2.3792338	-0.9713278
2.4445517	-0.69709504
2.7989275	-0.269495
0.41750184	-0.33313993
1.1528163	-0.46928915
0.19636871	-0.36455593
1.0806332	-0.51216924
0.3407036	0.11999141
1.0965338	-0.4492861
0.9467829	0.8161184
2.7348633	0.22771102
2.765338	0.26748604
2.768062	0.2673159
2.7710445	0.26637888
2.770549	0.26676315
2.5353403	0.0672203
2.930661	0.18994026
2.9392276	-0.95832384
1.805845	-1.6023408
2.5745676	-1.7094605
2.5819795	-1.713443
1.5414917	-1.2261186
2.198207	-1.2255013
1.7857488	-1.711995
1.9351372	-1.6879131
1.859837	-0.58614665
1.8671551	-0.42177442
2.1025372	0.06546231
1.9127527	-0.6353906
1.7884063	-0.703729
2.4142396	-0.10716033
2.6661553	0.3420687
1.2461746	-0.2683836
2.6643527	0.48682487
3.0966623	0.30744356
2.7399883	0.7007784
2.3938694	0.9981955
1.4306808	-0.06861009
1.1949781	-0.45250222
2.1370182	0.14123428
2.3553073	-0.29827228
2.21561	0.33255026
1.7980944	-0.2450084
1.6361282	-0.52644897
2.2744036	-0.93136364
1.7299665	-0.43397376
2.0193548	0.19473515
2.0380278	0.38093293
1.92884	1.5004766
1.4956527	0.45337707
2.8301604	1.987329
2.7689981	3.4491909
0.6298836	3.4399712
1.2951422	2.95432
3.32355	2.713501
2.8471339	1.7799972
2.6141248	1.3137447
1.8450862	3.5239186
2.2138011	4.7153873
1.1966932	4.182287
1.380198	5.3287644
1.3838277	5.312119
1.3609903	4.740054
2.0473912	3.620412
3.1945395	2.5387795
1.8149129	3.8527832
1.8201542	4.8859363
1.8215419	4.886556
1.8165714	4.893016
2.255404	4.6853795
2.9657216	3.6613092
1.7433535	5.0703163
1.5627391	5.2926626
1.8728514	4.4633517
0.77570415	5.762131
1.5578519	4.114738
1.3342701	5.309792
2.0107074	4.995623
1.5350753	5.0081797
1.5205868	5.020083
1.5328997	5.0040584
1.5327264	5.00779
1.5342753	5.007512
2.319856	3.7755172
1.5250216	4.9918365
1.5224944	4.9889784
2.056009	3.372991
2.042908	3.3691716
2.3120697	3.706294
2.314292	3.6998427
2.4409616	3.6729255
2.4145443	3.6617846
2.4003196	3.6597986
0.27191883	2.4357412
0.27651426	2.5323741
0.5026876	2.8037198
0.108305395	1.8079242
-0.77972806	2.1807423
-0.6748481	2.6537027
-0.4704976	3.1847498
-0.5113802	3.1349823
0.14617983	3.0473435
0.1501645	3.0783455
0.14909588	3.0659387
-1.6011767	4.0464597
-1.4546169	4.0938163
-1.5407163	4.197916
-1.6763536	3.82944
-1.9803485	3.2780898
-1.7552283	3.8043993
-1.7731833	3.7883008
-1.9672313	3.3181272
-1.4342924	2.4163718
-2.6106384	3.9281912
-4.4142227	1.2461623
-4.4619417	1.2520963
-4.1616664	1.4937043
-4.8454247	1.6597122
-4.504775	1.2167435
-4.0433536	1.1353899
-4.2910767	0.4932807
-4.2399426	0.9666711
-4.2949457	0.89669657
-4.8360376	0.8258475
-5.0598855	0.21648818
-5.050847	0.19910106
-5.0483184	0.21990743
-5.304142	0.23757905
-5.071613	0.8431097
-5.3031197	0.23173004
-4.0977387	-0.3688678
-4.133629	-0.3546976
-3.8242884	0.2912018
-4.020893	-0.31309307
-4.0114517	-0.27513617
-4.1595416	-0.47921917
-4.3274755	-0.7910276
-4.0862265	-0.30486476
-5.5816793	1.167446
-3.736423	-0.35039178
-5.2829823	-0.13076162
-4.5219994	-0.2883305
-3.3242161	-0.6660788
-4.7073627	0.69585836
-3.4134312	-0.56713325
-4.0872636	0.6562565
-4.8910537	0.42605904
-4.959555	0.4226113
-4.2832046	0.41642448
-4.667073	0.5650302
-3.0332828	-0.36132753
-3.0474057	-0.45448318
-3.0759077	-0.47620076
-3.0061133	-0.69958204
-3.6398873	-0.06950027
-3.2806058	-1.0532011
-3.1391833	-1.0060661
-3.3135953	0.031280354
-3.0305839	-0.9089086
-2.4540238	-0.8103809
-2.4244728	-0.8232504
-2.1471741	-0.83146435
-0.84653664	-0.72982514
-0.85753137	-0.5549449
-0.9726307	-0.5300203
-2.7245984	0.17507693
-0.7880125	-1.1721065
-1.5722008	-0.42403886
-2.0925946	0.25855777
-0.8112897	-1.3111864
-0.8571586	-1.1649138
-2.3048933	-0.95937014
-2.0984907	-0.14410162
-2.2152429	-0.22892113
-3.0058763	-0.8502252
-2.8903737	0.50640786
-2.671041	-0.46349335
-2.5963361	0.13235766
-2.7444932	-0.75223756
-2.1646895	-1.2663256
-2.049963	-1.7134501
-0.6497014	-2.5051446
-0.65246075	-2.5364914
-2.412289	-1.6615396
-0.12885356	-2.2845447
-0.65487856	-2.193764
-1.3144755	-2.1230686
-2.300668	-3.1053047
-1.3394305	-1.8419449
-2.060814	-2.0847623
-2.6068873	-2.7067494
-3.7100508	-2.7715428
-4.8145595	-1.0944834
-3.4035249	-1.702811
-1.525794	-3.1158857
-1.019669	-2.4321136
-0.39937976	-2.2098308
-1.4623446	-2.758721
-1.5338111	-2.6049075
-2.093036	-2.9868026
-2.428455	-1.8852077
-0.47375816	-0.819263
-0.3911074	-1.5366089
-0.50037444	-2.4907444
-0.90286005	-2.044491
-0.76642	-2.5188186
0.12114276	-2.2531633
0.34188765	-1.8344952
0.12625955	-0.5973488
0.5743033	-0.7766437
1.3595386	-0.64767176
1.2016323	1.1929761
-0.18731791	0.56575507
1.6747836	-0.3146069
1.5775547	-0.4397846
0.9068507	-1.8782644
-0.30817157	-1.2907737
1.0622039	-0.03286101
0.56624144	-0.3759169
1.54191	0.48502392
1.9743358	0.15439193
2.1340249	0.07225249
2.269012	1.1521609
2.7440078	1.0768929
2.2728517	1.152838
2.5363116	1.5284269
2.023193	-0.47199154
2.1024697	-2.2249987
2.7929192	0.08259998
2.4104722	0.20048915
2.8063173	-0.011025362
0.10625014	-0.19968648
1.1948931	1.0801429
2.0058737	0.5187121
2.0811095	0.59696776
2.0175357	0.5093101
2.2597647	-0.46851876
2.0750415	-0.5327535
2.190865	0.9203534
2.6737068	-0.65123165
1.8476225	-2.4335158
2.0333283	-1.4311293
2.2926297	-1.6700225
2.2662456	-1.6947765
2.1079235	-1.6747335
2.1282365	-1.724372
1.4831344	-1.3069202
1.9830861	-2.0879786
1.6670274	-1.5705223
1.9217	-0.9479862
1.9301949	-0.949831
1.9224255	-0.950951
2.0569417	-1.0315499
2.0710275	-1.3300229
1.9791232	-1.12563
2.1686919	-0.61756015
1.9373542	-1.2293695
1.9619378	-1.2295157
1.8063271	-1.8445551
1.9569294	-1.9091157
1.9624553	-1.9061362
1.7835276	-1.9942211
1.838673	-1.6257015
1.8523399	-1.6361074
1.846323	-1.636996
2.9003084	-0.7688286
2.3897882	-0.5486636
2.5154057	-1.0277457
1.8564482	-1.0266228
1.8016697	-1.5175562
1.7332748	-0.55065846
2.070574	-0.6546219
2.6803977	-0.11636055
2.3510137	0.11189498
1.3713661	-0.4581861
1.3682427	-0.033833228
2.4256597	0.021296894
2.4919522	0.0054217917
2.2262866	0.09419185
2.3803513	0.03743325
1.9490026	0.21664323
2.2254086	0.10057152
2.2445831	0.1397374
2.2355747	0.13899043
2.2415392	0.1394704
2.2421184	0.13744217
2.2134306	0.100130215
2.234908	0.13608587
1.453835	-0.11119783
1.9631618	0.24022728
0.90952265	-0.8287456
1.6416196	-0.8522418
1.3845552	-0.0802643
1.408588	-0.0013475553
1.4086078	-0.8640493
1.3786398	-0.8636058
2.674774	1.0411601
2.2319157	0.48269612
2.3044066	1.5178924
2.589107	1.136971
2.580263	1.1133357
2.2253017	0.5467819
2.8175638	0.21268556
2.2554872	-0.34830505
2.805835	-0.18100227
2.2339451	-0.23881269
3.0736163	-0.0694914
2.305313	0.4055224
3.3721366	0.59956497
3.523046	0.62201506
1.5497181	-0.2866485
1.3040351	-0.56556374
0.731634	-0.48752558
-0.80665034	-1.4142518
-0.00767559	-0.6567196
0.26596707	-0.6487461
-1.5524933	-2.0186691
-0.76455694	-1.2615831
-0.5896196	-1.3031776
0.12097934	-1.1608185
0.5885471	-0.49128458
0.9577134	-0.9193771
0.8193956	-0.41982946
0.84860593	-0.83590376
-1.5688756	-1.9855474
-1.6274594	-1.4924477
-1.9947407	-1.8906881
-1.8717614	-2.7748706
-2.0494382	-2.876681
-2.1530526	-2.581332
-1.9345114	-2.531242
-2.618419	-3.1408966
-2.3626814	-2.5399778
-1.4383123	-1.5361472
-1.501743	-1.5977262
-1.5400752	-1.5185487
-1.2976438	-1.0118887
-0.9413227	-1.3122761
-2.489081	-2.3687124
-2.7672467	-0.9216246
-2.3175476	-2.045165
-1.4465288	-1.2346481
-1.36466	-1.3548782
-1.2513211	-0.8774341
-1.4377722	-1.861681
-0.37489653	-0.8225749
-1.7560139	-0.9660029
-0.0043867715	-0.92543805
-0.7419567	-0.9131657
-0.6495256	-1.6523504
-0.7756194	-0.3200259
-0.3922077	-0.6241811
0.19953394	-0.4912554
0.13924986	-0.38889113
0.47077924	-1.317113
-0.12924725	-0.69073105
1.275633	-0.8002482
1.282073	-0.98608965
1.6423897	-0.7118853
1.7864563	0.08269608
1.6921898	0.8793313
2.09032	0.6634247
1.4488733	0.4494198
-0.04754597	0.32263246
-0.5415865	-1.2166446
-0.6356988	-1.4007399
-0.80352455	-1.4841746
-0.89179426	-1.5223837
-0.8531808	-2.0940237
-1.5175923	-2.0099947
-0.07414843	-2.0043104
-0.013348311	-1.8384221
0.17190321	-1.7553533
0.89018404	-0.5599425
0.49320447	-1.0867395
0.4926426	-0.7725651
-0.06478327	-1.2222058
0.79629165	-1.3772665
0.109637015	-1.3993254
0.10372531	-1.396161
0.019964095	-1.2068224
-0.41275904	-1.4826895
0.28304043	-0.82963794
-0.07713717	-1.5355451
-0.21112266	-1.5454135
0.21935531	-0.94267356
-0.21797138	-1.9259429
-0.22644693	-1.9107265
-0.64404553	-1.4619417
-0.4370986	-2.2865217
0.509254	-2.672676
0.65131146	-3.115299
0.6442963	-3.1231318
0.39068258	-2.835882
0.25122178	-2.8207808
0.55947673	-2.8558152
0.5619651	-2.8556335
0.9707712	-3.332824
0.24122548	-3.2162502
0.110241376	-3.1671526
0.34628704	-3.423308
0.13321637	-3.1882656
0.5222038	-3.2320452
0.48297247	-3.2393727
0.35901856	-3.2649472
0.68979543	-3.0887926
1.5147309	-3.3050928
1.0977212	-3.1119626
1.6921974	-1.8351107
0.9136094	-2.5011704
1.2761908	-2.3183632
1.4188981	-2.2923367
2.207488	-2.6230729
1.5178596	-2.8394768
2.203674	-2.6255379
2.0735772	-2.6656237
2.7980049	-2.7805974
1.9190826	-3.0328789
2.206388	-2.6256132
1.4166331	-2.2921658
0.729715	-2.5070093
1.4420246	-2.072936
1.4394457	-2.077948
2.2502244	-2.307158
1.0613909	-2.6693428
1.2730432	-2.3250396
1.4282769	-2.1250012
1.687649	-2.4296045
1.373723	-3.147215
0.39547187	-3.375661
-0.50001585	-2.7750092
0.4696279	-2.521573
0.17366177	-1.2912618
1.0673312	-2.3273947
1.0891572	-3.0894265
0.6858947	-2.7128808
1.1641154	-2.5651531
0.6273191	-2.8627687
0.70571697	-2.1094975
0.7941148	-3.0429003
0.78321147	-2.8391128
0.7789751	-2.8663976
0.76868683	-2.869242
0.64531994	-2.4760249
1.1648073	-2.5304568
1.1496878	-2.555451
0.8275819	-2.2530866
1.5956373	-2.5307496
0.12744495	-2.4649894
-0.31456202	-3.1845284
-0.2992843	-3.0208275
-0.7159978	-2.247188
-0.4909731	-2.3920488
0.12493558	-2.0365446
-0.13149354	-1.8111626
-1.1614592	-1.6624001
-1.1630749	-1.6996863
-0.2977473	-0.9774496
-1.196759	-1.7214941
-0.640768	-1.5741748
-0.8273669	-1.8498752
-1.5043539	-2.2448375
-1.4306812	-1.8325104
-1.4340394	-2.2546449
-1.6129392	-1.1261333
-1.0309122	-1.1863239
-1.5188024	-1.3911244
-0.8572919	-1.3553462
-0.49019098	-1.5953146
-1.4943914	-1.0933076
-0.56070614	-0.96383727
-0.022971034	-0.83590245
-0.62299705	-0.9939968
-0.34537113	-0.7609367
-0.3580336	-1.9172376
-0.38095513	-1.933569
0.09576067	-1.8818657
0.25416473	-2.1432948
0.7277043	-1.7519369
0.2607283	-2.1422203
0.25924817	-2.1440146
-0.5023016	-1.5280617
0.331422	-0.741075
0.12268256	-1.6620483
-2.329458	-1.476805
-2.0946999	-2.7268503
-1.24037	-2.5004911
-0.4886713	-1.4379497
0.4895044	-0.9681819
-1.3729632	-0.9616598
-1.1282132	0.31489253
0.07080132	-0.45235467
2.0515313	-0.2169186
0.4224481	0.8089439
1.1221738	1.3913605
1.0261776	0.09339007
0.48971	-0.4293506
0.5886344	-0.44947067
0.16280206	-0.94882077
1.0424961	0.08131922
0.6874368	-0.35782334
1.6080828	-0.5319307
0.23461822	-0.45838022
1.6900516	-0.31508666
1.8590722	-0.43977237
1.9334456	-0.5095533
2.9485214	-0.79521316
1.7818284	-0.631511
1.7319754	-0.68767697
0.7175257	-0.25825945
1.6598661	-0.7453123
1.4570308	-0.47084847
0.4023507	0.0064651854
0.5022736	-0.46565187
1.9632758	0.14202872
2.627028	0.2030993
2.754413	0.4196439
2.3346882	-0.2457018
2.340866	-0.24748902
1.9866666	-0.9926033
1.9717281	-1.0158471
1.7104739	-1.6668819
2.117684	-1.8180839
2.3041022	-0.9542511
1.8987191	-0.5701864
1.3591702	-0.13047718
2.0405846	-0.8692799
2.506645	-0.13120453
2.4900713	-0.30174965
2.1170125	-1.0834917
1.9650704	-0.96619153
1.8570564	-0.84851956
0.9985263	-0.36705106
2.6698568	0.4886688
1.4631239	-0.9477406
1.4409539	-0.43236765
1.6560721	-0.19949175
2.9617863	-0.05865471
2.5867586	0.6486617
1.3224149	-0.20649002
1.5391412	0.15494622
1.6306396	0.64346933
2.0969913	0.2914274
1.8679606	-0.28808397
2.15945	-0.18045555
1.949342	-0.23425765
2.115996	-0.41774434
2.4408398	-0.19316784
0.6457792	0.6915284
1.5049312	-0.33700734
1.3630018	0.9545925
1.844343	1.683173
1.5926098	1.1652936
1.8789324	2.6428664
1.3146778	2.4117377
2.0407348	2.9129221
2.8498335	0.8894015
2.2532098	2.6334767
1.4291283	2.6294904
1.420466	2.6036692
1.4233605	3.6909537
1.8864143	4.4910145
1.9337132	4.511522
1.9849411	3.9533322
2.6068006	2.8574364
2.0244093	4.522903
2.045196	4.528469
2.255393	4.499634
2.015376	3.8625894
0.84241325	3.72235
1.9794271	3.8237078
1.8244529	3.8246043
2.182093	2.9001074
2.19117	2.8849645
1.660251	3.2700536
1.7339933	3.326864
0.687164	3.811362
1.5947754	4.298891
2.4636893	3.9453387
1.6406007	4.3030634
2.1770113	3.5482044
1.9152833	2.9414597
1.8414185	4.019812
1.1648097	4.4861975
1.7431289	3.0600717
0.93381315	3.1733902
0.5249326	2.5357776
0.5732004	2.7653115
0.9509104	2.6031556
0.74356496	2.626194
1.1719798	1.8139398
0.34083217	2.4739451
0.6773839	1.9526683
0.628087	1.9059654
0.6160158	1.9106504
0.5358982	1.7516536
0.5658252	1.8368597
0.1292101	2.2908425
0.097029194	2.2455618
0.09164257	2.2279208
0.056135945	2.2080367
0.11156459	2.3594315
0.51670235	1.5942532
-0.8478795	3.0060236
-0.8585466	2.9952924
-0.9490418	2.8790321
-0.47874653	2.4010231
-1.0792387	2.677834
-0.40050256	2.8853056
-0.6573344	2.4329162
-0.4623663	2.6190581
-0.5668609	2.6061463
-0.46381187	2.563491
-0.5167371	2.441782
-0.96780336	2.279964
-2.1007535	3.9861903
-1.8726199	3.9171326
-1.5157806	4.037368
-1.5793182	4.0281143
-0.64349896	3.3079767
-1.2172358	3.7240477
-0.8005158	3.8158624
-1.4920405	3.3944588
-2.5245373	3.9697375
-2.49508	4.1754847
-2.4393137	4.308726
-2.4484873	4.2283516
-2.3364372	4.227248
-1.6743633	3.104583
-4.614833	1.3275623
-4.3388886	1.9587637
-5.2236986	1.0326301
-4.5313554	1.749932
-5.057661	1.649957
-4.6735983	0.22985405
-4.9817896	1.6669558
-4.2107925	1.0182775
-3.9461393	1.1069291
-3.9746814	1.0467275
-3.431351	1.1715572
-3.8522403	1.4973218
-3.4971974	1.0683838
-3.4806924	1.0405549
-3.9915905	0.92169094
-4.7218313	0.8416903
-4.7597966	0.7046038
-4.9786196	0.078990005
-4.937054	0.8139969
-4.9826026	0.7406106
-5.188902	0.13731715
-5.2026744	0.11674883
-4.956024	0.74223685
-3.7532644	0.362091
-3.9809194	-0.33593807
-3.8141809	0.27057436
-4.040499	-0.33055785
-4.036507	-0.3263046
-4.9819584	0.75040185
-4.1265144	-0.51768327
-4.1504207	-0.38980964
-5.9821835	1.6449047
-4.8177633	0.794482
-4.089229	0.0987574
-2.2967534	-0.64067084
-4.010814	0.2845837
-3.316411	-0.6517483
-3.557602	-0.6382404
-3.192889	-0.39926443
-3.1744356	-0.44599348
-4.1880946	0.54187995
-3.5163882	-0.37507412
-3.2376642	1.2558385
-3.0448174	-0.5297256
-3.001895	-0.60258365
-3.8843799	-0.5846608
-3.181417	-0.9460026
-3.2188478	-1.1372708
-2.39136	-0.49878258
-3.1320837	-0.38854122
-2.2193997	-1.0302312
-2.2869062	-1.0194229
-2.385522	-0.68900585
-1.0434693	-1.5124388
-0.8429082	-0.8965084
-2.6966612	0.19722797
-2.7047362	-0.8141979
-1.4381424	-0.94821626
-2.0910034	-1.0818033
-2.1546824	0.21620324
-1.690291	-1.1376184
-1.0605881	-1.897758
-0.92411786	-1.9607626
-2.5391078	-0.827916
-1.2248207	-1.1393181
-2.1930575	-0.3030723
-2.2924523	-0.9430108
-1.5949271	-0.8459426
-2.7599962	-1.1165246
-1.500978	-1.0900699
-4.3005056	-1.2350632
-3.9371243	-1.6962029
-2.7378106	-2.252777
-2.6987574	-2.3448346
-3.6903496	-2.8988178
-2.9514873	-2.6938226
-2.6989155	-2.3375263
-2.9431808	-2.6959112
-1.696112	-3.1524274
-1.69021	-3.1552875
-1.689337	-2.5339742
-1.6525872	-2.569482
-0.7024788	-2.717353
-1.6198086	-3.3210032
-1.4759387	-3.1958814
-2.3607597	-3.0363314
-2.722666	-2.504575
-2.916419	-2.472809
-2.9507987	-3.1229649
-3.0689552	-2.7812717
-2.713015	-3.084798
-1.9953754	-2.8965924
-2.4113216	-3.445519
-2.4599202	-3.5406258
-2.8305004	-3.414302
-1.718954	-3.079596
-2.221742	-3.2436292
-1.562099	-2.7016835
-1.6186666	-3.081813
-0.4509101	-1.9656119
-0.788472	-2.637049
-0.78213865	-2.6412525
-1.6770988	-3.716758
-1.3707601	-2.894516
-0.8274482	-2.014209
1.1418449	-0.17233528
0.49220616	-1.1736156
1.5862218	-0.9891778
2.4092212	0.14735244
2.4015226	-0.83961236
0.49603444	-0.6217805
1.9212017	-0.72982526
1.6923659	-0.4621719
1.1254781	-1.038396
1.5561496	0.85199124
1.0952986	-0.29613793
0.72778887	0.63039166
2.734568	-0.058481168
2.908267	-1.1179254
3.0546603	-0.021371562
3.3903077	0.3192001
2.8699427	-0.30270225
3.034173	-0.051698074
2.6850464	1.5270253
2.3401802	1.0455478
2.6082525	0.0686298
1.8705554	0.31154305
1.8456899	0.28646088
2.5654054	0.074783504
2.9858384	0.16170919
2.5040128	0.05931705
3.2472901	0.59474
2.9284215	0.17867516
3.2246528	0.5918197
2.468596	-1.401005
1.9374734	-1.4774014
1.8182412	-1.5618844
2.1492984	-0.61822134
1.8566366	-1.4739877
1.7711298	-1.9243507
2.035231	-1.2238545
2.185049	-0.91983986
2.1284053	-0.0036906782
2.334944	-0.36979666
1.78288	-0.5221248
2.119848	-0.67741257
1.828657	-0.50038797
1.7862825	-0.5975427
2.509803	-0.52319103
2.1983266	-0.39020464
1.3121694	-1.2078048
0.9599857	-1.1973737
2.0033536	-0.4703089
2.1347225	-0.14090168
1.162487	-1.2288479
1.7747765	-1.0375483
1.7720104	-1.0757433
1.8199723	0.28911182
1.784235	-0.8849298
1.0777074	-0.8376078
1.2193313	-0.52641726
2.2797108	0.07876699
2.205055	-0.04090101
1.2643882	-1.4164163
2.1751432	-0.13044855
2.0510726	-0.996516
2.0968492	-0.93739694
2.0891707	-0.9330111
1.806575	-0.83236724
2.0915337	-0.9676197
2.102604	-0.9726435
1.5585823	-0.2945222
1.588448	-0.30272704
2.3005257	-0.06979274
2.454519	-0.0073147034
2.443565	-0.014954381
2.0493484	0.1999027
2.6170764	-0.025132319
-0.046437733	-1.3857592
1.0466597	-1.1048297
0.39294934	-0.7379046
0.07363838	-0.9408556
0.52479094	-1.2252508
-0.032196753	-0.8941028
0.5717703	-0.58543766
-0.44872186	-0.87123984
0.59061104	-1.2938488
0.22253427	-1.2418052
-0.6896404	-1.4036572
-0.4373455	-0.64944303
-0.5161157	-1.1455367
-0.5428687	-1.2546066
-0.5428073	-1.2533076
0.72544646	-0.23668404
0.46411508	-0.3593588
-0.73195666	-1.5194468
0.43895364	-0.98607504
-0.6676947	-2.2590644
-0.7939589	-2.2996554
-1.2146978	-2.2523978
-0.9674305	-1.7706413
-0.8576484	-1.7674046
-0.47437292	-2.0956452
0.30088204	-1.2556468
0.1313898	-1.0606213
-0.7136525	-1.2619674
0.8891946	-0.9318417
0.08172536	-1.0448834
0.95343316	-0.9391523
-0.65183085	-1.2812184
0.09339131	-1.8926742
-0.38016814	-1.2459903
-1.027416	-0.84316576
0.41197678	-1.2330246
-1.9579833	-2.4414456
-0.5858624	-0.956349
-0.041499972	-1.471375
-0.6842116	-1.5433067
0.18619211	-1.3520861
0.1965612	-1.3544571
0.19937755	-1.3512853
0.20066133	-1.3518912
0.22289512	-1.3487737
0.24407159	-1.3627291
-0.65788114	-1.4508553
-0.6423718	-1.4294255
-1.6053493	-1.98767
-1.619688	-1.9888151
-1.495045	-1.9482976
-0.9746499	-1.8122259
-0.91919625	-1.3239684
-0.7396393	-1.7699565
-0.93779355	-0.69334793
0.31674284	0.5753616
0.20360726	0.5594413
0.31131667	0.15910712
1.406241	-0.70826155
1.2770349	-0.7660552
-0.473913	-1.5962235
-0.25965267	-1.1208719
0.2654877	-0.22236662
1.2377927	-0.7900524
1.7233309	-0.39446244
1.8206596	0.10400702
2.1435695	0.7018852
2.0333924	-0.24443373
1.7571677	-0.13069096
1.7552563	-0.13176984
1.8525623	0.07814738
1.8314929	0.07134508
1.8293427	0.07070738
1.8449563	0.077028096
1.748562	-0.13469565
1.8414484	0.07550144
1.8485638	0.07979058
1.8423414	0.07801152
1.7510021	-0.13599896
1.675573	-0.14196871
1.727579	-0.14694883
1.7396445	-0.14631888
1.5815651	-0.6068297
1.5607382	-0.6178993
1.8212996	-0.7511876
1.9053519	0.31351325
1.6422226	0.6663796
1.6003628	0.63612384
1.1951302	0.008032609
1.6767095	0.5276898
1.5792489	-0.20893294
0.04173921	-2.120528
-0.6735698	-1.8212249
-0.0046875775	-2.6628582
-0.56048036	-1.4152616
-0.60168946	-1.4318396
-0.53561705	-1.4862336
0.55407953	-2.1950085
0.13118364	-1.5678054
0.53756994	-2.4984438
0.5063446	-2.51927
0.20630558	-3.1005166
0.23626879	-3.3024132
0.47416824	-2.7526326
-0.07858851	-2.6961706
-0.6038101	-3.0542026
-0.2581136	-3.1529837
-0.5857773	-2.7717817
-0.37222555	-3.123529
-0.88974774	-2.9692535
-0.964114	-2.7501314
-0.76182604	-3.0286143
-0.99994314	-3.0497222
-0.8293674	-3.102505
-1.0025238	-3.0672054
-0.92056966	-3.0458245
-0.32974195	-3.344501
-1.6112168	-2.7001529
-0.9839087	-2.9973798
0.035042495	-2.8945386
0.14580894	-2.7718306
0.29314637	-2.4824646
0.4607462	-1.9537901
0.49640453	-1.9296205
0.45696574	-1.9731973
0.21690094	-2.3322968
0.49354097	-1.928738
0.4952925	-1.9263905
0.44875282	-1.9985889
0.44409657	-1.9918524
0.46194774	-1.9757407
0.47744036	-1.9314058
0.46371806	-1.9289494
0.4829968	-1.9253918
0.9354146	-1.8690364
0.7072032	-1.8908336
0.5273968	-1.8875108
0.9398454	-1.8946031
0.7060143	-1.9188966
0.6152414	-1.9445103
0.66759646	-1.8994256
0.20644704	-2.4051707
0.6661133	-2.3597145
-0.04053428	-2.133251
0.15637392	-2.455165
0.2068246	-2.0464506
0.3547368	-2.3784947
-0.24281885	-2.857056
-0.15218493	-2.6038213
-1.3868326	-1.9065033
-0.10413219	-2.8153405
-0.4439753	-2.7978015
-1.7708864	-2.294789
-1.6818308	-2.4389658
-1.4923906	-2.3976188
-1.9478408	-1.7691349
-1.5751555	-2.0934758
-1.7612722	-2.1085734
-0.17146733	-2.8122554
-0.19750431	-3.0515003
-0.15042509	-2.8681724
-0.15533957	-2.876682
-0.020066924	-2.8495638
-0.024618484	-2.881584
-0.043322153	-2.8860326
-0.086928174	-2.8692362
-0.24184859	-3.0685854
-0.059829675	-3.0738385
-0.071218535	-3.0924897
-0.053545564	-2.6693428
-0.575456	-2.1705632
-1.1117709	-2.3898365
-0.1900818	-2.1207812
-0.5703937	-2.2684312
-1.1272538	-2.1317296
-1.0689467	-2.1175578
-1.1690277	-2.1289034
-0.9990796	-2.0646064
-1.2699163	-2.1109517
-0.4331441	-1.1247091
-0.8375818	-1.5538753
-3.2195752	-1.9631959
-2.2979338	-2.5475788
-2.5581594	-1.7526611
-1.3969141	-1.5132025
-2.1232135	-1.6693631
-1.281786	-1.5477823
-1.375362	-2.9983122
-0.28415224	-2.6289117
-1.0440862	-2.170312
-1.6009703	-0.6595103
-0.9390663	-0.8678923
-0.6296654	-1.7259046
-0.93734854	-0.8697499
-1.2264782	-1.5036732
-1.1287256	-1.4454237
-0.64673305	-1.0791644
-0.9884436	-1.6396858
-1.0645804	-1.7748171
-0.9615381	-2.2893147
-1.136382	-2.2343235
-0.7851141	-2.2186081
-1.9004464	-2.236617
-1.9359567	-1.6763804
-0.44023946	-1.4264749
-0.49622503	0.15304121
-0.3693174	-0.584722
-0.1897509	-0.68780684
-0.27132237	-0.46726394
-0.016060114	-0.4646218
0.54877347	-0.80575806
0.5401756	-0.63980836
1.250148	-1.1464832
1.9717263	-1.187679
1.1990052	-0.86920345
0.477597	-0.58066046
0.56801355	0.28034
0.18409312	0.06334762
0.39514554	-0.03924708
-0.45033875	-1.4885125
-0.9994615	-0.9665013
-0.064799935	-0.882338
-0.46351963	-1.0863998
-0.7533433	-1.1358999
-0.13533574	-0.8799277
-0.21566735	-1.0691836
0.8405131	-1.4603933
1.0383152	-0.92163503
1.7510848	-0.91639394
0.9972919	-0.2783981
2.1466386	-0.8913002
1.9652712	-0.96868056
2.149427	-0.88850766
2.1499043	-1.0739691
1.9670392	-1.4638284
1.7692245	-1.517538
1.2126153	-1.317169
1.0267476	-1.169596
0.5102566	-1.3255239
0.07943623	-0.9700062
-0.19869222	-1.2707065
-0.19167449	-1.2673035
0.109021224	-2.4587402
0.7369369	-1.4563067
-0.62566197	-1.7103304
-0.6919643	-1.2883598
1.0147142	-0.8963421
1.4987639	-0.8604428
2.4614573	-0.8903617
1.6599395	-0.65310234
1.7843121	-0.6034069
1.7280766	-0.3745054
2.189332	-0.5771933
1.5730406	-0.8970174
2.5292013	-0.81730556
1.8478086	-1.3135997
1.2364463	-1.2745769
1.8178643	-1.438664
1.028397	-1.7141312
2.116762	-0.14706667
1.9737135	0.45806983
1.6083727	-0.004609054
1.9298998	-0.20650662
2.2271066	-0.027492717
2.0080266	-1.1179451
2.4788594	0.20428024
1.7086327	-0.0039969683
2.3878522	0.21954653
2.1926723	1.1770053
3.0912073	2.6469965
2.3884244	1.2819706
2.3634334	1.4666619
2.7322176	2.0342722
2.642827	2.142417
1.8119906	1.3258609
1.8949316	3.057353
2.3860698	3.021755
2.2995958	2.9694164
2.7065754	3.0267317
1.9598793	3.9300895
2.3322315	3.4011025
2.0853524	3.3641367
2.178462	2.8662245
2.554243	3.07379
1.9877203	2.230899
2.440142	3.031873
2.5732064	2.8567572
2.8719587	2.8443182
3.31265	2.6336963
3.4711187	2.820134
3.4738379	2.8190293
3.4774485	2.8167312
3.1053972	2.7308364
2.7749152	2.8912687
2.0411344	3.2556129
1.9493254	3.261559
2.1705084	2.9097073
1.9710311	3.31547
2.2006724	3.7971087
2.329679	3.775924
2.1940143	2.6255603
-0.5688868	2.450487
-0.41533774	2.8428082
-0.2785612	2.642564
-0.94075996	3.115646
-1.1069899	2.9143088
-1.1998384	3.0079215
-1.2607098	2.9982576
-1.4619086	2.888834
-1.8896408	4.0181327
-1.8807288	3.5516052
-1.8610014	3.7160084
-1.7828293	3.2850165
-1.8728532	3.1143649
-5.1903152	2.781799
-3.7501905	2.6859286
-4.486223	3.1489277
-4.4105678	4.280193
-5.403798	5.3294764
-4.7025104	4.939036
-5.162539	5.310066
-4.9761243	4.1134114
-5.086246	3.5097241
-5.840042	4.4120736
-5.330863	4.076887
-5.646978	4.1912107
-5.87895	4.344319
-6.059393	3.2464924
-5.587027	3.9639435
-4.935402	3.1109376
-5.3205113	3.511575
-4.88289	3.1150727
-6.105308	3.577389
-5.082846	2.3887522
-5.2876606	2.1103246
-4.4685903	3.0508583
-4.3431945	2.3188171
-5.210083	1.8826494
-4.496586	2.7195454
-4.7295594	1.9447646
-5.643975	2.5618882
-5.122085	1.2207257
-4.6668944	1.2345523
-5.173933	2.4089603
-4.8485413	2.080846
-5.21354	1.8097672
-5.403202	1.6153278
-4.4117217	1.7603939
-4.455868	1.1069633
-5.454571	1.8917737
-5.3574767	0.4676894
-5.2559495	0.5008693
-5.334516	1.3860497
-5.831491	0.59981513
-5.7693634	2.503109
-6.849721	2.0948446
-3.7562184	-0.046537265
-4.388396	-0.087555334
-5.4797444	0.30397725
-5.125765	0.9938527
-4.616674	0.9564703
-3.708991	-0.2166909
-4.1347356	0.7662275
-3.799754	-0.52167153
-3.8046627	0.19718331
-2.819618	-0.24805087
-2.6922076	-0.25616848
-2.6944518	-0.4218786
-4.0477514	1.8492024
-4.045345	1.849786
-3.3306527	0.6322495
-3.8401632	2.3802202
-4.066468	1.8468571
-3.38368	0.054436162
-1.9160974	-0.96257955
-3.318312	-0.739802
-2.7608914	-1.0148364
-3.3838325	-1.0911835
-2.6532385	-0.8786259
-2.6393647	-2.0767517
-4.08232	-0.8058056
-4.0545096	-0.74507827
-2.8372917	-0.52149147
-2.9229922	-0.6864103
-2.4172513	-1.1979798
-1.4595311	-1.2296599
-3.7823176	-1.5005233
-2.8966022	-1.7176017
-2.9066637	-1.6712986
-2.8404946	-1.7468776
-2.9062693	-1.6748686
-2.8567488	-1.7212651
-3.3954115	-1.7293801
-3.5937364	-1.2752886
-3.3983788	-0.7104777
-1.8424343	-1.3378544
-2.729148	-1.1397127
-2.1152596	-1.2850744
-3.1889644	-0.94392383
-2.306164	-0.9644694
-1.5413016	-1.0948797
-2.836112	-2.193972
-2.2492497	-2.6067502
-0.2538461	-2.894815
-1.730507	-2.39788
-2.4142466	-2.7160635
-2.0104845	-2.0016222
-2.810028	-2.1537547
-2.9602916	-2.5335026
-2.752055	-2.619065
-2.1234174	-2.458325
-2.3988092	-2.835617
-3.3660686	-2.077377
-4.8202243	-2.484407
-3.458441	-2.382989
-2.9752285	-3.0887558
-2.9068213	-2.9571602
-3.0085251	-2.6803281
-2.9746394	-2.7163796
-2.0735648	-2.566272
-1.0439613	-2.974518
-1.1562374	-2.477519
-1.3297571	-2.620455
-2.4755566	-3.482975
-2.4099748	-3.5474608
-2.4081805	-3.5482051
-2.4115386	-3.515831
-2.3434663	-3.3031409
-2.1664984	-3.3355742
-2.236382	-3.5069568
-3.0190632	-2.6160405
-1.9793301	-1.713598
-1.1737192	-0.57759655
-0.7444047	-1.8378906
-0.6103104	-2.5913062
-0.015548997	-2.4543214
-0.53027767	-2.7656217
-0.59773177	-2.8372362
-0.48894966	-2.629636
-1.3557671	-1.5650835
1.294666	-1.0130547
0.61328083	-0.89271694
1.5902932	-1.3312278
0.09027302	-1.3886557
0.30063367	-1.3379972
0.52075607	-0.6902669
1.8469162	-0.7949258
-0.96720123	-1.883455
1.6458642	-0.6451766
2.1724958	0.3807689
1.7516991	-0.67706263
0.740103	1.3702488
2.7921913	-0.17085554
2.3619435	0.10590401
2.8127072	-0.3009429
3.209704	-0.381041
2.558874	-0.85869366
1.5685768	-1.5460837
2.645839	0.20458317
2.5381124	0.14442152
2.901726	-0.529271
2.9449148	-0.5355998
2.8452163	-0.53277504
2.481356	-1.0122584
2.388448	-1.1322329
2.2917845	-1.1114023
1.9365764	-0.33130887
2.0379338	-0.8789555
2.0115368	-0.9031628
1.9740709	-0.94768625
2.1634567	-0.65635854
1.913398	-1.0032971
2.1141613	-1.0477444
1.7588024	-0.24948563
2.2366588	-0.7213377
1.8518804	-1.532297
2.1186538	-0.67819643
1.8534906	-1.5344154
2.1242957	-0.68269515
1.9419128	-0.770718
2.0435386	-0.8375328
2.3557792	-0.75132656
2.0512872	-0.46750915
1.8327203	-0.96497387
1.8892324	-0.5687489
2.052533	-0.45289287
1.8339182	-1.5101678
1.8498191	-1.0191184
1.6244123	-0.50883335
2.4618578	-0.47331116
2.4344356	-0.42991218
2.6326616	-0.44958118
2.634979	-0.44557557
2.568425	-0.37468383
2.6656663	-0.3452615
2.5112703	-0.2551949
2.125615	-1.01231
1.9318404	-0.9405401
1.8025537	-0.6138538
1.911991	0.2768925
2.2438338	-0.7937045
2.4877696	-0.85505784
2.3628988	0.06429682
2.2082644	-0.94904405
2.6627724	0.093926035
2.5187204	0.11493071
2.61014	0.022912754
2.5743585	-0.121666
2.2343485	0.00792959
2.47037	-0.030074608
2.4698038	-0.031429633
2.4946854	-0.0040333034
2.4887388	0.012725558
1.8448946	1.1360108
1.8802893	0.27899444
1.8353907	0.31361395
1.966289	0.27860883
1.9435623	0.22525363
1.8075365	0.22328676
1.7781699	0.02200959
1.6115628	-0.6175043
2.1869526	-0.05816081
2.190759	-0.037374448
2.4708776	0.8713226
2.6543267	0.60763156
0.07853776	-1.0773906
-0.42653716	-1.1931174
-0.49161682	-1.1951311
0.078502506	-1.038091
-0.9013206	-1.7627573
-0.93614435	-1.9941765
-1.0100069	-1.9983306
-1.4971453	-1.9492218
-1.3188298	-1.9150064
-1.3685359	-1.5814016
-0.67362094	-1.4551657
-1.40315	-2.619201
-1.7976718	-2.14394
-1.4343109	-2.3394866
-1.5232337	-2.3772767
-1.3673323	-2.1421244
-1.458202	-2.5920546
-1.6300019	-2.6278527
-1.6500512	-2.8326187
-1.3785437	-2.339042
-1.8993618	-1.6277266
-1.3293922	-1.776616
-1.181402	-1.5364047
-0.5409103	-1.4552107
-1.0311798	-1.5387465
-0.6474322	-1.4091207
-0.82893187	-1.2414099
-0.4829352	-0.7813574
-0.90726656	-0.9568371
-0.41307843	-1.2118962
-0.019038439	-1.3121622
0.08592429	-1.3764906
-0.71210647	-1.0110581
-0.02518703	-1.3536742
-0.030241206	-1.3319944
0.17148584	-1.3051594
0.113928676	-1.0682155
0.09351231	-1.0902985
0.14477867	-1.3518674
-0.68428403	-1.436211
-1.7285817	-1.9812856
-1.3209535	-1.3076208
-0.48587424	-0.9478278
-0.8328164	-0.68436766
-0.4477381	-0.18626508
-0.032217443	0.9164262
-0.027902424	0.9149022
0.05153042	0.6221347
0.16159403	0.5753946
-0.3445894	0.3869252
0.47717386	0.5717528
0.6270439	-0.23492983
1.0857456	-1.1673625
0.89085674	-0.805837
0.330198	-1.1588387
0.4118544	-1.075751
1.5339215	-0.887349
0.21223201	-0.24369302
0.88439363	-0.024075009
1.8106866	-0.7659862
1.6488507	-0.47139814
2.7091749	0.0042818915
1.9893236	0.79819006
1.9019669	0.121224165
1.5935249	0.06869438
1.7292725	0.5016874
1.4660275	-0.22396025
1.7518044	0.06651746
1.8102078	0.6037528
1.8097888	0.60212165
1.5866039	0.013229355
1.7018582	-0.0047621205
1.6190202	0.08542551
1.4571851	-0.22540599
1.5093081	-0.12948997
1.5154616	-0.1275455
1.6143812	0.083877414
1.6177751	0.08350517
1.6670574	-0.74910104
1.5161072	-0.13023673
1.516141	-0.13093612
1.4495649	-0.18979158
1.5011073	-0.25674182
1.4843355	-0.20072687
1.6250778	-0.8470608
1.576341	-0.8367023
1.7192512	-0.89800596
1.4852514	-0.8682596
1.2835517	-0.7681249
1.4624984	0.44356424
1.3594592	0.36703417
1.64137	-0.111406185
1.4607246	0.3584288
1.8204062	-0.35467076
1.6918056	0.5629733
1.2232629	-0.0043260492
1.8715808	1.0321847
-0.3866283	-1.6611793
-0.53071475	-1.644843
-0.422876	-2.2263277
-0.4510888	-2.2495646
0.046128377	-2.3436513
0.18635482	-2.2368262
-0.377168	-2.8159876
-0.4888267	-2.3509467
-0.776748	-2.980804
-0.6377938	-3.0213351
-0.5611505	-2.1138334
-0.28199124	-2.162236
-0.41478065	-2.7200391
-0.67605376	-3.2810721
-1.085364	-2.9851243
-0.7886262	-2.6864593
-0.82245344	-3.249462
-0.63830817	-3.1826046
-0.41003966	-2.5910006
0.84336483	-1.8090565
0.74670625	-1.8259413
0.94679725	-1.7920641
0.91628075	-1.6276115
0.9444915	-1.7938648
0.9554274	-1.7963951
0.9551054	-1.7963144
1.0564839	-1.5477186
0.96644986	-1.5723844
0.8498532	-1.4466413
0.7910524	-1.6489747
0.5463454	-1.2944686
0.85559493	-1.9943696
0.5433079	-1.5513787
0.5537775	-1.3507568
0.19214031	-2.6444583
0.027890429	-3.121313
0.057314523	-2.785325
-0.6098855	-2.1405976
-0.58647126	-2.1915517
-0.46151567	-2.4116888
-0.030038133	-2.441748
0.12996787	-2.4733846
0.1591205	-2.5749288
0.26962268	-2.6068044
0.08732027	-2.544311
0.1918912	-2.5217407
0.20717487	-2.540058
0.32303196	-2.4915786
0.062986694	-2.5204277
1.2116653	-2.2456186
-3.5961971	-1.9359313
-3.022238	-1.419219
-2.9774313	-1.3994874
-3.147256	-1.2934041
-3.1147428	-1.404079
-2.4916725	-1.3492017
-3.1755106	-1.4105308
-4.038298	-1.6338603
-2.2041051	-1.307485
-3.0882041	-1.4478265
-3.513074	-1.495152
-3.5043142	-1.4860067
-3.0820553	-1.4427369
-3.068436	-1.530554
-3.1115508	-1.4553818
-2.9626298	-2.1046576
-3.0245516	-2.0289252
-2.231912	-0.90852016
-1.5081232	-1.6638988
-2.406984	-1.8038796
-1.6788807	-2.188413
-1.380477	-2.8046052
-1.8832145	-2.4702137
-1.7899843	-1.2908342
-0.46206018	-1.8735821
-0.69670314	-1.0984535
-1.522953	-1.4595358
-1.181259	-1.4955242
-1.0575863	-0.78580445
-1.4794862	-1.308304
-0.9927018	-1.9406483
-1.6099093	-1.7613642
-0.62473714	-1.4750824
1.0829735	-1.26798
0.4059987	-1.0265914
-0.9141315	-1.7443246
-0.42448997	0.2542563
0.56438184	-0.7651804
-0.85292035	-0.30179387
1.2934593	-0.37656826
2.0038419	-1.2600217
2.0484529	-1.3263398
1.9352138	-1.258067
1.3273066	-0.71170664
0.102726385	-1.5703431
-0.067383535	-1.1246144
-0.11123197	-1.1587081
-0.061385494	-0.88738984
-1.1347893	-0.54852974
-0.31580925	-0.72352654
-0.9652248	0.040926285
0.8606585	-1.4691305
1.5368527	-1.5573213
1.4626389	-1.4358352
1.6103694	-1.5502999
2.1216972	-1.0047039
2.1236112	-1.005896
1.5535041	-1.5045333
1.9987773	-0.92803526
2.1898878	-0.8850292
1.8289347	-1.3293724
1.7709166	-0.54066896
1.2736831	-0.9846299
1.3882512	-0.6783931
1.7436261	-0.8146182
1.5128043	-1.4074486
0.8303366	-1.424156
1.2187976	-1.5095605
0.80077636	-1.3755451
1.2790955	-1.388258
0.8841476	-0.74671316
1.3678129	-0.895744
1.5999298	-0.32362375
1.6808784	-0.31362838
1.7461975	-0.34274736
0.77849185	-0.0071980474
2.2016037	-0.5607879
1.5487074	-0.68944454
2.2550886	-0.6795461
2.062857	-0.91850936
1.2205172	-1.5766973
2.0358198	-0.8083206
1.2360152	-1.4408008
1.7232032	-0.92778456
1.13875	-0.28960043
2.014524	-0.03516221
2.240333	0.012713645
2.1891513	-0.33800036
2.4417834	0.037444897
2.4471095	-0.09712306
2.3717268	0.64011943
2.2680817	0.39933577
2.3035765	1.2010658
2.272131	1.2663715
2.8110993	1.9866947
2.7618322	1.4369129
2.7401953	2.0707905
2.6348135	2.1822104
2.5744529	2.158187
2.1147966	2.20324
1.9086182	3.9597592
2.4235063	3.1091528
1.953689	3.9628675
2.5382285	2.9598663
3.0053434	3.0658321
3.46432	2.8498755
2.7879395	2.9774332
2.9065769	2.8494132
2.4284015	3.0797255
2.2892573	3.779068
2.2500422	3.7275784
-1.2780454	2.581486
-0.6875673	3.6042309
-0.5008273	2.833409
-0.34549803	3.3291295
-0.9849506	3.5159016
-0.43662018	3.2232673
-0.4959317	3.1913605
-1.834296	3.9546423
-1.8226191	4.0132275
-1.5085375	4.442323
-2.517045	3.5891285
-4.8961744	1.2488055
-4.168481	1.9361057
-4.8195105	1.9472032
-4.8813276	1.9226508
-4.8306246	2.0074039
-4.855564	1.981721
-4.9137483	1.9191197
-5.1444645	1.2589358
-5.1752	0.23980147
-5.1600914	0.26285368
-5.161216	1.3197731
-5.339426	0.40208876
-5.2976813	0.5092083
-5.3248205	0.44537663
-5.249927	0.4427132
-5.2403245	0.43171567
-5.299664	1.1757276
-4.628446	-0.6192097
-5.122977	0.33605582
-6.4955263	2.6845264
-5.5253096	1.5927631
-4.4311676	0.38891122
-3.2715569	-0.7030464
-3.660764	0.008108821
-3.6999693	0.4632948
-5.198145	0.37176406
-3.8909066	-0.24626802
-3.94546	0.35218298
-2.9792285	-0.14030075
-2.9756866	-0.23507914
-3.611292	-0.27856308
-3.5811348	-0.41164106
-2.9584806	-0.51074415
-3.51152	0.037224263
-3.059124	-0.2577948
-2.6270833	-0.3510141
-2.7255218	-0.46941414
-3.4126248	0.45094773
-2.9164333	-0.4977732
-3.120164	-0.61333597
-2.0927238	-0.5707872
-2.4400077	-0.9925051
-2.1492085	-0.99558216
-1.7117338	-0.9468631
-1.8931462	-1.3701316
-1.5018436	-0.6859003
-1.8049653	-0.42591438
-1.8545392	-0.44638819
-3.01132	-0.867969
-1.922398	-1.226409
-3.3385992	-0.6532026
-3.383846	-1.3622955
-3.368319	-1.4409767
-2.443659	-1.6217674
-2.4458764	-1.5909104
-3.070992	-1.0825582
-4.1162524	-1.8123788
-3.1672077	-1.7886878
-2.7126725	-2.4477315
-2.6128833	-1.8698119
-1.471412	-1.854279
-0.32854223	-2.9212961
-1.1556267	-2.1218953
-1.9311223	-2.9306445
-2.2127898	-2.62928
-2.635119	-2.0065563
-3.254586	-0.980734
-2.5583947	-3.2486558
-3.6443949	-2.850589
-3.4977632	-2.9818306
-1.7727503	-3.154032
-1.0941064	-2.9983437
-1.142177	-2.8994858
-2.0679994	-2.5736957
-2.4077237	-3.3199556
-2.413678	-3.494197
-2.434296	-3.4422796
-1.4095948	-2.599475
-0.11647716	-2.4818974
-1.001692	-2.5987618
-0.71983784	-2.6967158
-0.82676685	-2.6398637
-0.3486126	-1.2466273
1.3942084	-1.503736
0.9428311	-1.4973419
1.0372363	-1.7079875
0.5725526	-0.76597035
2.0949824	-0.89657444
0.91233104	-1.357174
1.5598639	-1.3144382
0.5626212	-1.4249187
1.067879	0.19551605
0.7135831	-0.7778108
1.6299653	0.8197043
1.0976443	-1.6160804
1.9311727	-0.7975962
2.3523824	-0.82495683
2.0791812	-1.6331755
1.5643349	-0.53029066
2.7610493	-0.4162126
1.5323722	0.2444121
2.289596	0.8040646
3.0023005	1.6363037
2.70734	1.1328357
2.2210417	1.0306939
2.676437	1.0901896
2.5740855	0.13345078
2.6642044	0.12086886
2.507459	0.050629996
2.9369402	0.15540954
2.8719795	0.14290896
2.74715	0.13678151
2.5236957	0.3011375
1.9120198	-1.4035158
2.1145983	-1.1524897
2.6646566	-0.56535774
1.7137653	-0.48393935
2.0499542	-0.54120994
2.5833764	-0.41426247
1.8433596	-0.51402974
2.1610436	-0.4930824
1.7079663	-0.6005888
1.3817858	-1.141293
1.7124536	-0.520132
1.6723708	-0.9547077
1.6077067	-0.6071328
0.9140975	-1.4342487
1.5799664	-1.1318935
1.8893609	-0.39468405
1.9295932	-0.27067104
1.8739318	-0.9867293
2.2576485	-1.0810021
2.2380736	-0.21453463
2.2033923	-0.1556029
2.2430656	-0.05976763
1.9811044	-0.13534342
1.5479321	-0.6069278
1.7812177	-0.64147377
1.7826298	-0.6428809
1.7793026	-0.64307654
1.7811619	-0.64448225
1.5343866	-0.5977291
1.7776399	-0.64551497
1.8252612	-0.140069
1.7736987	-0.29719263
1.7305559	-0.6477972
1.7371747	-0.32555935
1.8303946	0.13756551
2.1214533	-0.96495867
2.1894934	-0.10976794
2.3427064	-0.10047237
2.097804	-0.05219063
2.0111527	0.14962372
1.8379706	0.09010446
1.784647	0.15805063
1.5592492	0.1176523
1.6138778	0.03282515
1.9628028	-0.8392934
2.025377	-0.19413133
2.3301523	0.7811921
0.25369975	-0.9844894
0.16919532	-0.910613
0.28371635	-0.46306226
-0.28123853	-1.1626202
-0.76193863	-1.286996
0.63391995	-1.6545547
-0.33739078	-1.6193957
-0.52007943	-2.1268153
-1.0947343	-2.084412
-0.66006	-1.5437366
-0.747892	-1.560067
-1.1905859	-2.5875618
-0.13646927	-1.7844169
-0.5131072	-1.8145136
0.24568462	-1.0977721
-0.11034289	-1.1680335
-0.8557041	-1.2846498
-0.2548132	-1.1443911
0.26794553	-0.8471618
-1.043784	-1.0100596
-0.9130238	-1.5592546
-1.6659472	-1.7356725
-0.930081	-1.2246218
-0.54634327	-1.8709623
-1.0665785	-1.7525853
-1.3743374	-1.4466304
0.3744269	-1.7329178
-0.92674863	-1.7038496
-0.13035847	-1.5688472
-1.8527532	-1.8949244
-1.5597006	-1.5098808
-1.4947146	-1.6014835
-1.5560622	-1.5100169
-1.5245514	-1.4898318
-1.1004225	-0.90927356
-0.8596438	-1.0359423
-0.8600589	-0.8467274
-0.0781036	-0.751227
0.68003297	-0.56619346
0.7225501	-0.49673662
0.26784104	-1.0623866
-0.42855483	-1.2052375
-0.66016984	-1.27035
0.21865577	-0.13596477
0.44918805	-0.06989086
1.0809114	-0.2545438
0.1653688	-0.67672336
0.29650968	-0.52891237
0.0052515864	-0.6181733
0.8632438	-1.5002109
0.10763675	-1.1538613
0.22649568	-1.054377
0.6189292	-0.6707147
0.7640736	-0.19176239
1.0266926	-0.23145424
1.6237673	-1.0880202
2.447902	0.5922285
2.620501	-0.08852236
1.4531279	-0.36652339
1.5891664	0.19430621
1.4918857	0.05614116
1.234871	-0.27717373
1.330024	-0.2955084
1.2840323	-0.35475808
1.4271902	-0.024598937
1.7684207	-0.2751294
1.7415233	-0.42859247
1.9528313	0.7065106
2.0099654	0.01211337
1.9065231	-0.2362258
2.060967	0.04552035
2.097252	0.120186724
2.0806465	0.11507358
1.9643972	0.95378876
-0.039875314	-1.918918
0.030014485	-1.7594706
0.09755201	-2.3534002
0.37515333	-1.8513303
0.111633874	-2.2093985
0.027030833	-2.3729498
0.05374226	-2.2365043
0.38003743	-2.5017858
-0.44898167	-2.6954782
-0.34439436	-2.707897
-0.47277728	-2.7238903
-0.031267047	-2.7404568
-0.17605855	-2.760708
-0.64289355	-3.0642073
-0.50557846	-3.0425048
-0.25098506	-3.097106
-0.75205874	-3.0202034
-0.9275784	-2.4594884
-0.89563775	-3.1220949
-0.98872524	-2.5437837
-1.3079392	-2.2898135
0.23933622	-1.8706049
0.4600265	-1.4100759
0.85502774	-1.5228586
0.86244327	-1.5309892
1.1174462	-1.7239325
0.96557254	-1.6491191
0.77966803	-1.5423536
0.89672303	-1.6928443
0.9786538	-1.6676731
0.6552119	-1.7109336
1.1177009	-1.7299978
1.1466684	-1.6475815
1.120968	-1.7157509
1.0003624	-1.5738211
1.12039	-1.7121792
0.87974143	-1.745575
0.8519652	-2.053605
0.99228287	-1.5787936
0.74383485	-2.4505649
0.8082757	-2.216127
0.89862823	-2.3209126
0.16783917	-2.4015925
0.0013379902	-2.2133899
0.18303855	-1.9914606
-0.23484284	-2.3463128
-0.06835912	-2.3843377
0.36134905	-2.417243
0.3834051	-2.4015248
-0.053250745	-2.891518
-1.0880588	-2.1753647
-1.2283701	-2.1211317
-0.79372954	-2.2006445
-0.28833804	-2.6493466
-0.20469424	-2.476606
-0.28489798	-2.356504
-0.14240256	-2.5922537
0.059499018	-2.6838539
0.3005096	-2.5940034
-0.11366358	-2.6857228
-0.08364541	-2.8697143
0.05331857	-2.8513808
0.1661135	-3.0347745
0.16897556	-2.7840698
-0.7795035	-3.0018766
-0.6774502	-2.9881482
-0.88712704	-3.0451539
-0.99751335	-3.0744638
-1.1509582	-2.6121395
-1.4095368	-2.6704874
-0.33342963	-2.4591787
-1.1598929	-1.8519214
-0.8184136	-1.1929449
-3.6368208	-1.4121671
-3.5298526	-1.45053
-3.5029283	-1.4630961
-2.4364066	-0.4564528
-2.8342724	-1.3482184
-2.2383583	-1.2806871
-2.4001148	-1.2921735
-4.12126	-2.0992448
-3.6505835	-2.51733
-2.6596434	-1.8630958
-2.1518855	-0.85939926
-2.4173145	-2.7820387
-1.5768586	-2.5640447
-1.5594743	-2.5582387
-1.3280478	-3.0490925
-1.3270137	-3.0422873
-1.0067542	-2.338682
-0.8478889	-2.5588722
-0.8005204	-2.5905623
-1.3379316	-2.0022743
-0.85135716	-2.415486
-0.40030116	-1.9159236
-1.0342324	-1.753399
-0.85080254	-1.7417872
-1.5638399	-1.432655
-1.695449	-1.5439059
-1.2244767	-1.4739463
-0.77785313	-0.77541083
-2.7535825	-0.54651284
-0.73435026	-1.3260819
-1.7785273	-1.5846044
-0.9121866	-0.57410216
-0.47116297	0.15414399
0.2583303	-1.0093695
-0.30204678	-0.7231364
-0.78940606	-1.041702
-0.24285945	-0.6276829
0.548776	-0.78187305
0.43209076	-0.794435
0.19508404	-1.2501657
1.1239481	-1.0931897
1.1777387	-1.1688671
1.9517331	-1.3402076
1.0873101	-0.26691374
0.011850927	-1.6528126
-0.08011877	-1.8541887
0.0012385584	-1.6643236
-0.041797493	-1.6977929
-0.20314819	-1.9535426
-0.24392623	-1.9819304
-1.0860335	-1.6395298
-1.3169363	-2.000684
-0.9913682	-1.1415316
-1.5989593	-0.18091539
-1.7164369	-0.40379816
-0.3464566	-1.3463699
-0.20704336	-1.1085941
-0.2233548	-1.1398705
-0.2197878	-1.1432133
0.7994602	-1.5770152
0.7881428	-1.5960357
1.1720729	-1.0916169
0.9841113	-1.4818453
1.8937083	-1.6742365
1.9269085	-1.5941978
1.4788882	-1.2848803
1.8145283	-1.5336603
1.2965881	-1.5377738
0.6543758	-1.6796634
0.7005181	-1.8952032
0.86644614	-1.036204
1.8948843	-1.1835417
1.4619533	-0.9766366
2.0937824	-0.7585124
1.8054081	-0.6515535
1.1041062	-0.8216448
1.1323222	-0.8315886
1.4280415	-1.0496229
2.5792747	-0.9471232
2.0681925	-1.0721555
1.8086361	-0.91848
2.0100331	-1.0088167
2.0286818	-1.1832922
1.5257174	-0.4981029
2.6946764	0.38835412
1.9068327	-0.11693796
2.2380884	-0.41381186
2.446614	-0.43482935
2.3104467	-0.32529095
1.7616982	-0.14811027
2.3802648	0.64111924
2.642642	1.1010704
2.34826	1.1669118
2.4048507	1.1412737
2.8796358	1.0817943
2.4004726	1.3064398
2.7506459	1.7325456
2.0668604	1.5930806
1.0203943	1.7096113
1.9883171	3.0229185
2.1480908	3.5962338
2.495904	3.0057259
1.851609	1.4672608
3.3370526	3.5950222
3.3981168	2.58483
2.7305408	2.926828
2.5955663	2.6645205
1.9222926	2.9810586
1.9540391	2.9581268
2.091635	3.1666465
2.0911765	3.1669743
1.9822508	2.9951966
1.9786965	2.9969943
1.9239397	2.9718187
1.9804142	2.952839
2.21557	3.5519109
2.2039123	3.5567317
2.3298633	3.5240793
2.332446	3.521904
1.8075198	2.9061885
1.5985008	2.6507885
1.7222626	2.6443672
1.6815078	2.6469653
2.149917	2.3135347
2.1318734	2.2993138
1.375882	1.827916
0.9521272	2.263024
0.98369503	2.4057539
0.49693272	1.5719613
0.6597743	1.9597312
0.45182967	2.2682095
0.06417456	2.1800883
0.36405268	1.4899843
-0.9455135	3.0587053
-1.007887	3.032728
-1.0262092	3.0063126
-1.1891532	2.8279803
-1.0252061	3.238504
-0.9397483	3.4019156
-1.0878761	2.9773715
-1.6949652	4.7036147
-1.7054539	4.680242
-1.9289913	4.2068872
-1.7347662	4.1614122
-1.662295	4.1012464
-1.4554724	4.5261326
-1.4553448	4.5255213
-1.4504874	4.526238
-1.66138	4.0935087
-1.4399718	4.52414
-1.4560363	4.5262256
-1.5048156	4.520067
-1.44718	4.518145
-1.654367	4.0749288
-1.3856083	3.7284122
-1.6925182	4.0422688
-2.0790105	3.928548
-2.0980225	3.9956179
-2.3058496	3.8136644
-1.9014766	3.3681536
-2.0487182	2.9446032
-1.3119459	2.808405
-1.7185897	1.6214876
-2.1445494	2.9165697
-4.6113324	1.4255295
-4.4329505	1.9272531
-4.59631	2.1649315
-4.531553	1.8002571
-4.7603884	1.2566106
-3.7951345	1.2792089
-4.608758	1.8332145
-4.038269	1.2853312
-3.7216854	1.210623
-3.7951682	1.1082981
-4.054228	1.1540287
-4.0721	1.217535
-4.145825	1.014294
-4.147885	1.011528
-4.1395493	1.0011814
-4.4949355	1.4324204
-4.163	0.9497396
-4.1930437	0.9599928
-4.182353	0.89435565
-4.400344	0.860687
-4.6253257	0.7767313
-3.5947206	-0.259981
-4.1238976	-0.25245842
-3.745524	-0.12637532
-3.8677783	-0.29811376
-3.8505707	-0.32751995
-3.9045756	-0.30621696
-5.4958143	1.9204364
-4.230668	-0.106473535
-3.8583481	-0.4273861
-3.4527812	-0.93492895
-3.3217432	-0.25024992
-3.913217	-0.27876773
-3.56396	-0.37278405
-4.0150642	-0.7120441
-4.0289373	-0.23821226
-3.4703047	-0.2683724
-2.731929	-0.052815653
-2.9294915	-0.5109367
-3.7299604	0.3088497
-3.1532693	-0.5392568
-3.677359	-0.22477138
-2.997061	-0.5084442
-3.0525393	-0.68714434
-2.6050205	-0.2096689
-2.815955	-0.2651086
-2.755984	-0.5932857
-2.0660958	-0.97749054
-1.9389193	-1.3011043
-2.0346985	-0.93390495
-0.30544084	-1.1052191
-1.2026172	-1.5744797
-0.7960409	-0.74481
-2.2959394	-1.6089457
-1.3386176	-1.749274
-1.3301066	-0.42191544
-2.3359575	-0.24328676
-2.1904094	-0.45245278
-1.8727099	-0.6351119
-3.5474374	-0.43605193
-1.5754174	-1.1593034
-2.5205193	-2.0137694
-2.5052447	-1.9848334
-2.4257638	-1.1724676
-1.5768491	-1.7870873
-2.5913365	-2.6105568
-1.9488226	-2.24955
-1.9476435	-2.2524698
-1.0829982	-1.5467976
-2.0097158	-1.4120685
-0.078848496	-2.3615491
-1.2314055	-2.189738
-1.6991005	-2.4755712
-1.7133695	-2.3146472
-1.7871264	-1.8673298
-1.4918628	-2.390657
-2.808369	-2.4345543
-1.8508329	-1.8523326
-2.0624046	-2.8041742
-3.5436866	-2.8005
-3.60696	-2.8537407
-3.6398256	-2.8491397
-3.4281864	-2.8872464
-3.5740793	-2.893231
-3.4139037	-2.990813
-1.7620918	-2.6649425
-1.7868891	-2.6727693
-1.6728765	-3.1777287
-0.9706245	-3.038278
-1.1327358	-2.4683974
-0.47294083	-2.274934
-1.7806423	-3.1563137
-1.8776658	-3.3895302
-2.249975	-3.101101
-3.0576553	-3.486158
-2.0389595	-3.2056897
-1.7884586	-2.5749385
-0.5170053	-1.6891899
-0.62337315	-2.4971368
-1.3838878	-2.717174
-0.48592857	-2.563331
-1.4364367	-2.9152317
-1.4148991	-2.6688867
-0.486991	-2.5485115
-1.7909391	-2.5526648
0.1611914	-1.8321403
0.34321064	-0.47333536
-0.192424	-1.0616899
0.48298618	-0.20697963
-1.0437897	-0.8283185
1.2081497	-1.7992076
0.34642604	-0.30576125
-1.2621121	-0.4461876
0.6885713	-0.6714604
1.1568233	-1.0272753
0.7763812	-1.1151654
-0.3541153	-0.91859424
0.27753788	-1.1758885
1.0037755	-0.9247155
0.3534942	0.6314639
0.11451849	0.16657992
0.68013674	-0.14635429
2.4220455	-0.713513
2.464565	-0.7649562
2.9196017	-0.04642545
2.7416167	-0.26628602
1.679802	-0.5559839
2.8490674	0.7721568
2.187938	0.7425335
2.1615071	0.7192841
2.734904	0.7335093
2.5241792	1.2288362
3.3709724	-0.41151774
2.8848834	-0.51441675
2.8978806	-0.5524823
2.3963113	-0.48411158
2.913943	-0.52545255
3.37393	-0.4313231
3.3815873	-0.4226573
3.0797322	-0.8585427
3.3686163	-0.4200312
2.782967	0.080842264
2.161747	-0.6142339
1.8932834	-1.0151914
1.26701	-0.6526646
1.4296372	-0.72039294
1.205857	-1.0063088
1.1638	-1.0243093
1.2462424	-0.9299592
2.0208375	-1.0421419
2.1085255	-1.1744272
1.8623419	-2.0066974
1.9149396	-1.56801
1.9161445	-1.5672572
1.9293469	-1.5749708
1.9246972	-1.5673782
2.1887846	-0.75033206
2.208795	-0.7644296
2.7705247	-0.62008244
2.0277073	-0.6728943
2.3011503	-0.6603697
1.930923	-0.5596618
0.66867095	-1.0633218
1.3615638	-1.1554958
1.8454986	-0.78566104
1.4220577	-1.000179
1.7308422	-0.32297096
1.7838386	-0.2724177
1.7213404	-0.25236398
2.0417988	0.2909288
2.0266569	0.34392366
1.9698391	0.2807988
1.9402783	0.23306906
2.3274581	0.16861205
2.3776822	-0.07262171
2.376825	-0.07489776
2.4185853	0.0540687
2.7613077	0.038596172
2.5232878	0.07856858
2.1797872	0.10449607
2.7610195	-0.03366754
2.617854	-0.017183185
2.6502542	-0.09154388
2.4731035	-0.03955435
2.5303452	0.038329665
2.0512512	0.23401566
2.33987	0.091400616
1.9151793	0.22592457
1.8718804	0.20707506
1.8505945	0.19229159
1.7983704	0.03486227
1.9070784	0.16862237
1.9822398	0.12033822
2.0622728	0.1359937
2.5131683	0.6053623
2.1678486	0.35663375
2.5041323	0.91904896
2.1859956	0.8050784
0.07199895	-0.23159273
0.33912042	-0.05910265
-1.2964946	-2.4279456
-1.3182305	-2.1058853
-0.89453167	-1.923149
-0.91823375	-1.892673
-2.3181837	-2.1488209
-0.93931484	-1.9810258
-1.6692343	-1.8610024
-0.4558322	-2.452617
-0.7837928	-0.85920894
-0.2966598	-0.088179745
-0.40150836	-0.69893646
-1.1610515	-0.99305356
-0.8925151	-0.8982818
-0.15447384	-0.7155583
-0.17820172	-0.7247779
-0.9659654	-1.457736
-0.032278188	-0.82884014
0.08973495	-0.8586515
0.2043402	-0.0660176
0.1596583	-0.9556605
-0.9585351	-1.4972396
-0.81867576	-1.460649
-0.12112117	-1.280266
-0.81196856	-1.4636772
-0.18585435	-1.3094909
-0.12773678	-1.3029735
-0.12439279	-1.3056993
0.009821534	-1.548389
0.14483547	-1.328827
-1.4775221	-1.2779301
-1.5719475	-1.9179713
-0.8247047	-0.46869892
-0.23146752	-0.25500646
-0.5813221	-0.15793368
-0.061415732	0.44019413
0.44026142	0.16237813
0.6861958	-0.3537509
1.2110498	-1.0255779
0.75926584	-1.4084795
0.36286342	-0.82155675
0.40370005	-1.0796587
1.1249034	-0.35806525
1.4141597	-0.42953178
1.7801505	-0.4355276
1.91592	-0.53609526
1.6498119	0.211052
1.6566529	-0.043224547
1.7253531	0.07989904
1.6468823	0.24422021
1.5131043	0.27302116
1.5978988	0.19758612
1.5714135	-0.11281833
1.4744843	0.053914778
1.6433897	-0.4422428
1.8837105	0.6812177
1.6208904	0.15722035
1.4503706	-0.1364557
1.4908121	-0.19569178
0.5263523	-2.3033342
-0.26071197	-2.0298498
-0.33815074	-2.299104
-0.1922766	-2.1687515
-0.51408887	-2.1056397
-0.42352122	-2.6747575
-0.21633461	-2.6202235
-0.90550435	-2.7550857
-0.6947155	-2.3496437
-0.98804665	-2.8495965
-0.5245211	-2.5831854
-1.1967638	-2.0173156
-0.8685973	-3.0012445
-0.8282814	-2.3988094
-0.5927578	-2.672149
-0.73910004	-2.126677
-0.49561602	-2.259402
-0.5668908	-2.596201
-0.265567	-2.7498388
-0.14746433	-3.427551
-0.70596725	-1.9323834
0.037318103	-2.312366
0.062166475	-2.718764
-0.65650463	-2.3032265
-0.52073413	-2.479433
0.20256048	-2.7788522
-0.053561047	-2.102251
-0.32566458	-2.6466856
0.026859254	-2.3849912
0.06534725	-2.7249742
0.28850454	-2.9654446
0.17722312	-2.9100955
0.28434926	-2.964011
0.28284836	-2.479376
0.28953958	-2.4783263
0.01607053	-2.87172
0.2554704	-2.4288192
0.12058324	-2.4070985
0.61818284	-1.8564508
0.78261423	-1.8376782
0.7792678	-1.8377087
0.763294	-1.8832467
0.6570979	-2.2487545
0.690034	-1.8648611
0.5152666	-2.023407
0.5629505	-1.3759613
0.79991215	-1.6272416
0.6518369	-1.7356207
1.0076493	-1.7766281
0.37048465	-2.2727063
0.68169	-1.866399
0.9276729	-1.8523802
0.98101056	-1.5711939
1.0573679	-1.5619458
0.7037568	-2.5479672
0.28381237	-2.1461453
0.37281835	-2.7383444
0.37471116	-2.5267658
0.18903023	-2.3493676
-0.40846723	-1.9108994
-0.4169079	-1.9264467
0.0978153	-2.7181742
0.29408383	-2.4122427
0.0102380365	-2.30617
-0.9850528	-2.057802
-0.88746506	-2.050789
-0.4831866	-2.4833677
-0.49284983	-2.5183449
-0.290492	-2.3235335
-0.12518728	-2.5885715
0.06923502	-2.6654658
0.19184217	-2.6455402
0.2138263	-2.8190756
0.5101542	-2.690353
0.3525827	-2.5509665
0.88074976	-3.0357134
0.021005403	-2.7354634
-0.029597096	-2.9186668
-0.541448	-2.982837
-0.69390064	-2.9681246
-2.9308155	-2.340696
-3.7287476	-2.4359071
-2.6693993	-1.2787477
-2.7537887	-2.3641648
-3.1310868	-1.3022894
-2.437401	-1.3718725
-3.4757876	-1.5285279
-2.747819	-1.2938178
-2.9385026	-2.1878724
-3.3400898	-2.4694152
-2.9386206	-1.8403623
-3.4174936	-2.3871553
-3.7573388	-2.5045867
-2.9768019	-2.0276353
-3.4491518	-1.9963341
-2.4394755	-2.6533716
-0.42540038	-2.795869
-1.3204591	-2.941391
-1.0973835	-2.062266
-1.07928	-2.0647144
-1.0335736	-1.9442695
-1.143168	-2.126323
-0.98153114	-1.6290007
-1.205842	-2.2960377
-0.90857685	-2.2062244
-0.5553554	-1.3068465
-1.9463868	-2.1167827
-0.848946	-1.9945362
-1.5660717	-1.3904101
0.23092479	-1.5422034
0.47317392	-0.9340732
-0.20487092	-0.5031755
-0.26346207	-0.80475384
0.25716573	-0.1118169
0.6693123	-0.20268704
0.6811895	-0.15125039
1.3425732	-1.1345767
2.0298965	-1.2216115
2.0262077	-1.2208912
1.3650912	-0.5356834
-0.0068441555	-1.0534616
-0.045860045	-1.0829244
-0.08871179	-1.1152517
-0.2147831	-1.2709038
-0.08875277	-0.89491266
-0.2905302	-0.687417
0.8850171	-1.4074271
0.61776704	-1.2871209
1.783119	-1.4460016
0.56749445	-1.8819382
0.82667583	-1.3659227
1.559481	-1.3367286
1.670557	-1.4825504
1.3615657	-1.396327
1.7430738	-1.370263
1.4264575	-1.0150102
0.9332329	-1.2523674
1.4093198	-1.0380121
1.5105754	-1.2590792
1.5034803	-1.2913609
1.1853777	-1.0992087
1.1641556	-1.281446
1.5215454	-1.5970453
-0.2471736	-1.160509
-0.17268613	-1.348894
-0.72482395	-1.2568363
-0.52478015	-0.54011625
1.736228	-1.1539285
1.3685191	-0.66560125
1.8259615	-0.5424696
1.5801449	-0.36205554
1.578008	-0.4053049
1.303875	-0.35996246
1.4932431	-0.9651376
1.8472322	-0.680129
1.5069839	-0.59819967
1.2937151	-0.36741993
1.1047156	-0.73110074
1.660437	-0.20592476
1.773396	-0.3748298
1.5899552	-0.08773007
1.8941938	-0.13406585
2.1685095	-0.44006786
2.3829575	-0.41043207
2.236742	-0.2877694
1.6567322	-0.089713246
2.091456	0.22624381
2.2383747	1.0827472
2.7368286	1.8183715
2.090008	1.2665517
2.1843133	1.1173536
2.1440918	0.90516716
2.1540864	1.5042771
2.3918157	1.9500362
2.5954893	2.0522888
1.9968938	2.133302
2.2990608	2.8561027
2.3493154	2.961752
2.157339	2.841771
2.905769	2.7720387
3.5006485	2.754204
2.2722661	2.6475012
2.681743	2.4466033
1.9878925	3.1876209
2.590033	2.6457462
2.104249	3.525772
2.2442741	3.7190058
2.289074	3.5051055
2.298854	2.460813
2.3621488	2.6028898
2.2596464	2.4183645
-3.5425198	3.6144485
-3.28251	3.983947
-4.652385	4.154825
-4.1001277	4.9969826
-4.467953	4.963607
-4.3120513	4.606758
-3.388356	3.332234
-4.706617	4.362418
-4.7634315	5.186546
-4.6242204	4.945822
-4.593239	4.918083
-4.6233244	4.977357
-4.5498147	4.897174
-4.334123	4.733664
-3.5415146	3.549679
-3.6558402	3.5723217
-4.138637	3.8717597
-4.0824413	3.8391073
-4.289607	3.0048125
-4.6333027	3.1522398
-4.9015856	2.9557023
-5.249764	2.3333182
-4.7036076	2.2006645
-5.14484	2.0676627
-5.570989	2.4839256
-4.2434053	1.8508309
-4.752052	1.7670232
-4.1893616	2.0232363
-4.5477695	1.1525238
-5.2658663	0.88626474
-5.8725486	0.027690522
-4.6180034	1.6724517
-4.718204	1.8001521
-4.133599	0.5432675
-4.4528384	1.4063979
-4.8767395	0.27432305
-5.6825647	1.2515296
-5.196699	0.22266972
-3.9686012	-0.10793856
-4.9622374	0.13612297
-5.0017443	0.16519699
-4.924838	0.19045988
-5.5655475	0.93356466
-4.8924694	0.47999108
-5.458528	-0.0554663
-4.357928	0.011610426
-4.7629905	-0.49219978
-4.233742	-0.4884132
-4.225548	-0.52413154
-4.170534	-0.5273038
-4.233366	0.4852216
-3.4582822	-0.31047994
-3.697692	-0.6484768
-3.6147757	-0.748032
-3.9999893	-0.6162133
-3.1125891	-0.7027196
-2.6506295	0.22981411
-3.1827319	-0.90392905
-3.1380463	-1.0212591
-4.707705	-0.72997427
-4.355868	-0.3090481
-3.6828625	-1.2561722
-3.3987224	-1.3533692
-2.9707708	-1.4641424
-4.806006	0.43331128
-3.37553	-1.140401
-3.8362577	-0.95010024
-3.8143764	-1.1387639
