1.4426757	1.5235028
1.2069649	1.509163
2.9589722	-0.21076465
1.7335792	1.5188327
0.009846076	-1.4875327
1.4280301	-1.4545751
0.39213428	1.4918832
1.6806784	-1.4441441
3.5268629	-0.2056579
-1.0435988	-1.4951769
-2.107097	-1.5112944
-0.9243952	1.4708596
-1.4527041	1.4492239
-1.4515122	1.4554706
-3.4433033	-1.5310855
-2.8594196	1.4436808
-4.3698206	-1.5566701
1.3803535	1.5197924
1.2855514	-1.4485893
5.4423194	-0.14559734
4.2800713	-0.17796919
1.4329501	-0.24647368
1.0054498	1.5070868
1.1876624	-1.4601595
0.16368671	-1.4836863
1.4934108	1.5137223
0.7499951	1.5020345
5.0056267	-0.15816757
0.0074088797	-1.4794382
0.6609505	1.4967867
1.2678661	1.512924
-1.0076569	-1.5057617
-2.4083478	-1.536803
0.93210095	-1.4665492
4.3404765	-0.17697984
-0.16039705	1.4787861
1.9867916	-1.444304
-2.0925434	-1.5228541
-1.3638194	-1.5010474
-1.1276138	-1.5069237
-3.183735	1.4284399
-2.362304	1.4388407
-1.944036	-1.5300531
-1.7230177	1.4674784
-0.7426324	1.4662968
-1.2069306	-1.5141056
-0.3353743	1.4829922
-0.34496778	1.4727371
-1.8550417	1.4455583
-2.5355387	-1.5221305
-3.7548227	1.4179068
1.002745	1.5019896
0.94789606	-1.4587876
-0.48847204	1.4761115
-0.67383677	1.4658608
0.012943402	1.4868647
-1.8226893	1.4626281
-0.22359662	-1.4929194
0.41679227	-1.4736171
1.7167845	1.515491
2.5701525	1.5399243
3.0448816	1.5533049
3.7980847	-0.1939942
3.5882127	-0.19754021
3.4781578	-0.19907142
-4.66222	1.427961
1.7231785	-1.4503039
-0.7500212	-1.5005059
-0.34865206	-1.4964042
0.98884565	1.4999934
0.8349914	-1.466405
1.2442427	1.5124177
5.324254	-0.15951005
-1.5142854	1.4660676
-3.0324664	-1.541089
-1.6575611	-1.519629
-0.7831835	-1.4892535
0.2688886	1.4969982
-1.6852077	-1.5249554
-1.1900855	-1.5110366
-1.4810519	-1.5237663
-1.6425871	1.4548112
-1.9198179	-1.5025415
-2.3282583	1.4533304
-6.189785	-1.6011193
-4.031457	-1.5569922
-1.1303241	1.4817675
0.06407992	-1.4701217
4.1550326	-0.1874555
5.3758664	-0.14572793
-3.038012	1.4295492
-1.4275914	-1.5036465
-1.7119004	-1.5182936
-3.688369	-1.5413909
-2.5027404	1.4439203
-1.8198454	-1.5159345
-2.8916614	-1.5298356
-1.8857905	1.452909
-1.7703298	1.4478204
3.5018787	-0.20093776
-0.31423438	-1.4682384
-0.12912303	1.4848865
-0.8890942	1.4746146
-1.2704669	1.449762
-0.35595798	1.4678308
0.2543477	-1.4868094
-0.55339336	-1.504854
1.8738127	1.5214965
2.6024122	-0.22399025
-0.575666	-1.506836
0.4387728	-1.4838111
1.9259199	-1.4429691
-0.07923411	1.477789
1.3632734	1.5062846
1.1161584	1.497544
1.9420773	-1.4529318
2.6725016	-0.22593294
-0.29989952	-1.4957911
-0.42438248	1.4797235
2.2518857	-0.23519856
6.6512527	-0.09981268
4.418442	-0.18024766
4.0421443	-0.18977118
3.9593925	-0.19161294
4.2009587	-0.18386321
-1.9452137	1.4452022
-1.5063069	-1.4958571
-1.7408667	-1.5168455
-2.080248	1.4547478
-1.3765852	1.4539504
-0.8936431	1.4619869
-2.782131	-1.5157175
-1.6937009	-1.5050404
-0.529774	-1.4839083
4.93898	-0.1593596
3.8430076	1.5701735
2.584422	1.5379833
1.1697407	-1.4621342
-3.490707	1.4169434
-1.9730694	1.4475821
-2.9894538	-1.5438404
-4.198893	1.3922697
-0.7350664	-1.5105138
-0.7007399	-1.5060186
-0.09807638	1.4758352
-0.50336397	-1.498224
-2.5290241	-1.5337101
-1.5963027	1.4572105
-1.8168373	1.4352068
4.41505	-0.18006155
4.642874	-0.17162846
4.5522203	-0.17762864
-0.93763494	-1.5119953
2.6971831	1.5401199
2.85953	1.5418411
1.1302583	-1.467526
5.443833	-0.1484639
-3.898748	1.3915956
-0.89820427	1.474907
-2.586763	-1.5355158
2.377847	-0.2243878
1.7862461	1.5196565
-0.764095	-1.506817
3.9977038	-0.19335778
5.6253743	-0.1379362
0.33793923	1.492357
2.6403553	1.5339715
3.6517158	-0.19883677
0.40214625	1.4807423
2.077695	-1.4472805
-2.6137335	1.4532913
-1.5716016	-1.5200506
-2.4099321	1.454484
0.24810539	-1.4960701
-0.035015967	-1.4865562
0.18509164	1.4907382
3.9377942	-0.18837185
3.16245	-0.21713543
-2.146512	-1.5151689
-0.900304	1.4821633
-3.5116167	1.4427129
-3.8827481	-1.5280747
-2.2344508	1.446144
-1.4453802	-1.5087047
-2.3886733	-1.5237433
-1.2352272	-1.4813828
-2.0759566	1.4449942
-2.5567625	1.4428499
-1.5929177	-1.4980061
-1.3667117	1.4532405
-2.141985	-1.5358429
-1.995709	1.4383891
-0.3303278	1.4802195
0.40063694	1.4980835
0.9410781	1.5044165
-0.44034335	1.4864774
-0.20663914	1.4815
1.0487951	1.4999131
2.9585645	-0.21238573
0.83827424	1.5071467
0.7800611	-1.4654037
3.7236834	-0.19931339
-0.009085288	-1.4798646
0.6342452	1.4925256
-0.097772025	1.4714885
0.07956092	-1.4800005
-0.5847574	-1.4902835
1.3701329	1.5148147
-0.22460903	1.497248
-1.8026136	1.4546475
-0.22976913	1.4915107
-1.4303615	-1.5102359
0.14919145	1.4772305
0.5753068	-1.4752027
4.6016774	-0.17396133
4.814556	-0.16684212
-1.4063578	1.4593282
-1.7386436	-1.5191379
-0.7035481	-1.4919319
-1.3846062	-1.5142316
-1.0972044	-1.5089443
-0.9275522	1.4586008
2.6846192	-0.22298156
0.012848983	1.4718077
3.46629	-0.20734917
3.7538433	-0.19868043
3.3403506	-0.20466827
1.9593648	-1.4424587
-1.1237993	1.4494071
-2.0107617	1.4478946
-0.66001534	-1.4958438
-2.604519	-1.5307497
3.025089	-0.21680559
-1.3088627	-1.5108051
4.9833593	-0.16314518
4.893666	-0.16619197
-3.205656	-1.5426872
-3.025622	1.4318752
-3.3400583	1.4187534
0.44435263	-1.4686253
-0.3421682	-1.5006448
-4.7814913	1.3907088
-0.49836567	1.4852339
-1.4590058	1.4629196
-0.9209231	-1.4975019
-2.3854072	-1.5136558
-0.71419877	1.4770207
-2.621604	1.4349107
-1.4053409	-1.5166935
-2.647996	-1.5413985
-0.98405814	1.455094
-0.89237845	-1.5082062
-2.1645746	-1.547728
-2.2006173	-1.5320935
-1.8008634	1.4570105
-1.3453691	1.4282653
-1.9331129	1.4268786
-1.5564489	-0.31254286
1.0324721	-1.4658095
0.23944667	-1.4823633
3.5244055	1.5613102
3.9439178	1.5714861
3.4114819	1.5561666
3.0322332	-1.4190884
4.4636765	1.5898901
5.0215464	1.6097103
-1.2194526	-1.5033896
1.2534393	-1.4630411
2.0223203	-0.23735306
1.7715106	-0.24497686
2.4100661	-1.440954
0.54153514	-1.4762712
2.149423	1.5186014
1.7845094	1.5161074
2.5336015	-1.4351877
4.1477427	1.5797381
-0.6051557	-1.4977081
-0.68972117	-0.28600985
0.17025435	-0.27618104
1.8374113	-0.23806015
1.1819249	-0.25434974
-2.4097035	-1.5274838
-2.8237844	-1.5321506
1.1165766	-0.2563884
1.8253162	-1.4484115
1.211318	-0.24461408
3.3471186	1.5613267
1.649834	-0.23919483
2.4636164	-0.22750252
-0.579507	-0.28149056
0.12391461	-0.25938386
-1.3590003	-1.5095745
1.893297	-0.23975566
0.6272305	-0.27271613
-0.40398794	-1.4911708
2.11315	-1.4455492
0.7671116	-0.2609453
0.21914098	-0.26975685
-0.038542267	1.4750993
-0.19460337	-0.29355544
-0.26157305	-0.27960464
-0.7144166	-0.2872989
2.2892184	-1.4402367
2.4526389	-1.4352407
1.3599854	-0.25834394
2.374017	-0.23201455
1.9368448	-0.24283653
2.7152588	1.53537
3.10157	1.5464673
1.1591445	-1.4818889
4.7761517	1.5996732
1.9803474	-0.241089
1.8691934	-0.24273366
1.68031	1.5059923
1.2041886	-1.4728478
3.2699835	1.5542263
1.3898014	-0.25105053
0.5322435	-1.4627887
2.1290534	-0.22564188
0.09449719	-1.4920734
2.0900521	-1.4431325
2.4785209	-1.4309721
0.24633749	-0.25805032
3.1301215	1.5512968
1.2821717	1.505981
3.1219544	1.5458107
3.1088629	1.551405
0.5338693	-1.4788132
-1.464542	-0.30071437
3.6702323	1.564712
4.0256724	-0.1915646
2.6292126	-1.4345083
-1.7005198	-0.29997665
-2.8750658	-0.31373262
1.6702691	-1.4583673
2.4035676	-1.4377855
2.6105788	-1.434219
0.5336416	-1.4820908
-0.883746	1.4598582
0.9696244	-1.4738122
0.6341326	1.4881213
-0.098595835	1.4768798
2.7904959	-1.4284196
0.76572347	1.4929769
0.34381527	1.4874067
-1.0817066	1.454133
-0.35283655	-1.4870524
0.44394743	1.4886769
6.05866	-0.121068984
5.869441	-0.13354707
1.5121782	-1.4567672
2.4753916	1.5352378
2.2813692	1.5269655
1.5559925	1.5067964
2.9888659	-1.4211925
2.382615	1.5219725
3.0494103	1.5484439
4.692899	-0.17095418
5.0169067	-0.15896626
5.8092456	-0.13184986
-1.1822823	1.4662308
-1.44063	1.464414
-0.68135315	1.4876947
2.4928968	1.5382141
1.1129674	-1.4567261
0.18677673	1.4924494
0.31838292	-1.4734197
-0.26280752	1.4925609
0.0041413605	1.4931839
0.40812173	1.4904854
-0.16084969	1.4865544
0.43890515	1.4967684
0.49526873	1.4977505
0.27404565	-1.4796971
1.9739884	1.5265942
2.9224877	-1.4229181
-3.450171	1.4335455
0.74700356	-1.4689151
1.0057013	1.5065947
-1.7824042	-1.5235642
-1.5780555	-1.5129567
-3.2098238	1.4520924
-2.6223269	-1.5324152
-1.2664	1.4772853
-0.59118193	1.4858818
-1.2257514	1.4776713
-1.2085869	-1.494644
1.6394718	-0.2497986
2.4482942	1.5293859
0.39481473	1.4924464
0.28992152	1.4850669
0.5675242	1.4917349
0.8331884	1.4958513
0.7828704	-1.4799722
-0.95505285	1.464882
0.31194904	1.4838828
-0.40131506	1.4761598
3.2816753	-0.21611252
-1.033901	1.4603144
0.3931529	1.48671
-1.1759762	-1.5173135
-1.0993292	-1.5122881
0.8033417	-1.4748888
-0.9506344	1.4602531
-1.4410753	1.448954
0.16987385	1.4780989
1.1679095	1.499534
1.7010587	1.508046
0.30183837	1.4948593
4.688651	-0.16983937
0.27733594	-1.4794532
1.4283588	-1.4626482
0.057270553	-1.4741467
-0.14633434	1.4813161
0.7180512	-1.476204
5.1926255	-0.15332654
4.05805	-0.18627822
3.7703543	-0.19644907
4.0896716	-0.18397145
3.2876136	-0.21999742
3.2783246	-0.2018151
3.2352355	-0.20463347
3.1358385	-0.2098175
2.808405	-0.20797
2.3191466	1.5353469
2.9374218	-0.21531025
1.8432721	-0.23346123
1.0201035	1.51129
0.67194545	-1.4643849
0.7656119	1.5079043
-0.2793386	1.4849061
0.1387487	1.4969404
-0.68501484	-1.4804837
-0.57620996	-1.4787605
-0.9580828	1.4751124
-0.729889	-1.4959882
-1.2540412	1.4758065
-0.18522486	1.4881003
-1.224544	1.4793916
-1.6869236	-1.5010004
-2.080636	-1.5069162
-1.7072632	-1.496793
-1.574295	-1.4918433
-1.8308659	-1.486759
-2.4747877	-1.509314
-2.5591893	-1.5153636
-2.4297285	-1.50102
-2.5067677	1.4500237
-2.716848	-1.5021368
-3.0812094	-1.5013995
-2.7896705	1.4452835
-3.4517355	1.4491116
-3.0417047	-1.5340391
-4.109355	-1.5204784
5.498454	-0.14363629
5.047103	-0.15608944
5.059934	-0.1563967
4.8989162	-0.16207013
4.934667	-0.16042124
4.379115	-0.1806615
4.245454	-0.18664901
4.311167	-0.17979047
4.4112415	-0.17657843
4.1518927	-0.18056302
4.027121	-0.18822496
3.5011253	-0.20159826
3.6457648	-0.19925612
3.6956103	-0.19014923
3.1144533	-0.20337114
2.9317582	-0.20720048
2.9304864	-0.21126047
2.7022176	-0.21633369
2.8638496	-0.21179359
2.6103964	-0.22205439
2.5370312	-0.22292516
2.229672	-0.23077843
1.5454693	-1.4481554
2.3539872	-0.22296996
2.013078	-0.2305965
1.2683008	-1.4560205
0.8224964	1.5161439
1.016891	-1.453354
0.94680274	-1.4501706
0.8231344	1.5161589
0.54061496	1.4974278
1.5487815	1.5196059
0.64147425	1.5079455
0.5819947	1.501312
0.4501404	1.5003843
1.7085214	-0.23296934
1.068185	-0.2451716
1.5997041	-0.23905621
0.14911866	1.5035983
0.14139937	1.4916407
-0.1466236	1.4931016
-0.40838212	-1.4826918
-0.036841244	-1.4775516
-0.15644774	-1.4801606
-0.49720776	-1.4909065
-0.274213	-1.4741261
-0.012125734	1.4820646
-0.5324849	1.4839467
0.06962718	-1.4779872
-1.6478316	1.4791275
-1.5370079	1.4745227
-1.5185854	-1.4888864
-1.0876052	1.4902095
-1.5833502	-1.5153872
-1.2361499	1.4780041
-1.4792106	-1.4847783
-1.6853006	1.4655108
-1.380141	-1.4883813
-1.8585111	1.4693253
-2.1797395	-1.5025996
-2.579294	-1.5088989
-2.5708241	1.4503652
-2.0609481	-1.5192952
-2.2421	1.4718488
-1.8628523	1.4661962
-3.0658488	1.449293
-2.5833983	1.4722853
-2.6934593	-1.5287257
-2.2205007	-1.5015765
-3.4056346	1.4506127
-2.8749075	-1.5067916
-2.4253573	-1.5130813
-2.1401281	-1.5121323
-3.5830302	1.4376472
-3.7079701	-1.5067189
-3.6159763	1.4278541
-2.7629724	-1.5137153
-4.1157794	-1.5492251
-4.600951	-1.5447803
-3.8474903	1.4361709
-3.8887963	1.4538381
-4.5775647	1.4423265
-4.440898	-1.5286642
-4.0408196	-1.5347205
-4.4135303	1.4378428
-6.5435257	1.4048512
5.681098	-0.13771145
5.6752477	-0.13679945
5.568074	-0.13991466
5.273634	-0.15073457
5.0458565	-0.15975374
4.7942853	-0.16385885
4.440811	-0.1779346
4.501457	-0.16904062
4.2758694	-0.18228523
3.6135168	-0.19952698
3.681377	-0.1924049
3.5528052	-0.20038418
3.0449243	-0.20290136
2.9621682	-0.21434607
3.187902	-0.2089194
2.549182	-0.21709263
2.487847	-0.22018063
2.1054068	-0.23255141
2.1696632	-0.22427832
2.583901	-0.2151892
2.6201057	-0.22220275
1.9194448	-0.23812203
2.2223842	-0.22653297
1.5089097	-0.2309201
1.7425675	-0.23796651
0.92754614	1.5038412
1.1299784	-0.23979668
0.74490345	-1.46769
1.7654865	-0.2393404
1.4127004	-0.2366954
1.4934292	-0.2490181
1.4527484	-0.24043033
1.2043853	-0.24284837
1.4024898	-0.23837748
1.2646714	-0.24629869
0.9148355	-0.254999
-0.31128705	-1.4722183
-0.6090747	-1.4879173
-0.46722478	1.4853063
-0.86318904	1.4748563
-0.46535987	-1.498289
-0.47721535	1.4896492
-0.9342759	1.4961194
-0.8062825	-1.4893872
0.39303917	-0.26692468
-1.4228344	-1.48879
0.32254782	-0.2643496
-1.2431997	1.4778389
-1.0629028	1.4897088
-1.2362871	1.4756593
-1.8905214	1.4838095
-1.623349	-1.4917808
-1.3630738	1.4756792
-1.9971458	1.4654396
-1.4651678	1.4719114
-1.6913766	1.4606042
-1.2229662	1.4848771
-1.1997575	1.4524808
-1.8776282	-1.5004561
-2.299448	1.4559649
-1.727589	1.4755372
-2.5158336	1.4503943
-2.8678265	1.4541507
-3.100185	1.4404507
-2.0858967	-1.5127219
-3.1219056	-1.5265887
-2.6777377	1.4575747
-3.4427733	1.449532
-4.0454836	1.4284185
-4.3538847	1.4454008
-5.879814	1.439699
-5.1773157	1.4478679
-4.0806856	1.4495257
-5.769244	-1.5368209
-5.3413925	-1.5427796
-2.3745792	1.4684025
-4.8627653	1.4569879
-4.9046235	-1.5300002
-5.3879094	1.4098309
2.8711984	-0.207829
4.979551	-0.1605882
4.539131	-0.17663106
4.2232833	-0.18295175
3.9897037	-0.1905359
3.8672037	-0.19312271
3.9053934	-0.18643361
3.9431577	-0.19128323
3.8360956	-0.19298126
3.83019	-0.19397445
3.7226794	-0.19347867
3.658908	-0.19826424
3.5616915	-0.19943665
3.7509263	-0.19477715
3.3856244	-0.20749766
3.7670002	-0.19360311
3.6740618	-0.19651756
3.1733778	-0.21228479
3.3105633	-0.20562038
3.4098966	-0.20057169
3.1210647	-0.2027108
3.3720021	-0.16736253
2.845457	-0.20962316
2.5396323	-0.22308592
1.3905922	-1.4573258
2.37779	-0.20296933
1.1930221	-1.4617432
2.3779988	-0.22546141
1.573323	-0.26129287
2.3244016	-0.23272243
2.1717315	-0.21908727
2.0703158	-0.23838149
2.062366	-0.22963919
2.087912	-0.23092629
2.2429707	-0.22274889
1.9519355	-0.23502964
0.8185621	1.500189
1.3400722	-0.24330302
1.7465248	-0.23335171
0.8971635	-0.24970414
1.3501122	-0.25102216
0.54214174	-0.24694201
0.7792878	-0.25775236
-0.46013576	-1.4779574
0.57833236	-0.25391072
0.6066461	-0.26677406
1.1939923	-0.2530127
0.5682053	-0.26099095
0.40389872	-0.27192792
-1.8286879	-1.4913403
-0.6559001	-1.4863311
-0.5141862	1.4766784
0.30511692	-0.2739939
0.38976085	-0.25870445
-0.86956	1.4659281
0.5315594	-0.25665373
-0.4621824	-1.4732598
-0.8141622	1.4779006
-2.1320388	1.4847084
-0.448871	1.4861364
-0.7255357	-1.4924995
-2.089008	1.4520729
-0.7096484	-0.27584812
-1.6529084	1.4758122
-2.300712	1.4905574
-1.3899107	1.4778049
-0.8413767	1.4564084
-0.9321811	1.4679948
-1.0169778	-1.4958476
-1.1045985	-1.4949968
-1.9016445	1.4592941
-0.8681732	-0.2656556
-0.9306792	-1.4942207
-1.2689071	1.4671012
-1.644436	-1.497516
-0.8748099	1.4725908
-2.140022	1.4710975
-1.5928488	1.4552187
-2.0294886	1.4496598
-1.3386264	1.4707828
-1.3862965	-1.5035437
-1.6934395	1.4569552
-1.7605916	1.4561187
-1.5940441	-1.506129
-1.975374	1.4544529
-1.7601702	-1.5066401
-2.4457788	1.4512116
-2.3793511	1.4529853
-2.4786668	-1.5054058
-1.9162616	-1.512604
-2.0380046	-1.4991666
-1.5373677	1.4698483
-0.73261845	-0.26933637
-1.7865958	1.4599005
-1.8138071	1.4626732
-2.2156126	1.4525892
-1.5897568	1.4524759
-3.9279509	1.4127595
-2.7358904	1.4333402
-3.135876	1.4388883
-3.3936899	-1.5136107
-3.1350493	-1.5371999
-3.996014	1.4305454
-3.4219108	-1.5362962
-2.7655804	1.4543099
-3.6867282	-1.5316616
-2.8838756	-1.5194829
-3.4802153	-1.5325687
-2.2929292	-1.5346725
-4.110898	1.4499311
-2.8397255	-1.4951655
-8.312163	1.2952006
-4.551189	-1.5216926
-4.868014	-1.5258654
-6.0526247	1.413678
-5.7373204	-1.5476452
5.176336	-0.15595227
3.6130285	-0.1953155
3.096875	-0.20549254
3.0631986	-0.2037915
3.1259258	-0.20913589
2.6459765	-0.21453568
2.5346034	-0.21260175
1.6211032	1.5250169
1.4141157	1.5148652
2.3016279	-0.22583291
2.1375828	-0.23442596
2.3700268	-0.23726118
0.730114	1.5149572
1.9154074	-0.23799995
0.99698555	1.5235703
0.97994196	1.5046283
1.5446439	-0.2415443
-0.55969435	1.497601
0.67323107	1.4982275
0.14851326	1.4976355
0.15305384	1.505992
-0.49978682	-1.4839791
-0.6387447	-1.4821023
-1.0550454	1.483676
-1.1266906	1.4644259
-0.9592279	1.4731513
-0.83755285	1.4729248
-1.2279915	-1.4944838
-1.0890597	1.4715123
0.028877694	-0.2699156
-1.4547087	1.4662422
-1.4127637	-1.497836
-2.9523883	1.4570125
-2.1456325	-1.5236908
-2.9797435	-1.5278666
-1.975968	-1.5066938
-2.7761505	1.4391304
-3.5020027	-1.5206212
-3.5061102	-1.5376945
-3.1098273	1.4512123
-1.4938079	1.4735128
-2.8238857	1.4506699
-3.1199512	-1.5296578
-3.4873583	1.443532
-3.4915795	1.4334775
-3.889384	-1.5231066
-4.3435683	1.4468094
-4.0318813	1.4483359
-5.175231	1.442473
-6.3482666	1.4439075
-4.8365993	1.4401423
4.6026993	-0.17213497
4.4021306	-0.18168224
4.2676716	-0.18377681
3.9959028	-0.1875205
3.7152486	-0.19979522
3.6556818	-0.19862972
3.4569585	-0.2047384
3.5135736	-0.20140094
3.3002172	-0.19948952
3.1845207	-0.20567125
3.281138	-0.20241866
2.959023	-0.21761285
2.7063897	-0.21974707
2.8438215	-0.21706316
2.2028499	-0.22850028
2.4675524	-0.22446707
1.9983155	-0.23517805
1.3695934	-0.24487278
1.9508841	-0.23642612
1.8198129	-0.23326096
0.6839181	1.4843943
2.0257635	-0.234678
1.3112339	-0.24349646
1.9298421	-0.2391955
1.5887464	-0.2355924
1.3631685	-0.24354653
1.4803728	-0.24207483
0.74779797	-1.4564632
2.0426998	-0.22895603
1.2359426	-0.2400938
1.4630247	-0.24624082
-0.3713758	1.4824613
1.23748	-0.24989782
1.0010648	-0.26058397
-0.98330104	1.4790198
0.7677418	-0.25679526
0.7493327	-0.25347298
1.5573621	-0.24337374
0.9142628	-0.24566011
-0.3203574	1.4792259
0.5308945	-0.25040278
0.5227022	-0.25654987
0.4891718	-0.26297247
0.52462804	-0.2540715
0.19136304	-0.2670072
0.6941657	-0.25364932
-0.5270566	1.478486
-0.54911697	1.4841125
-0.41481608	-1.4888362
0.29607606	-0.2655704
0.55193406	-0.26561648
-0.8905135	1.4649249
0.32796648	-0.2599975
-1.7104241	-1.5004718
-1.5385789	1.4447422
-2.1371374	-1.5364066
0.25940457	-0.26350868
-1.3843124	-1.4975991
-1.0091065	1.4780301
-0.6412649	-1.4870249
-1.3291543	1.4712498
-0.3377368	1.4866068
-0.9659005	-1.4898322
-1.9037162	1.466965
-0.46898323	-0.27050713
-0.87174565	-1.4929847
-0.65727377	1.479786
-1.0318719	1.4792747
-0.0078014983	-0.27219608
-1.2946359	-1.5031358
-0.5657283	-0.2903909
-1.8726307	-1.5200137
-1.9289776	1.4704877
-0.9588971	1.4682856
-1.2967019	-1.4930128
-1.360175	1.4669518
-1.6532096	-1.5039269
-2.1730917	-1.4971308
-1.7230963	-1.518646
-1.5237556	1.4643627
-1.2622672	-0.29243207
-2.490437	-1.4994637
-2.3807032	1.4470313
-2.314537	-1.5120629
-0.23749992	-0.27437407
-2.0702434	1.4763556
-1.7333672	1.4628423
-1.1277981	-0.26461032
-2.689733	-1.50728
-2.3912508	-1.5254622
-2.1579494	1.4717038
-2.2687707	-0.28023288
-2.9004803	1.4503529
-2.4948485	-1.5147283
-2.3737636	-1.5187339
-2.6230001	1.4425753
-2.0621517	1.4595093
-2.6306002	1.4467895
-2.5694392	1.4427062
-2.7940075	1.442678
-3.101129	-1.5329533
-2.9267874	-1.5145824
-2.832857	1.4402384
-3.0135698	-1.5314121
-3.4377625	-1.5211693
-3.704288	1.4281746
-3.026785	1.4427662
-2.5576594	1.4597226
-3.102217	-1.5427325
-3.5684037	-1.5005293
-2.5818422	1.4510872
-3.2441936	-1.5359653
-3.5504355	1.4253756
-4.0816145	-1.5464612
-4.669215	1.4368813
-4.5095754	-1.5445681
-5.4469557	-1.5337152
-4.008063	-1.5338076
-4.8116217	1.4340081
-5.689342	1.4457812
-5.7516046	-1.5441108
-6.154462	1.4242494
-7.2653418	1.4123278
-8.557018	1.4009169
3.1757555	-0.19871354
2.0351098	-0.22097147
2.486137	-0.2153888
1.137483	-0.22760674
2.3836687	-0.22232395
1.2386863	-0.23278986
1.9316125	-0.23340645
-0.4053304	-1.4854565
-0.6965378	1.4978905
-0.77693003	1.4817421
-0.08218602	1.4899285
-0.18653394	-1.4761311
-0.46952626	-0.26769033
-0.019657489	-0.2660531
-2.4792073	-1.5155437
-1.676058	-1.4904397
-2.0469704	1.481543
-1.4204736	1.4668657
0.34752315	-0.254558
-2.6867049	-1.5015538
-1.1219066	1.4702262
-0.10068167	-0.2701478
-1.716546	1.4766464
-1.6247963	-1.496216
-1.5785745	1.4737955
-2.063597	-1.5033382
-1.6367536	-1.4995196
-2.5912704	1.4639362
-3.2888217	1.4360402
-3.3477051	-1.5238314
-4.1996593	-1.5278668
-3.8108919	-1.5444304
5.1717334	-0.15485068
3.9643247	-0.18965833
3.8355427	-0.19386332
3.8219013	-0.18922435
3.2334702	-0.21066257
3.2438703	-0.20811872
3.2154815	-0.20656213
3.1379764	-0.21268594
3.0918138	-0.21209548
2.8039672	-0.21855652
2.838737	-0.21695462
2.6838517	-0.22224863
2.0461798	-0.23516756
1.9101255	-0.23186186
1.6631082	-0.24792102
1.5264832	-0.25354892
1.6903454	-0.2523905
0.9313218	-0.2509248
0.3966573	-1.4624504
0.8682943	-0.25654268
0.89586455	-0.26467326
0.803342	1.5071764
1.6859407	-0.24204725
1.5204875	-0.2386059
0.8616614	-0.25680888
0.95645046	-0.25699803
1.2047726	-0.24983428
0.33201388	-0.2662459
0.45724288	-0.26596853
0.5957881	-0.25642404
-0.21850604	1.4834672
0.38997933	1.4880098
-0.09619357	-0.27402833
-0.51426613	1.4925468
-0.8269173	1.4859143
-0.6487403	1.4768986
0.18919812	-0.25349504
-1.2686107	-1.5145624
-1.2513375	1.4815229
0.29784974	-0.26640773
-0.8866703	1.4763412
-1.2686802	1.4620588
-0.92335665	-0.28473866
-1.8986033	1.4525851
-1.3865043	1.4696013
-1.7320155	-1.5005971
-1.1962447	-1.5011759
-2.4106193	-1.508029
-2.4724698	1.4421713
-3.4294133	1.4285856
-1.6019903	1.4567703
-2.2562904	1.4451331
-2.199178	1.4560357
-2.35177	1.4654195
-2.385005	1.447695
-1.8690146	-1.5039731
-2.5167177	-1.5248829
-0.857793	-0.2726544
-3.6983218	-1.517542
-1.5706756	-0.28543228
-2.2946715	-1.5196643
-3.1904826	-1.5386071
-2.828155	-1.524501
-3.505408	-1.54803
-2.3198984	-1.5195452
-2.9085798	1.4243672
-3.146956	1.446349
-3.2742352	-1.5370209
-3.9438753	1.4326445
-3.3813615	1.4504801
-2.7653828	1.4577897
-3.8885522	1.4284773
-4.7312293	-1.5697476
-3.2534785	1.4420154
-4.156503	1.4192903
-4.8461504	-1.5353957
-4.3383904	-1.5426136
-6.084903	1.3900987
5.8789577	-0.13009138
6.021265	-0.123048835
4.6091294	-0.1716765
4.7614484	-0.16740246
4.70299	-0.1652798
4.715153	-0.16899228
4.3726616	-0.17784272
4.08219	-0.18625079
4.1635118	-0.18206508
3.783629	-0.1915015
3.7001276	-0.19293734
2.8736315	-0.21847054
2.6537895	-0.2193023
1.5854214	1.5293792
0.8915344	1.5016931
2.262457	-0.23051305
1.8890804	-0.22951294
0.5099012	1.4961226
1.0883375	1.5047371
-1.0706832	-1.5006407
-0.5958813	-1.4905318
-1.7112538	1.4671736
-0.7033136	-1.4933678
-1.0815328	1.4754772
-1.7607257	1.4578056
4.6485796	-0.17024626
4.078805	-0.18744506
4.2960973	-0.17975622
3.3665044	-0.20263988
3.2007425	-0.20449223
2.8060157	-0.21463515
2.571694	-0.22659083
1.3265686	1.5092409
-7.045212	-1.919009
1.2794214	1.5158241
1.7574179	-0.23550686
0.67679685	1.4975145
1.8983483	-0.22658952
0.43909693	-1.4742595
1.0973356	1.5133296
0.009168163	1.4967049
0.050097585	-1.4785035
0.06021686	-1.4776707
-0.4692883	1.4918628
-2.115571	-1.5217004
-0.8422309	-1.4859402
-2.223638	1.4594299
-2.070571	1.4747454
-4.0843763	-1.530765
-3.9394777	-1.5424862
-4.412976	-1.5410553
-2.613219	-1.5001335
-5.8082604	-1.5635047
-3.6231246	-1.5359412
0.49031866	-1.4628115
0.059454083	1.4882703
1.4751136	1.5176982
2.034787	-1.4441302
3.4421303	-0.20501028
-1.7195723	1.4495271
-4.138428	-1.555726
-5.8353195	1.3887947
-2.1070077	1.455256
0.10097624	1.4950767
6.100512	-0.12273262
4.540411	-0.16583359
0.6813859	-1.4638261
3.3782296	-1.3971292
1.4426339	1.5083343
0.6292512	-1.4724824
-2.1164236	1.4406149
-0.9174929	1.466521
3.3711624	1.5605365
0.15193644	-1.4759039
1.649011	-1.4541683
0.2724924	1.5022262
-1.5026476	-1.5168195
1.1439049	-1.460245
1.3561904	1.5143977
1.1535802	1.4994495
2.283322	1.5341196
1.5070798	1.5151361
-5.4065228	-1.553068
2.2594159	-1.440877
-0.6048431	1.4813528
-2.2441556	1.4477276
-3.2743273	-1.536212
3.4949615	-0.19728188
3.3853989	1.5572472
6.0833135	-0.119541824
5.7528615	-0.13145372
-0.50119627	1.4777763
-2.3164818	-1.5240076
-1.2861545	1.4464833
-1.7004851	-1.5346235
-1.5009309	-1.5186027
-0.83621466	1.462605
-0.08916123	1.4719597
4.2624707	-0.18200673
0.88397485	1.4990575
0.64944845	-1.4741601
-2.934541	1.4358208
5.277011	-0.15137266
2.6763535	-0.22304945
2.8987503	-0.21283384
4.7685585	-0.17195106
-4.266428	-1.5697756
-3.3169909	-1.5464828
-2.6363225	1.4398398
4.4915485	-0.17560627
1.6974533	1.5187619
-1.9595964	-1.5348781
-3.637848	1.4101926
-3.0868816	-1.5554222
1.5429682	-1.4548723
0.9076768	-1.4709628
-0.11236959	-1.4843851
0.6224105	-1.4766452
-0.46365717	-1.4911027
-2.9801826	-1.5505449
-0.8991667	1.4632162
-0.035190362	-1.4963052
-0.45035923	1.4627393
-2.158878	1.441048
-1.6185323	-1.5143412
2.4349248	-0.21849804
1.2349949	-1.4575613
1.9592236	1.5107745
1.0691085	1.5035824
2.1625836	-1.4435238
2.9229941	1.545621
-1.3842307	-1.5156662
-2.2827566	1.4492906
0.34548143	1.4808904
0.5300244	1.4930203
-0.11899342	1.4711765
1.7101216	1.5176715
-1.6921804	-1.5013283
-0.95678484	1.4533468
-2.4404812	-1.5031738
-5.756417	-1.5567753
-1.919375	-1.5286518
-0.94540846	-1.5099684
-0.89553297	1.4668564
-2.087257	-1.5153333
-3.782355	1.4230849
-2.8210876	-1.5220655
-5.335186	1.4053115
-0.08780373	1.4904807
1.298668	-0.2531754
0.3060985	-1.4688575
3.956501	-0.19286567
-1.3408563	-1.5033064
3.8128953	-0.19763361
0.90906835	1.506804
3.8906803	-0.19322136
0.16037628	1.4971412
-0.3812967	-1.4887435
-0.39917254	-1.4889977
0.94503015	1.5123712
1.5323647	-0.23890777
0.39907968	-1.4735144
-0.50268346	-1.4859731
-2.1092725	-1.5192885
0.7236507	1.496363
1.6711942	-1.4537368
4.3739753	-0.17791855
-0.5198679	1.4754212
-0.07253431	1.4775493
0.5288716	-1.4752346
0.22720438	-1.4823403
3.160678	-0.21134265
0.022525758	1.4888414
3.039413	-0.21604787
2.1183023	-1.4419504
0.5193828	1.4928284
-0.43716007	-1.4892523
1.2487999	-0.25755492
-0.89213336	1.460542
-3.9965103	1.40436
-1.3162928	-1.51334
4.931952	-0.1645042
5.68515	-0.14017586
-2.56751	1.4341387
-0.3058555	-1.4852449
-0.034092076	-1.4982978
-2.9309149	1.4297092
-0.70014626	1.4806437
-1.5752205	1.4647448
-3.372002	-1.5420045
-0.48620173	1.4727496
-3.1008487	-1.548507
-1.5796427	1.4523133
-1.6466315	-1.5271411
-1.8295254	-1.5161332
-2.80429	1.4333402
-0.28559905	-0.28316623
2.7702293	-0.21938588
2.0027857	-1.4443132
0.37537676	-1.4837471
2.6276352	-0.22292186
3.0404308	1.5471218
1.7649593	-1.4494858
0.94468635	-0.2627055
2.8807118	-0.2199017
2.9171717	-1.4213352
1.3493896	-1.4551352
1.1774602	-0.25378123
2.8034348	1.5449265
3.181101	1.5533382
2.5249755	-0.22104967
-0.20441478	-1.4941992
3.6657915	1.5650136
-0.08629021	-0.2868134
-1.4164717	-0.28262687
-1.4200927	-1.5219616
-1.6994776	-0.28503668
-1.4023035	-0.29273206
-1.8807671	-1.5229924
0.80347055	-1.461276
0.21211933	-1.4780389
2.3732777	1.5289556
1.9803514	1.514775
1.1689328	-1.4643419
1.1843693	-1.4622624
3.087293	1.5538481
0.8581021	-0.27527022
1.0829843	-1.4678543
2.1455898	-1.4434494
4.0442686	1.5787561
-0.25024217	-0.2825536
4.025212	1.5759252
0.3732348	-1.4705827
-2.792508	-1.5320743
1.1380185	1.5065218
-0.6826683	1.4681308
0.7103322	1.494922
4.6747584	-0.17368563
1.458777	-1.4551017
3.054578	1.5481095
4.514677	-0.17819704
5.1261663	-0.15802626
5.5289702	-0.14370869
0.34529427	-1.4750879
2.0111897	1.5326067
2.8508604	-1.4205488
-0.23641104	1.481599
-1.4754145	-1.5100598
-2.6777878	1.4598397
-1.002441	1.46903
0.8532732	-1.4914956
-0.079533525	-1.497577
2.6205394	1.5395684
-0.2661289	1.473503
3.8554673	-0.19450542
0.2987371	-1.4881258
0.76924115	1.497148
-0.26935774	-1.5083306
3.0926828	-0.21317886
0.72941184	1.483454
0.304155	-1.4823503
-0.24134248	1.4750615
0.15192936	1.4801246
0.5386405	-1.4732298
4.447449	-0.1770622
3.6716588	-0.19384958
4.0777683	-0.1846843
2.959688	-0.21421102
2.9606085	-0.2051428
2.9725676	-0.20916101
2.82573	-0.21454233
1.2493258	1.5121988
0.7354921	-1.4654791
1.8794495	-0.22866333
0.8383011	-1.4581317
1.8810579	-0.23207572
0.11596116	1.5012839
-1.9604114	1.4492627
-2.421819	-1.5013472
-2.0699315	1.4588723
-2.3974113	-1.4961274
-2.8206196	1.4435877
-3.978254	1.430187
-3.57895	-1.5279965
-4.1560826	1.429383
-4.3573723	-1.5437925
-3.987557	-1.5336704
-3.911399	-1.535292
-5.0559783	-1.5078031
5.346009	-0.15165864
5.1385927	-0.15876192
4.799911	-0.16765688
4.547714	-0.17277737
4.3649545	-0.1769051
3.6076279	-0.19445677
3.6109505	-0.19565703
3.338883	-0.1917703
2.097572	-0.2203591
2.6574988	-0.21428925
2.1992137	-0.22806002
2.1877031	-0.22969964
1.3875835	-1.4538802
2.3390179	-0.22673328
2.2275162	-0.22522478
1.3163748	1.5204791
-0.090389885	1.5009109
-0.5408189	-1.4879422
0.20735484	1.4906058
-0.5973122	-1.4828981
-0.592183	-1.460788
-0.63567203	-1.4868135
-0.78199	-1.4900739
-1.0483526	-1.5003611
-1.0697914	-1.4979662
-1.9406039	-1.490198
-1.7857149	1.4745846
-1.9178474	-1.5082072
-2.5776293	-1.5108267
-1.9773355	1.4640656
-2.2571695	-1.5146971
-2.4917889	1.4670862
-1.9698241	-1.5224115
-2.3462088	1.4625437
-3.2444403	1.4510148
-4.839665	-1.5462416
-4.094169	1.4395541
-4.217742	-1.5203387
-4.0747643	1.4342456
-4.7178054	-1.5552768
-6.17535	-1.5469682
-6.2232914	1.4415852
-6.325465	1.4142027
5.3716636	-0.14750317
4.211085	-0.18088783
3.6190138	-0.19984175
3.533881	-0.20482783
2.885338	-0.2095971
2.7696023	-0.2236592
1.9206383	-0.22864811
1.6578484	-0.23834643
1.7281828	-0.23365927
1.0220685	1.5162826
1.4539105	-0.23887989
1.3375592	-0.25736713
1.1986314	-0.24969602
1.0332203	-0.25213075
-0.5089035	-1.4766598
0.95330745	-0.25611177
-1.0080966	-1.4966253
-0.5326164	1.4870607
-0.1904737	-1.4905413
-0.8226765	1.473581
-1.4380386	-1.5031184
-1.3209428	-1.4868289
-4.683267	1.4557626
-1.7052165	-1.5062677
-1.9232048	1.4524924
-1.6742175	1.4670433
-1.6474814	1.4645982
-2.6994092	1.456614
-1.1419992	1.4842916
-2.7678027	-1.5208445
-2.9884672	1.4583876
-3.7157629	1.4680057
-3.8599973	-1.5348969
-4.208826	1.4517192
-3.7678523	1.4278433
-5.7051115	-1.5580627
5.51656	-0.14294833
5.1189656	-0.15703143
4.1047	-0.18632059
3.9822729	-0.18585807
3.8862422	-0.19496393
2.9776366	-0.22172958
3.571907	-0.1957415
3.1142735	-0.20852624
1.619315	-0.20095144
3.2709565	-0.20259812
3.0940447	-0.21230055
2.8838227	-0.21876737
2.8683875	-0.22159342
2.7190254	-0.21468848
1.6750776	1.5238799
2.2762158	-0.21925925
2.3531141	-0.2149175
2.4796774	-0.22127552
1.7475497	-0.24077232
1.6932877	-0.2522543
1.6799791	-0.23740636
0.8972406	-0.24209118
1.7616853	-0.23552547
1.3668603	-0.24966013
-0.04837928	-1.4839318
1.0819137	-0.24390337
-0.36000696	1.4756683
-0.945752	-1.4973783
0.65132403	-0.2639422
0.23368329	-0.2548734
0.8623213	-0.26162016
-1.6679736	-1.4966828
0.36896148	-0.25684866
-1.2446227	-1.4875306
-1.9157115	1.4652798
0.04287848	-0.27475932
-0.9691886	1.4652114
-0.74455416	-1.485102
-1.1243083	1.4772899
-1.2842312	1.4780972
-1.0540544	1.4942771
-2.5104177	1.4651631
-1.3703018	-1.4949313
-2.5391445	-1.5206051
-1.6432617	1.4744883
-2.2887278	1.4527106
-2.3005326	1.4524808
-1.5684955	-1.5064744
-1.7441269	1.4708699
-2.842372	1.4260864
-1.7506027	1.4663885
-2.12423	1.4561473
-0.7324649	1.5083134
-3.0470824	1.4479016
-4.430301	1.427106
-5.651334	1.4460703
5.028994	-0.15847453
4.893194	-0.16103952
4.1468163	-0.18215662
3.709224	-0.19264401
3.5102327	-0.1981024
1.6242867	-0.23074812
1.7346666	-0.23940879
-0.27091902	-1.4787287
-0.51937467	1.4872577
-0.84473556	-1.4788646
-1.2118566	-1.4944594
-1.6272335	1.472818
-1.9937419	1.4609821
-1.9387369	-1.5081097
-2.5233278	1.4634471
-1.4518443	1.4859084
-2.133107	1.4629192
-2.2068124	1.4691197
-2.805673	-1.5331867
-2.1599596	-1.5146445
-3.690476	-1.5395612
-4.0312843	-1.534779
-6.0932627	1.4385749
4.4636493	-0.1759202
4.3750734	-0.179681
4.206788	-0.18137972
3.121389	-0.2045245
3.2834902	-0.20938922
2.72578	-0.21800414
1.5055658	-1.4555931
1.5838239	-0.23986612
1.9972668	-0.23197514
1.5380851	-0.23484786
1.7755738	-0.23510742
1.4668093	-0.2474621
1.1021955	1.5113616
1.3615445	-0.24864246
1.521667	-0.2342192
-0.8604745	1.4822829
1.3774415	-0.24132642
-0.36563244	1.482172
-0.53766185	-1.4765804
1.2610717	-0.24300124
0.70724607	-0.25063545
0.54751074	-0.26093993
0.15553203	-0.2748889
0.8808592	-0.25842535
0.7222892	-0.25430313
-0.754276	-1.4845701
-1.0758784	1.4774791
-0.95441777	1.4670646
-1.3141226	1.4785467
-0.3711997	-0.26686496
-2.0415628	1.4628406
-1.7611786	1.4709699
-1.7632927	-1.5137551
-2.652536	1.4526832
-1.9751457	-1.5211874
-0.5428809	-0.2795291
-2.6489763	-1.5354753
-1.1555511	1.4648961
-2.222895	-1.5112278
-2.8540902	1.4437443
-2.1959794	1.469767
-1.2227277	-1.5010682
-0.8570743	1.4848468
-2.4255724	-1.5146449
-2.3071995	-1.5196368
-2.2501822	1.4437233
-2.7997212	-1.5251184
-1.9580895	-1.4967455
-3.5491185	1.4328662
-4.1021304	1.4292966
-4.114946	-1.5368092
-3.515574	-1.5275707
-2.7222514	-1.5285031
-3.7450433	-1.5179114
-2.919579	-1.5135785
-3.5377934	-1.5424805
-3.2444093	1.4539533
-2.9226377	-1.5157897
-3.6934915	1.434488
-4.4297357	1.4637207
-5.5790696	1.4334921
-5.871235	1.4099762
-4.9316807	1.4346899
3.743917	-0.18560223
2.3729956	-0.22217526
2.5803647	-0.20737779
-0.6805505	1.48868
-0.4382354	1.4990381
0.42355853	-1.4577458
-0.21232651	-1.4715503
-1.535862	-1.4741104
0.5982616	-0.25042537
-1.9091424	1.4710864
-2.4800699	1.4623141
-1.5431492	1.4743978
-0.39777508	-0.27268732
-2.0813382	-1.5113626
-3.324144	1.4354366
-2.7106602	-1.5162431
-4.5080647	1.4321121
-6.157652	-1.5754733
4.986297	-0.16150562
3.8172848	-0.19143882
3.578368	-0.19887696
3.623431	-0.20099474
3.4131238	-0.20245153
2.96463	-0.21932575
2.8320632	-0.2191441
2.5769517	-0.22743344
2.3962886	-0.23100126
2.3370917	-0.23266391
1.8438764	-0.23747581
1.87012	-0.23330498
1.4665884	-0.2506961
1.383902	-0.23621956
0.32818276	1.5000827
-0.8137485	1.4471272
0.79001	-0.261539
-0.9848909	1.4736003
-0.82004565	-1.4930667
0.5446936	-0.26297072
-0.2607853	1.478516
-0.79851604	-1.4914613
-0.5027802	-0.27138793
-1.984915	1.4353924
-0.83322495	1.469623
-1.8619815	1.4558209
-2.7517629	1.4345791
-2.6706038	1.453708
-3.4937422	-1.516123
-2.8435566	1.4426117
-3.4487045	1.449018
-4.1426353	1.417088
5.3099937	-0.14984034
4.970416	-0.1591351
3.2185254	-0.20612198
1.4781126	1.5174214
1.0441061	1.4992524
1.1122909	1.5028299
-0.009671744	-1.4938059
-0.35065013	1.501623
-2.134695	1.454304
-3.5820384	1.4256461
3.0247405	-0.21770188
2.874817	-0.21383476
2.1520834	-0.21811928
0.18450218	1.5111953
1.5121084	-1.452505
-0.065005854	1.4872532
0.14381976	-1.4758266
-0.6644022	1.4849188
-0.5134387	-1.4879202
-1.6669875	1.4803336
-1.7809713	-1.5082415
-1.8830026	-1.5146586
-3.5171027	-1.5178006
1.0605533	1.5054995
1.3810229	1.5135827
0.22732575	1.4860243
5.5836406	-0.138643
-0.78378457	1.4648744
-2.6128259	-1.525086
-4.95485	-1.5631877
-4.9375567	-1.5692644
-2.992953	-1.5229478
-4.07637	-1.5483415
-0.643729	1.461229
3.176134	-1.4127623
3.4476118	-1.4031119
-1.84313	1.4595493
-2.3608892	-1.5352491
-3.3182354	-1.5281105
-1.7536601	1.4658257
-1.3274971	1.4750792
-1.2663865	1.4587308
-0.27554917	1.4755914
2.9530828	1.5490798
0.7592122	-1.4710103
0.30466494	-1.4760777
2.60593	1.5364211
4.793314	-0.1664429
-2.6348834	1.432142
-4.2910376	-1.5408052
1.19046	-1.4532036
0.43999666	-1.4727237
-3.0231042	1.4370819
-1.5542179	-1.5106354
-1.0323111	-1.5184448
0.04522456	-1.4907774
2.4824533	-1.4337194
-3.2306561	-1.5516568
4.537827	-0.17606515
1.785237	-0.24142294
-0.9539414	1.4751915
-1.9200442	-1.5147772
-0.54966414	-1.4891787
1.7556819	1.5149904
-1.1771162	1.4449011
-0.3129201	1.4635758
1.6086674	-1.4555894
0.9791049	-1.463503
-2.8484964	-1.5398124
1.8720295	1.5195771
0.08392583	1.4777224
-2.6322286	-1.5273579
-2.4116476	-1.5374907
3.5841196	-0.20277569
-1.978942	1.4504485
-3.7999291	-1.5353159
-0.49598318	1.4833553
-2.9495335	1.4419179
-3.5677495	-1.5218893
-0.8725882	1.4655803
-2.4775221	-1.5330111
3.3902397	1.557628
1.8047755	-0.23733187
0.63278294	1.504164
2.6210217	-0.22022817
-1.0298166	-1.5037743
-2.8160968	1.4542918
-0.628159	-1.4888057
-2.890207	-1.530171
-2.1577318	-1.5037845
1.5932071	-1.4460403
-1.4276698	-1.5031806
-0.72255516	-1.4982579
0.86599135	-1.4760566
0.21542616	-1.4828384
1.5502474	1.5190575
1.1296718	1.5015901
0.695491	-1.4778157
0.0052981973	1.4734215
-3.5102777	-1.5557193
-3.8485668	1.4136472
-1.5936587	-1.5124179
-3.5822234	-1.5308337
-0.04057794	1.4842259
-1.3785623	-1.496614
-0.15932718	1.4723063
0.58219576	-1.4690186
-1.829253	1.46389
-2.1903481	-1.5241867
-4.12521	-1.548191
-0.9837844	-1.5176394
3.176095	-0.2174988
-2.0163915	-1.5147334
0.85720396	-1.4745585
5.0487213	1.6105866
0.7235967	-1.4675685
2.2036164	-1.436972
3.442125	-0.2025916
3.1883314	1.5490494
0.41217577	-0.26452577
-0.6698093	-0.2898339
-0.16615689	-1.4935695
2.1833725	-1.4432335
2.1306505	-0.23567913
2.1740315	-0.23391385
3.3507955	-0.21047464
1.6233596	-1.4605383
-2.866101	-0.30905962
-1.1739218	-1.5205929
0.65096307	-1.476478
1.6733452	-1.4534525
1.5699747	-0.25745362
0.44044903	-1.481977
1.3445162	-0.23190622
2.1068423	-0.23372586
0.6207194	-1.4748254
-0.17649153	-1.4792695
1.8514562	-0.24858186
1.4389822	-1.452038
2.5647886	-0.22249927
3.1659806	-0.20691623
3.4719372	-0.20382448
0.59831417	-0.26206052
-1.0133035	-0.29140767
1.4443405	1.5086317
3.33746	1.554364
0.7194598	-1.4671564
0.8680899	-1.4716988
4.2684665	-0.18655086
3.3605232	1.5579308
4.5619392	-0.17677487
0.5224133	1.4993767
1.200663	-1.4587142
-0.41867417	1.4909166
-0.5217195	1.4737486
-4.0828404	1.4356025
-1.4441592	1.4758011
-0.47063068	1.4875193
-0.90600306	1.4772186
-1.6184806	1.4556667
-1.6397256	-1.5178918
-2.5502815	1.4620091
0.6732713	-1.4820321
1.4177656	-1.4553797
-0.34959915	1.4788122
0.3203342	1.4808244
0.872546	1.4900334
2.7230704	1.5358512
3.901339	-0.18939626
3.9284697	-0.18931124
2.8806353	-0.21192516
1.8226658	-0.23095377
-2.2249253	-1.519068
-1.6010914	1.481601
-1.786413	-1.5135206
-2.8038309	1.4457643
-3.5598671	-1.533275
-4.990219	1.4294791
-6.66254	1.4305607
4.9979987	-0.1602292
4.7052975	-0.16795598
4.265977	-0.18074869
3.7428286	-0.19493894
3.6020498	-0.20314917
3.5230181	-0.19648717
3.4954567	-0.20239118
3.3668897	-0.20090711
2.7139199	-0.21483035
2.2124329	-0.22954188
0.7626016	1.5140544
1.3355982	-0.25230098
1.6868733	-0.22812696
0.7472662	-1.4654691
-0.6987543	1.4739233
-0.69815594	-1.4842544
-0.34423214	-1.4630326
-1.4680837	-1.4987477
-2.0614579	-1.4986795
-2.4825063	-1.5198992
-1.6622032	-1.5037427
-2.898906	1.4519686
-2.292282	-1.5161422
-2.3106859	1.4658576
-3.252613	1.4367479
-5.6050344	-1.5634099
5.4209895	-0.14720556
3.730406	-0.18979536
3.338573	-0.2032381
3.0995824	-0.21177557
2.4294057	-0.21887249
2.5624864	-0.21434475
0.83174765	-0.2551454
-1.4722581	-1.4938612
1.3820647	-0.24134068
1.569518	-0.2451459
0.26151514	-1.480503
-0.23898086	1.4791937
-1.0241774	1.4774675
-0.52927667	1.484999
-0.48372766	1.483939
-0.106020465	1.4936565
-0.7256522	1.4786102
-1.0117165	1.4698484
-0.8623208	1.4825374
-1.8803526	1.4623077
-2.1332185	1.4567229
-2.488095	-1.5163542
-1.9858322	1.4471908
-2.8196194	-1.5140194
-3.8709378	1.4494298
-3.7526274	-1.5403035
-4.246016	1.447321
5.1325974	-0.15676768
4.787111	-0.16714782
4.254673	-0.18444993
4.173041	-0.18358423
3.9789643	-0.1872858
3.942071	-0.19142893
3.9875941	-0.18759286
2.9909005	-0.21436237
3.15451	-0.20358041
2.6481845	-0.21871212
2.888686	-0.21961492
2.4656167	-0.22662331
2.6840084	-0.22032309
2.1347437	-0.22136918
2.0649228	-0.23579015
2.715741	-0.21308568
2.0535555	-0.2396039
0.88434756	1.5069329
1.6419318	-0.2310781
1.0803909	-0.25042158
-0.10115099	1.4867898
0.8117332	-0.25458837
0.13076495	-0.26263595
-1.8331456	-1.5020308
-1.7030712	1.484824
-0.79564357	-1.4901122
-0.13852054	-0.2787317
-0.07631642	-0.2651685
0.18011299	-0.26346007
-0.71556145	-1.499616
-1.0493743	1.4703126
-1.8265657	-1.510445
-1.7328047	-1.5098637
-2.3495774	-1.5020351
-2.7582693	1.4586382
-2.7466516	1.461832
-2.282501	-1.5130572
-2.6540482	-1.5045166
-2.4626029	1.462545
-3.7923105	1.437928
-6.204124	1.4407567
5.774002	-0.13386369
3.5426672	-0.19994074
2.0426102	-0.22580336
1.6959606	-0.22775906
0.4748171	1.5027907
-1.5529147	-1.506691
-1.891999	1.4468292
-2.1545758	-1.5192708
-2.454198	-1.5108904
-2.4325807	1.4582095
-3.5502648	1.4500217
-3.4139776	-1.5424297
-3.8002276	1.4307567
-4.8188825	1.4431297
-5.887162	-1.5667965
4.949525	-0.1595954
3.8522792	-0.19377321
3.5249593	-0.20075954
3.4245179	-0.19898424
2.8351	-0.21734491
2.6969008	-0.22442348
2.9573224	-0.21177019
2.0471265	-0.22912881
2.4667573	-0.23163733
2.0640774	-0.241426
1.0838346	-0.25245896
1.1787745	-0.24462019
-0.45752162	-1.4771545
0.29369667	-0.26717904
0.2383593	-1.4758946
0.4163392	-0.2624371
0.54429936	-0.26099885
-0.24748509	-0.26039708
-1.1990715	-1.4965965
-0.9956285	1.4779054
-0.20200111	-0.26542735
-0.93903184	-1.4796942
-1.5212317	-1.5030138
-1.6097915	-1.5021482
-1.3612295	1.463849
-1.9212183	-1.5081058
-1.7966634	-1.5114813
-1.8599669	1.4554827
-1.7610116	1.4546546
-1.8042451	1.4579269
-2.5760665	1.4411136
-3.1949797	1.4415959
-2.1931963	1.4588696
-2.845821	-1.5300804
-3.473629	1.4338706
-2.1861482	1.4446206
-2.9103005	-1.5256906
-3.1148643	-1.5236337
-2.3273158	1.443593
-4.7064805	1.439887
-3.7264118	-1.537029
0.6771359	-0.25501058
0.6142457	-0.25063136
-3.5891252	-1.4911845
-1.7014457	1.4709355
-2.186065	1.4504696
-2.3949358	1.4522352
-3.2326996	-1.5368564
-4.542942	-1.5366722
-4.606657	-1.5516431
3.3575773	-0.20742214
3.0469818	-0.21006581
2.3782408	-0.22850095
1.9706869	-0.23866348
2.213175	-0.22905411
1.7770869	-0.24196316
1.6888251	-0.23592953
0.96105576	-0.24928513
0.1943363	1.4895592
1.7884066	-0.2423351
0.8704949	-0.2566864
-0.5600187	-1.4912833
-0.7966216	1.4640542
0.25400162	-0.26691562
-0.68384236	1.4662113
-1.1384058	-1.4946723
-2.186081	1.4516695
-2.3336098	1.4453713
-0.9925484	1.4862164
-1.2907346	-0.2890565
-2.4082618	1.4530797
-1.7315573	1.4505537
-1.8324949	-1.5120307
-2.0797558	-1.5138596
-2.506493	-1.5271565
-3.14791	-1.5251653
-3.2957628	1.4421986
-3.5268302	1.4375455
-4.9195433	1.4065633
-3.186727	-1.5396308
-5.551526	1.4155451
4.3643646	-0.17817351
2.9582927	-0.20840937
1.0060465	-1.4475923
0.57210994	1.4996787
0.70926696	-1.4755591
1.4414958	-0.24698849
-2.1048512	-1.5204229
3.7451398	-0.19530816
3.1896827	-0.21094225
2.6035476	-0.21782646
1.2003386	1.5169449
0.99634737	1.5125208
-0.75743496	1.4880953
-0.71036553	1.4743025
-1.3456109	1.4647808
-3.7422414	-1.5426317
-3.5725408	-1.5453411
-0.54277134	-1.5114509
3.1698587	1.5567349
5.9026675	-0.12779601
3.9027305	-0.19320801
-0.10907829	1.4972239
3.6561527	-0.19654188
2.1376796	1.5297626
-0.37933427	1.4719089
-0.35150227	1.4723296
1.7341313	1.5221498
-1.3759081	-1.5186787
0.6240322	1.5032617
-3.0111215	-1.536313
-0.24763873	-1.4973667
0.41379926	-1.4755119
1.465981	-1.4643321
-0.5386765	1.4628414
1.492636	-1.4511329
-0.08839399	-1.4915993
-3.8375561	-1.5525833
1.3640169	1.5110993
-2.0323257	-1.5058379
-1.2536161	-1.4897602
-3.2439988	-1.5277456
0.1339473	1.4945557
-0.60949236	-1.4694438
-2.567252	1.427713
-1.3461474	-1.5209275
-0.03745286	-1.4885354
0.49295238	1.4944172
-1.8989289	-1.524698
-0.83919454	-1.501057
6.036357	-0.12503609
1.354595	1.5078835
0.0022015274	-1.4733062
6.029522	-0.12198275
2.8423443	1.5417657
4.29017	1.5830451
1.2413875	-0.2517605
1.2318381	-1.4620144
1.2313513	1.5022764
3.6891677	-0.20072606
0.9985408	-0.25454614
-0.11449313	-1.4931388
-1.0103841	-0.29729772
-2.7758822	-1.5360124
3.6113615	1.5606035
2.8138525	1.5409665
0.890963	-0.2623714
2.7178512	1.5447905
1.1970308	-1.4592748
1.0899967	-0.25570956
-4.7597623	-0.34432292
-3.739603	-1.539496
5.142763	-0.15687482
0.91091216	-1.469932
0.11011289	1.4874057
3.1302178	-1.4120061
-1.3342893	-1.5048025
5.100431	-0.15904155
-0.3532844	1.4676769
-0.35515907	-1.4979818
-0.16839983	-1.4979587
0.03143329	-1.4908496
0.73409104	-1.4697797
1.8669512	-0.2304868
0.24415338	-1.4795092
-1.0651397	-1.4866258
-5.6703005	1.4472009
-5.6625524	-1.529988
4.633142	-0.16984288
4.5234528	-0.17241323
4.582306	-0.17042644
4.336338	-0.17676845
3.3849893	-0.20174357
3.3002222	-0.19837801
3.497953	-0.2016633
3.383941	-0.2047542
1.8596845	1.5254284
2.5798419	-0.21708846
2.3322654	-0.23455296
0.7936817	1.5041078
0.79702073	1.5104699
-1.0344877	1.4763523
0.06576742	-0.2694058
-0.59740365	-1.4864321
-1.9991308	1.4769056
-2.7546692	-1.5161716
-2.7725964	1.4543107
-3.8332896	1.4292753
-5.419278	1.400877
-6.1174183	1.4064753
5.664045	-0.13844022
4.1699734	-0.16750765
3.7626593	-0.19457442
3.7250276	-0.19116716
3.0603716	-0.20399943
1.7703652	-0.21519972
1.6532383	-0.23819973
1.4457463	-0.23920076
0.6576151	1.4983175
-1.5619737	1.4771848
-1.8623877	1.4726859
-1.3631034	-1.4934065
-2.0685248	1.4546472
-1.8453691	1.4545618
-1.758678	1.4879237
-2.2221317	1.4674381
-3.0094874	1.4635005
-4.2635765	-1.5468915
4.757715	-0.16850518
4.309561	-0.17834689
3.6951919	-0.19575411
3.1216018	-0.21322796
2.2968078	-0.2150139
1.7311531	-0.21719393
1.7054042	-0.24433519
0.6904294	-0.25319877
0.67453635	-0.26230764
-0.7425465	-1.4773088
0.094559066	-0.2600844
-1.1751604	-1.4956177
-0.9464575	-1.4920611
-0.91269225	-1.499609
-2.1577523	-1.4994404
-1.9207159	1.4484142
-2.482578	1.4841385
-2.3212972	-1.5171591
-2.561179	-1.523724
-4.2011957	-1.5266408
0.6746609	1.5069762
1.0359429	-0.24691342
-1.0745567	1.4654769
3.7002208	-0.19373025
2.9986944	-0.21587482
2.5196683	-0.22130263
2.0821617	-0.23220655
2.0505414	-0.23700063
1.1668189	-0.25185838
-0.40698007	1.4807428
0.46213996	-0.2671038
-0.7317312	1.473264
0.14243668	1.4975559
0.8387572	-0.25013354
-1.1638535	1.4787066
-1.8065183	-1.507444
-0.86824787	1.4683414
-0.47016644	-0.2704282
-2.8130858	1.4531237
-2.9001064	1.4543233
-3.0542245	-1.5133353
-5.0779963	1.4238707
0.9928713	1.5051495
0.924041	-0.24723649
0.28218082	-0.25430018
-1.715682	-1.4954498
4.719542	-0.16378963
2.2054703	-0.23113249
1.6995492	-0.23759484
1.7126569	-0.24367677
0.63293475	-0.245784
-0.8042946	1.4793869
0.56314826	-0.26104775
-0.5815651	1.474994
-0.6385894	-0.29106653
-2.5042014	-1.5229577
-2.686718	-1.5420636
-2.9404447	1.446172
-3.4368277	-1.5426111
-3.9010003	1.4221048
4.6274376	-0.1689489
4.1039424	-0.18319702
2.6742237	-0.21781506
2.7506518	-0.20725884
2.5347705	-0.22514881
1.2631502	1.513199
0.9922369	1.5018092
2.209403	-0.22828364
2.5701296	1.542623
2.02075	-0.23018375
0.5106561	-1.4694799
-0.18014601	1.4864702
-0.30381826	1.483713
-0.58265287	1.4798622
-0.9116466	1.4829868
-1.8592364	-1.5016783
-4.8813868	1.4403751
