0.06 0.61 0.48 0.5 0.49 0.92 0.37
0.23 0.48 0.48 0.5 0.59 0.88 0.89
0.34 0.49 0.48 0.5 0.58 0.85 0.8
0.43 0.4 0.48 0.5 0.58 0.75 0.78
0.46 0.61 0.48 0.5 0.48 0.86 0.87
0.27 0.35 0.48 0.5 0.51 0.77 0.79
0.29 0.47 0.48 0.5 0.71 0.65 0.69
0.55 0.47 0.48 0.5 0.57 0.78 0.8
0.12 0.67 0.48 0.5 0.74 0.58 0.63
0.4 0.5 0.48 0.5 0.65 0.82 0.84
0.48 0.45 0.48 0.5 0.6 0.78 0.8
0.54 0.49 0.48 0.5 0.4 0.87 0.88
0.48 0.41 0.48 0.5 0.51 0.9 0.88
0.5 0.66 0.48 0.5 0.31 0.92 0.92
0.47 0.55 0.48 0.5 0.58 0.71 0.75
0.33 0.56 0.48 0.5 0.33 0.78 0.8
0.54 0.57 0.48 0.5 0.56 0.81 0.83
0.47 0.59 0.48 0.5 0.52 0.76 0.79
0.49 0.42 0.48 0.5 0.53 0.79 0.81
0.31 0.5 0.48 0.5 0.57 0.84 0.85
0.33 0.45 0.48 0.5 0.45 0.88 0.89
0.45 0.4 0.48 0.5 0.61 0.74 0.77
0.34 0.51 0.48 0.5 0.67 0.9 0.9
0.2 0.46 0.48 0.5 0.57 0.78 0.81
0.12 0.43 0.48 0.5 0.63 0.7 0.74
0.61 0.52 0.48 0.5 0.54 0.67 0.52
0.63 0.65 0.48 0.5 0.66 0.67 0.71
0.41 0.51 0.48 0.5 0.53 0.75 0.78
0.34 0.67 0.48 0.5 0.52 0.76 0.79
0.5 0.57 0.48 0.5 0.71 0.61 0.66
0.37 0.47 0.48 0.5 0.39 0.76 0.79
0.36 0.47 0.48 0.5 0.51 0.69 0.72
0.39 0.41 0.48 0.5 0.52 0.72 0.75
0.35 0.51 0.48 0.5 0.61 0.71 0.74
0.31 0.44 0.48 0.5 0.5 0.79 0.82
0.61 0.66 0.48 0.5 0.46 0.87 0.88
0.48 0.49 0.48 0.5 0.52 0.77 0.71
0.11 0.5 0.48 0.5 0.58 0.72 0.68
0.31 0.36 0.48 0.5 0.58 0.94 0.94
0.52 0.54 0.48 0.5 0.62 0.76 0.79
0.46 0.59 0.48 0.5 0.36 0.76 0.23
0.36 0.45 0.48 0.5 0.38 0.79 0.17
0 0.51 0.48 0.5 0.35 0.67 0.44
0.1 0.49 0.48 0.5 0.41 0.67 0.21
0.63 0.75 0.48 0.5 0.64 0.73 0.66
0.7 0.39 1 0.5 0.51 0.82 0.84
0.7 0.61 0.48 0.5 0.56 0.52 0.43
0.66 0.86 0.48 0.5 0.34 0.41 0.36
0.65 0.57 0.48 0.5 0.47 0.47 0.51
0.72 0.86 0.48 0.5 0.17 0.55 0.21
0.67 0.7 0.48 0.5 0.46 0.45 0.33
0.63 1 0.48 0.5 0.35 0.51 0.49
0.57 0.59 0.48 0.5 0.39 0.47 0.33
0.71 0.71 0.48 0.5 0.4 0.54 0.39
0.66 0.74 0.48 0.5 0.31 0.38 0.43
0.67 0.81 0.48 0.5 0.25 0.42 0.25
0.64 0.72 0.48 0.5 0.49 0.42 0.19
0.68 0.82 0.48 0.5 0.38 0.65 0.56
0.7 0.64 0.48 0.5 0.47 0.51 0.47
0.63 0.57 0.48 0.5 0.49 0.7 0.2
0.74 0.82 0.48 0.5 0.49 0.49 0.41
0.63 0.86 0.48 0.5 0.39 0.47 0.34
0.63 0.83 0.48 0.5 0.4 0.39 0.19
0.71 0.86 0.48 0.5 0.4 0.54 0.32
0.68 0.78 0.48 0.5 0.43 0.44 0.42
0.64 0.84 0.48 0.5 0.37 0.45 0.4
0.75 0.84 0.48 0.5 0.35 0.52 0.33
0.63 0.65 0.48 0.5 0.39 0.44 0.35
0.69 0.67 0.48 0.5 0.3 0.39 0.24
0.69 0.8 0.48 0.5 0.46 0.57 0.26
0.64 0.66 0.48 0.5 0.41 0.39 0.2
0.66 0.71 0.48 0.5 0.41 0.5 0.35
0.69 0.59 0.48 0.5 0.46 0.44 0.52
0.68 0.67 0.48 0.5 0.49 0.4 0.34
0.62 0.78 0.48 0.5 0.47 0.49 0.54
0.76 0.73 0.48 0.5 0.44 0.39 0.39
0.64 0.81 0.48 0.5 0.37 0.39 0.44
0.69 0.66 0.48 0.5 0.41 0.5 0.25
0.74 0.56 0.48 0.5 0.47 0.68 0.3
0.59 0.61 0.48 0.5 0.42 0.42 0.37
0.74 0.74 0.48 0.5 0.31 0.53 0.52
