0.63 0.47 0.48 0.5 0.51 0.82 0.84
0.52 0.39 0.48 0.5 0.65 0.71 0.73
0.73 0.36 0.48 0.5 0.53 0.91 0.92
0.64 0.58 0.48 0.5 0.48 0.78 0.73
0.63 0.5 0.48 0.5 0.59 0.85 0.86
0.6 0.61 0.48 0.5 0.54 0.67 0.71
0.6 0.5 1 0.5 0.54 0.77 0.8
0.74 0.7 0.48 0.5 0.66 0.65 0.69
0.33 0.37 0.48 0.5 0.46 0.65 0.69
0.58 0.34 0.48 0.5 0.56 0.87 0.81
0.59 0.56 0.48 0.5 0.55 0.8 0.82
0.6 0.46 0.48 0.5 0.45 0.81 0.83
0.58 0.55 0.48 0.5 0.57 0.7 0.74
0.3 0.51 0.48 0.5 0.42 0.61 0.34
0.61 0.47 0.48 0.5 0 0.8 0.32
0.71 0.52 0.48 0.5 0.64 1 0.99
0.75 0.55 1 1 0.4 0.47 0.3
0.74 0.49 0.48 0.5 0.42 0.54 0.36
0.73 0.78 0.48 0.5 0.58 0.51 0.31
0.67 0.81 0.48 0.5 0.54 0.49 0.23
0.67 0.61 0.48 0.5 0.51 0.37 0.38
0.7 0.71 0.48 0.5 0.42 0.84 0.85
0.63 0.8 0.48 0.5 0.46 0.31 0.29
0.64 0.78 0.48 0.5 0.5 0.36 0.38
0.62 0.83 0.48 0.5 0.46 0.36 0.4
0.71 0.57 0.48 0.5 0.48 0.35 0.32
0.61 0.6 0.48 0.5 0.44 0.39 0.38
