3 113 339 37.667 0.41 0.472 13.9 139 160 10
3 59 177 19.667 0.475 0.475 84 84 84 1
3 116 348 38.667 0.385 0.494 33.5 134 172 4
1 10 10 10 1 1 10 10 10 1
1 13 13 13 1 1 13 13 13 1
1 8 8 8 1 1 8 8 8 1
3 113 339 37.667 0.357 0.378 30.25 121 128 4
2 48 96 24 0.625 0.677 30 60 65 2
3 116 348 38.667 0.356 0.371 62 124 129 2
3 132 396 44 0.505 0.558 20 200 221 10
1 17 17 17 0.765 1 3.25 13 17 4
1 8 8 8 1 1 8 8 8 1
2 69 138 34.5 0.623 0.906 10.75 86 125 8
1 10 10 10 0.9 1 9 9 10 1
2 116 232 58 0.616 0.802 17.88 143 186 8
1 43 43 43 0.907 1 9.75 39 43 4
2 112 224 56 0.496 0.504 55.5 111 113 2
1 45 45 45 0.756 1 5.67 34 45 6
1 75 75 75 0.813 1 5.55 61 75 11
2 157 314 78.5 0.506 0.551 26.5 159 173 6
1 32 32 32 0.719 1 5.75 23 32 4
1 52 52 52 0.788 1 10.25 41 52 4
1 13 13 13 0.692 1 4.5 9 13 2
2 123 246 61.5 0.5 0.504 123 123 124 1
1 36 36 36 0.722 1 8.67 26 36 3
1 19 19 19 0.789 1 3.75 15 19 4
1 9 9 9 0.778 1 7 7 9 1
2 446 892 223 0.439 0.603 17.82 392 538 22
42 7 294 0.167 0.282 0.432 2.18 83 127 38
2 236 472 118 0.566 0.689 10.27 267 325 26
1 61 61 61 1 1 61 61 61 1
45 79 3555 1.756 0.087 0.195 4.81 308 693 64
1 152 152 152 0.822 1 11.36 125 152 11
1 52 52 52 0.981 1 51 51 52 1
1 52 52 52 0.538 1 14 28 52 2
1 33 33 33 1 1 33 33 33 1
1 75 75 75 0.92 1 11.5 69 75 6
1 8 8 8 0.875 1 7 7 8 1
1 40 40 40 1 1 40 40 40 1
1 55 55 55 0.564 1 10.33 31 55 3
1 11 11 11 1 1 11 11 11 1
1 46 46 46 0.783 1 12 36 46 3
2 64 128 32 0.531 0.586 17 68 75 4
4 115 460 28.75 0.426 0.487 17.82 196 224 11
1 48 48 48 0.875 1 10.5 42 48 4
1 29 29 29 0.586 1 2.13 17 29 8
1 18 18 18 0.944 1 17 17 18 1
1 7 7 7 1 1 7 7 7 1
1 40 40 40 0.875 1 11.67 35 40 3
1 28 28 28 0.964 1 27 27 28 1
1 35 35 35 0.829 1 9.67 29 35 3
1 23 23 23 0.826 1 19 19 23 1
1 19 19 19 0.684 1 4.33 13 19 3
1 79 79 79 0.608 1 6.86 48 79 7
1 11 11 11 0.727 1 4 8 11 2
1 98 98 98 0.939 1 30.67 92 98 3
1 13 13 13 0.692 1 3 9 13 3
1 17 17 17 0.824 1 4.67 14 17 3
1 15 15 15 0.867 1 6.5 13 15 2
1 37 37 37 0.811 1 6 30 37 5
2 176 352 88 0.528 0.605 31 186 213 6
1 17 17 17 0.882 1 7.5 15 17 2
1 39 39 39 0.897 1 8.75 35 39 4
1 44 44 44 0.909 1 20 40 44 2
1 14 14 14 0.929 1 13 13 14 1
1 36 36 36 0.583 1 4.2 21 36 5
1 17 17 17 0.765 1 6.5 13 17 2
3 183 549 61 0.488 0.577 29.78 268 317 9
1 29 29 29 1 1 29 29 29 1
1 14 14 14 0.929 1 13 13 14 1
1 45 45 45 0.933 1 21 42 45 2
25 300 7500 12 0.065 0.071 40.33 484 531 12
2 50 100 25 0.46 0.51 15.33 46 51 3
2 204 408 102 0.412 0.681 10.5 168 278 16
1 35 35 35 0.857 1 10 30 35 3
1 14 14 14 0.857 1 12 12 14 1
1 69 69 69 0.841 1 8.29 58 69 7
1 148 148 148 0.959 1 47.33 142 148 3
1 84 84 84 0.917 1 19.25 77 84 4
1 73 73 73 0.616 1 3.75 45 73 12
1 147 147 147 0.864 1 11.55 127 147 11
1 17 17 17 0.941 1 16 16 17 1
9 1 9 0.111 1 1 9 9 9 1
26 1 26 0.038 1 1 26 26 26 1
13 1 13 0.077 1 1 13 13 13 1
17 1 17 0.059 1 1 17 17 17 1
11 1 11 0.091 1 1 11 11 11 1
37 72 2664 1.946 0.12 0.257 7.64 321 685 42
13 1 13 0.077 1 1 13 13 13 1
14 1 14 0.071 1 1 14 14 14 1
23 1 23 0.043 1 1 23 23 23 1
13 1 13 0.077 1 1 13 13 13 1
15 1 15 0.067 1 1 15 15 15 1
49 79 3871 1.612 0.084 0.179 7.36 324 694 44
7 1 7 0.143 1 1 7 7 7 1
39 70 2730 1.795 0.09 0.255 7 245 697 35
31 71 2201 2.29 0.159 0.296 10.29 350 651 34
3 304 912 101.33 0.555 0.686 42.17 506 626 12
3 259 777 86.333 0.411 0.481 13.29 319 374 24
36 96 3456 2.667 0.096 0.207 7.7 331 717 43
43 62 2666 1.442 0.08 0.17 6.63 212 454 32
33 28 924 0.848 0.098 0.271 5.69 91 250 16
10 1 10 0.1 1 1 10 10 10 1
100 49 4900 0.49 0.093 0.4 1.77 458 1958 259
2 49 98 24.5 0.51 0.51 50 50 50 1
1 114 114 114 0.939 1 21.4 107 114 5
1 41 41 41 0.927 1 12.67 38 41 3
1 33 33 33 0.667 1 3.67 22 33 6
1 106 106 106 0.858 1 15.17 91 106 6
1 41 41 41 0.78 1 4.57 32 41 7
1 65 65 65 0.646 1 3 42 65 14
24 18 432 0.75 0.139 0.377 2.07 60 163 29
22 22 484 1 0.107 0.473 1.79 52 229 29
36 48 1728 1.333 0.143 0.437 3.58 247 755 69
55 48 2640 0.873 0.142 0.364 4.26 375 960 88
53 48 2544 0.906 0.181 0.374 4.69 460 951 98
2 46 92 23 0.511 0.554 47 47 51 1
1 127 127 127 0.646 1 13.67 82 127 6
1 13 13 13 0.846 1 5.5 11 13 2
3 129 387 43 0.305 0.377 11.8 118 146 10
25 9 225 0.36 0.187 0.436 2.47 42 98 17
54 48 2592 0.889 0.143 0.264 6.85 370 685 54
53 48 2544 0.906 0.157 0.269 7.84 400 685 51
52 48 2496 0.923 0.138 0.248 7.67 345 619 45
8 1 8 0.125 1 1 8 8 8 1
9 1 9 0.111 1 1 9 9 9 1
6 47 282 7.833 0.202 0.202 57 57 57 1
1 47 47 47 1 1 47 47 47 1
1 86 86 86 0.93 1 40 80 86 2
1 17 17 17 1 1 17 17 17 1
1 19 19 19 0.737 1 4.67 14 19 3
68 34 2312 0.5 0.224 0.526 2.44 519 1215 213
67 30 2010 0.448 0.169 0.46 2.26 339 924 150
34 25 850 0.735 0.256 0.534 2.06 218 454 106
34 27 918 0.794 0.219 0.554 3.09 201 509 65
36 43 1548 1.194 0.117 0.183 3.07 181 283 59
2 536 1072 268 0.505 0.512 180.33 541 549 3
2 536 1072 268 0.538 0.737 30.37 577 790 19
2 535 1070 267.5 0.564 0.614 40.2 603 657 15
2 536 1072 268 0.537 0.622 24 576 667 24
2 536 1072 268 0.498 0.533 41.08 534 571 13
2 535 1070 267.5 0.648 0.92 11.75 693 984 59
30 60 1800 2 0.154 0.457 1.85 278 823 150
2 536 1072 268 0.532 0.558 30 570 598 19
2 535 1070 267.5 0.545 0.629 24.29 583 673 24
3 536 1608 178.67 0.341 0.353 61 549 567 9
3 470 1410 156.67 0.352 0.387 23.62 496 545 21
2 537 1074 268.5 0.507 0.528 181.33 544 567 3
2 537 1074 268.5 0.594 0.655 21.27 638 703 30
3 537 1611 179 0.345 0.405 22.24 556 652 25
2 537 1074 268.5 0.51 0.534 49.82 548 574 11
2 98 196 49 0.48 0.653 9.4 94 128 10
2 415 830 207.5 0.505 0.578 16.76 419 480 25
2 63 126 31.5 0.341 0.508 10.75 43 64 4
2 475 950 237.5 0.504 0.544 95.8 479 517 5
2 537 1074 268.5 0.52 0.621 26.57 558 667 21
1 63 63 63 1 1 63 63 63 1
1 186 186 186 0.828 1 9.06 154 186 17
1 214 214 214 1 1 214 214 214 1
1 62 62 62 0.984 1 61 61 62 1
1 148 148 148 0.986 1 73 146 148 2
1 278 278 278 0.946 1 29.22 263 278 9
1 26 26 26 1 1 26 26 26 1
1 13 13 13 1 1 13 13 13 1
1 145 145 145 0.972 1 35.25 141 145 4
1 81 81 81 0.901 1 24.33 73 81 3
1 187 187 187 0.963 1 25.71 180 187 7
31 37 1147 1.194 0.189 0.555 2.07 217 637 105
2 538 1076 269 0.519 0.684 34.88 558 736 16
2 538 1076 269 0.637 0.703 29.78 685 756 23
2 537 1074 268.5 0.538 0.555 82.57 578 596 7
3 538 1614 179.33 0.37 0.424 22.11 597 685 27
3 537 1611 179 0.353 0.364 71.13 569 587 8
2 537 1074 268.5 0.621 0.747 16.68 667 802 40
2 537 1074 268.5 0.538 0.594 32.11 578 638 18
2 537 1074 268.5 0.556 0.655 24.88 597 704 24
2 537 1074 268.5 0.537 0.609 22.19 577 654 26
2 538 1076 269 0.518 0.596 29.32 557 641 19
2 537 1074 268.5 0.523 0.567 62.44 562 609 9
2 535 1070 267.5 0.55 0.586 117.8 589 627 5
29 61 1769 2.103 0.121 0.431 1.78 214 762 120
3 500 1500 166.67 0.373 0.421 19.28 559 632 29
2 536 1072 268 0.568 0.688 24.36 609 737 25
2 536 1072 268 0.586 0.686 21.66 628 735 29
1 22 22 22 0.955 1 21 21 22 1
1 54 54 54 0.944 1 17 51 54 3
1 16 16 16 1 1 16 16 16 1
54 1 54 0.019 1 1 54 54 54 1
39 1 39 0.026 1 1 39 39 39 1
38 1 38 0.026 1 1 38 38 38 1
1 25 25 25 1 1 25 25 25 1
1 15 15 15 0.867 1 13 13 15 1
1 180 180 180 0.983 1 88.5 177 180 2
1 22 22 22 0.818 1 4.5 18 22 4
1 11 11 11 1 1 11 11 11 1
1 7 7 7 1 1 7 7 7 1
1 10 10 10 0.8 1 4 8 10 2
53 1 53 0.019 1 1 53 53 53 1
54 1 54 0.019 1 1 54 54 54 1
37 1 37 0.027 1 1 37 37 37 1
42 1 42 0.024 1 1 42 42 42 1
34 1 34 0.029 1 1 34 34 34 1
31 1 31 0.032 1 1 31 31 31 1
22 1 22 0.045 1 1 22 22 22 1
1 136 136 136 0.963 1 32.75 131 136 4
1 11 11 11 0.909 1 10 10 11 1
1 12 12 12 0.75 1 9 9 12 1
1 15 15 15 0.733 1 3.67 11 15 3
1 14 14 14 1 1 14 14 14 1
1 104 104 104 0.971 1 50.5 101 104 2
1 29 29 29 0.931 1 13.5 27 29 2
1 78 78 78 0.949 1 24.67 74 78 3
83 314 26062 3.783 0.298 0.671 8.75 7772 17482 888
1 36 36 36 0.583 1 5.25 21 36 4
7 1 7 0.143 1 1 7 7 7 1
14 1 14 0.071 1 1 14 14 14 1
1 117 117 117 0.974 1 38 114 117 3
1 47 47 47 0.532 1 25 25 47 1
7 1 7 0.143 1 1 7 7 7 1
11 1 11 0.091 1 1 11 11 11 1
1 52 52 52 0.962 1 25 50 52 2
1 28 28 28 0.536 1 3 15 28 5
1 255 255 255 0.686 1 4.86 175 255 36
1 10 10 10 1 1 10 10 10 1
1 9 9 9 0.889 1 8 8 9 1
9 1 9 0.111 1 1 9 9 9 1
20 1 20 0.05 1 1 20 20 20 1
25 1 25 0.04 1 1 25 25 25 1
1 19 19 19 0.632 1 4 12 19 3
1 44 44 44 0.727 1 5.33 32 44 6
1 14 14 14 1 1 14 14 14 1
10 1 10 0.1 1 1 10 10 10 1
18 1 18 0.056 1 1 18 18 18 1
8 1 8 0.125 1 1 8 8 8 1
27 1 27 0.037 1 1 27 27 27 1
31 1 31 0.032 1 1 31 31 31 1
8 1 8 0.125 1 1 8 8 8 1
1 94 94 94 0.564 1 3.31 53 94 16
1 193 193 193 0.57 1 2.97 110 193 37
1 159 159 159 0.975 1 77.5 155 159 2
12 1 12 0.083 1 1 12 12 12 1
12 1 12 0.083 1 1 12 12 12 1
9 1 9 0.111 1 1 9 9 9 1
9 1 9 0.111 1 1 9 9 9 1
13 1 13 0.077 1 1 13 13 13 1
1 63 63 63 0.587 1 2.31 37 63 16
47 1 47 0.021 1 1 47 47 47 1
83 326 27058 3.928 0.286 0.671 7.55 7741 18149 1025
16 1 16 0.063 1 1 16 16 16 1
4 2 8 0.5 1 1 8 8 8 1
9 1 9 0.111 1 1 9 9 9 1
3 541 1623 180.33 0.71 0.747 88.62 1152 1213 13
117 1 117 0.009 1 1 117 117 117 1
136 1 136 0.007 0.993 1 135 135 136 1
37 1 37 0.027 1 1 37 37 37 1
32 1 32 0.031 1 1 32 32 32 1
4 108 432 27 0.778 0.826 56 336 357 6
1 20 20 20 0.75 1 3 15 20 5
11 252 2772 22.909 0.092 0.095 63.75 255 262 4
8 1 8 0.125 1 1 8 8 8 1
1 63 63 63 0.952 1 20 60 63 3
1 76 76 76 0.961 1 36.5 73 76 2
1 102 102 102 0.961 1 24.5 98 102 4
5 128 640 25.6 0.759 0.764 162 486 489 3
5 110 550 22 0.547 0.556 100.33 301 306 3
1 283 283 283 0.993 1 140.5 281 283 2
1 184 184 184 0.967 1 44.5 178 184 4
1 16 16 16 0.938 1 15 15 16 1
3 550 1650 183.33 0.329 0.375 27.15 543 619 20
1 58 58 58 0.845 1 9.8 49 58 5
1 69 69 69 0.667 1 4.18 46 69 11
1 107 107 107 0.869 1 18.6 93 107 5
3 550 1650 183.33 0.339 0.401 15.11 559 662 37
3 463 1389 154.33 0.296 0.382 13.7 411 531 30
1 85 85 85 0.882 1 12.5 75 85 6
1 8 8 8 1 1 8 8 8 1
3 544 1632 181.33 0.326 0.406 16.12 532 662 33
1 17 17 17 1 1 17 17 17 1
1 206 206 206 0.99 1 204 204 206 1
2 325 650 162.5 0.485 0.537 28.64 315 349 11
1 8 8 8 1 1 8 8 8 1
1 17 17 17 1 1 17 17 17 1
1 277 277 277 0.993 1 137.5 275 277 2
1 199 199 199 0.945 1 37.6 188 199 5
10 553 5530 55.3 0.797 0.884 21.3 4409 4890 207
2 100 200 50 0.46 0.505 11.5 92 101 8
9 1 9 0.111 1 1 9 9 9 1
1 8 8 8 1 1 8 8 8 1
1 95 95 95 1 1 95 95 95 1
1 67 67 67 0.985 1 66 66 67 1
1 10 10 10 1 1 10 10 10 1
1 138 138 138 1 1 138 138 138 1
1 126 126 126 0.992 1 125 125 126 1
18 342 6156 19 0.847 0.897 43.48 5217 5522 120
7 1 7 0.143 1 1 7 7 7 1
1 196 196 196 0.98 1 64 192 196 3
10 1 10 0.1 1 1 10 10 10 1
8 1 8 0.125 1 1 8 8 8 1
2 199 398 99.5 0.485 0.508 32.17 193 202 6
1 159 159 159 0.994 1 158 158 159 1
1 199 199 199 0.99 1 197 197 199 1
7 1 7 0.143 1 1 7 7 7 1
1 70 70 70 1 1 70 70 70 1
1 14 14 14 1 1 14 14 14 1
7 1 7 0.143 1 1 7 7 7 1
9 1 9 0.111 1 1 9 9 9 1
1 70 70 70 0.943 1 22 66 70 3
1 9 9 9 1 1 9 9 9 1
1 131 131 131 0.977 1 64 128 131 2
2 62 124 31 0.452 0.565 11.2 56 70 5
1 20 20 20 0.85 1 8.5 17 20 2
1 87 87 87 0.92 1 16 80 87 5
1 279 279 279 0.964 1 38.43 269 279 7
1 16 16 16 1 1 16 16 16 1
8 1 8 0.125 1 1 8 8 8 1
