4 194 776 48.5 0.263 0.273 34 204 212 6
2 18 36 9 0.667 0.694 24 24 25 1
2 18 36 9 0.806 0.833 29 29 30 1
2 22 44 11 0.705 0.864 15.5 31 38 2
2 20 40 10 0.725 0.875 29 29 35 1
2 20 40 10 0.775 0.85 31 31 34 1
98 3 294 0.031 0.48 0.486 141 141 143 1
2 18 36 9 0.722 0.722 26 26 26 1
1 57 57 57 0.456 1 3.71 26 57 7
94 2 188 0.021 0.516 0.516 97 97 97 1
93 4 372 0.043 0.419 0.565 2.89 156 210 54
44 3 132 0.068 0.598 0.841 2.47 79 111 32
48 402 19296 8.375 0.055 0.094 4.13 1058 1814 256
304 463 140752 1.523 0.063 0.121 3.91 8898 17081 2273
306 465 142290 1.52 0.055 0.123 2.69 7861 17452 2925
1 51 51 51 0.471 1 2.4 24 51 10
12 146 1752 12.167 0.091 0.128 26.67 160 225 6
1 117 117 117 0.393 1 5.75 46 117 8
1 14 14 14 0.571 1 2 8 14 4
7 9 63 1.286 0.143 0.238 9 9 15 1
3 54 162 18 0.364 0.519 8.43 59 84 7
5 333 1665 66.6 0.374 0.413 36.65 623 688 17
85 69 5865 0.812 0.165 0.441 1.44 969 2588 674
13 13 169 1 0.124 0.45 3.5 21 76 6
14 19 266 1.357 0.128 0.541 2.83 34 144 12
15 14 210 0.933 0.11 0.338 1.92 23 71 12
5 12 60 2.4 0.133 0.267 4 8 16 2
7 15 105 2.143 0.114 0.295 2.4 12 31 5
16 30 480 1.875 0.133 0.471 2.29 64 226 28
6 9 54 1.5 0.148 0.296 4 8 16 2
8 1 8 0.125 0.875 1 7 7 8 1
8 9 72 1.125 0.125 0.319 4.5 9 23 2
804 11 8844 0.014 0.191 0.233 15.64 1689 2058 108
1 27 27 27 0.407 1 1.83 11 27 6
14 17 238 1.214 0.113 0.387 1.8 27 92 15
8 1 8 0.125 0.875 1 7 7 8 1
7 11 77 1.571 0.117 0.494 1.8 9 38 5
27 4 108 0.148 0.333 0.667 2.57 36 72 14
5 7 35 1.4 0.2 0.314 7 7 11 1
6 13 78 2.167 0.103 0.449 4 8 35 2
6 21 126 3.5 0.246 0.254 31 31 32 1
20 39 780 1.95 0.14 0.405 3.21 109 316 34
1 277 277 277 1 1 277 277 277 1
1 257 257 257 1 1 257 257 257 1
2 99 198 49.5 0.253 0.616 4.55 50 122 11
31 105 3255 3.387 0.224 0.417 5.35 728 1358 136
1 36 36 36 0.306 1 1.83 11 36 6
28 61 1708 2.179 0.172 0.509 1.97 294 870 149
1 413 413 413 0.998 1 412 412 413 1
58 3 174 0.052 0.339 0.345 59 59 60 1
93 104 9672 1.118 0.451 0.611 4.25 4366 5908 1028
1 379 379 379 0.963 1 60.83 365 379 6
1 18 18 18 0.5 1 3 9 18 3
132 547 72204 4.144 0.37 0.483 20.66 26693 34874 1292
1 39 39 39 0.308 1 1.71 12 39 7
1 34 34 34 0.353 1 1.71 12 34 7
178 140 24920 0.787 0.574 0.649 21.52 14292 16177 664
1 30 30 30 0.4 1 2.4 12 30 5
128 347 44416 2.711 0.399 0.567 13.07 17721 25163 1356
168 135 22680 0.804 0.82 0.904 62.81 18591 20513 296
83 315 26145 3.795 0.295 0.594 9.21 7725 15523 839
7 14 98 2 0.102 0.204 10 10 20 1
1 15 15 15 0.533 1 2 8 15 4
174 471 81954 2.707 0.339 0.433 15.84 27820 35499 1756
186 469 87234 2.522 0.378 0.529 22.29 33017 46133 1481
1 23 23 23 0.348 1 1.6 8 23 5
1 14 14 14 0.5 1 2.33 7 14 3
197 198 39006 1.005 0.273 0.332 46.93 10654 12964 227
5 280 1400 56 0.78 0.786 156 1092 1100 7
105 2 210 0.019 0.529 0.533 111 111 112 1
11 552 6072 50.182 0.816 0.816 4955 4955 4955 1
118 105 12390 0.89 0.052 0.105 3.33 642 1296 193
1 161 161 161 0.41 1 1.02 66 161 65
158 167 26386 1.057 0.16 0.276 8.24 4213 7279 511
1 106 106 106 0.434 1 1.02 46 106 45
8 231 1848 28.875 0.872 0.882 179 1611 1630 9
4 524 2096 131 0.542 0.603 40.57 1136 1264 28
