2 20 40 10 0.675 0.675 27 27 27 1
2 101 202 50.5 0.54 0.743 10.9 109 150 10
2 22 44 11 0.75 0.75 33 33 33 1
2 46 92 23 0.587 0.761 18 54 70 3
66 3 198 0.045 0.657 0.909 2.6 130 180 50
3 213 639 71 0.318 0.379 11.94 203 242 17
19 462 8778 24.316 0.523 0.688 16.88 4591 6035 272
1 124 124 124 0.444 1 7.86 55 124 7
311 463 143993 1.489 0.088 0.16 3.93 12631 23092 3212
28 330 9240 11.786 0.057 0.066 31 527 614 17
212 464 98368 2.189 0.052 0.07 11.84 5066 6884 428
3 286 858 95.333 0.406 0.427 87 348 366 4
52 461 23972 8.865 0.192 0.248 11.52 4607 5938 400
76 1 76 0.013 1 1 76 76 76 1
69 3 207 0.043 0.643 0.952 2.08 133 197 64
261 30 7830 0.115 0.063 0.09 2.4 492 701 205
38 70 2660 1.842 0.059 0.062 19.63 157 165 8
153 442 67626 2.889 0.114 0.215 6.27 7689 14538 1227
14 19 266 1.357 0.113 0.504 30 30 134 1
81 49 3969 0.605 0.113 0.398 2.26 449 1580 199
1 22 22 22 0.5 1 1.83 11 22 6
16 4 64 0.25 0.156 0.531 5 10 34 2
16 21 336 1.313 0.095 0.515 1.6 32 173 20
13 5 65 0.385 0.123 0.538 8 8 35 1
29 48 1392 1.655 0.116 0.268 5.06 162 373 32
37 20 740 0.541 0.131 0.193 4.22 97 143 23
86 67 5762 0.779 0.164 0.935 2.37 947 5386 399
101 99 9999 0.98 0.14 0.778 2.02 1398 7780 691
32 106 3392 3.313 0.198 0.395 4.56 671 1341 147
2 64 128 32 0.43 0.602 3.93 55 77 14
1 537 537 537 1 1 537 537 537 1
30 61 1830 2.033 0.157 0.483 1.88 288 884 153
2 32 64 16 0.516 0.531 33 33 34 1
6 39 234 6.5 0.192 0.197 45 45 46 1
153 158 24174 1.033 0.587 0.641 46.95 14180 15491 302
83 277 22991 3.337 0.18 0.365 6.86 4138 8387 603
83 149 12367 1.795 0.388 0.472 28.77 4804 5838 167
95 93 8835 0.979 0.675 0.902 3.63 5966 7968 1644
1 14 14 14 0.643 1 3 9 14 3
1 19 19 19 0.579 1 3.67 11 19 3
1 14 14 14 0.643 1 4.5 9 14 2
168 145 24360 0.863 0.798 0.963 13.06 19430 23457 1488
187 137 25619 0.733 0.899 0.991 29.29 23025 25400 786
54 357 19278 6.611 0.299 0.655 6.4 5766 12626 901
3 106 318 35.333 0.258 0.34 6.31 82 108 13
54 357 19278 6.611 0.324 0.644 6.22 6238 12422 1003
1 32 32 32 0.469 1 1.88 15 32 8
166 472 78352 2.843 0.359 0.547 17.12 28093 42821 1641
72 96 6912 1.333 0.488 0.582 15.69 3374 4025 215
1 28 28 28 0.464 1 2.17 13 28 6
163 161 26243 0.988 0.523 0.897 8.4 13725 23547 1634
83 314 26062 3.783 0.282 0.619 8.77 7353 16139 838
187 141 26367 0.754 0.415 0.884 4.69 10947 23301 2333
24 510 12240 21.25 0.846 0.927 38.65 10359 11341 268
84 1 84 0.012 1 1 84 84 84 1
160 286 45760 1.788 0.201 0.226 55.42 9199 10347 166
91 285 25935 3.132 0.158 0.165 113.89 4100 4287 36
430 5 2150 0.012 0.216 0.221 46.5 465 475 10
10 1 10 0.1 0.9 1 9 9 10 1
11 427 4697 38.818 0.566 0.57 189.79 2657 2676 14
1 235 235 235 0.923 1 27.13 217 235 8
1 12 12 12 0.667 1 4 8 12 2
3 259 777 86.333 0.96 0.978 67.82 746 760 11
1 34 34 34 0.471 1 1.07 16 34 15
1 71 71 71 0.521 1 2.31 37 71 16
1 20 20 20 0.55 1 1.38 11 20 8
1 172 172 172 0.465 1 1.04 80 172 77
17 341 5797 20.059 0.935 0.998 36.38 5420 5784 149
17 342 5814 20.118 0.916 0.996 30.27 5328 5790 176
