1 44 44 44 0.25 1 2.2 11 44 5
2 17 34 8.5 0.588 0.971 6.67 20 33 3
19 2 38 0.105 0.816 0.816 31 31 31 1
5 2 10 0.4 0.8 0.8 8 8 8 1
10 2 20 0.2 0.55 0.6 11 11 12 1
4 2 8 0.5 0.875 0.875 7 7 7 1
1 115 115 115 0.2 1 4.6 23 115 5
17 2 34 0.118 0.706 0.706 24 24 24 1
1 17 17 17 0.412 1 1.75 7 17 4
1 77 77 77 0.403 1 5.17 31 77 6
8 16 128 2 0.156 0.859 5 20 110 4
9 10 90 1.111 0.144 0.522 6.5 13 47 2
9 13 117 1.444 0.103 0.752 4 12 88 3
6 7 42 1.167 0.238 0.69 10 10 29 1
1 46 46 46 0.239 1 1.38 11 46 8
1 42 42 42 0.31 1 2.6 13 42 5
2 14 28 7 0.286 0.821 8 8 23 1
12 2 24 0.167 0.625 0.667 15 15 16 1
6 142 852 23.667 0.115 0.173 6.53 98 147 15
21 2 42 0.095 0.738 0.738 31 31 31 1
36 172 6192 4.778 0.128 0.337 4.84 793 2086 164
2 6 12 3 0.667 1 4 8 12 2
3 11 33 3.667 0.364 0.667 3 12 22 4
47 286 13442 6.085 0.183 0.317 4.67 2459 4258 526
2 6 12 3 0.667 1 4 8 12 2
17 60 1020 3.529 0.139 0.371 7.1 142 378 20
5 7 35 1.4 0.229 0.6 2.67 8 21 3
9 17 153 1.889 0.144 0.458 3.14 22 70 7
4 8 32 2 0.344 0.531 5.5 11 17 2
7 24 168 3.429 0.101 0.298 1.89 17 50 9
8 5 40 0.625 0.275 0.45 3.67 11 18 3
4 5 20 1.25 0.35 0.8 2.33 7 16 3
7 13 91 1.857 0.154 0.484 2 14 44 7
4 7 28 1.75 0.286 1 2 8 28 4
4 5 20 1.25 0.35 0.8 2.33 7 16 3
5 3 15 0.6 0.467 0.6 3.5 7 9 2
5 9 45 1.8 0.178 0.533 1.6 8 24 5
10 7 70 0.7 0.157 0.6 1.57 11 42 7
6 5 30 0.833 0.233 0.633 1.75 7 19 4
6 12 72 2 0.139 0.514 1.43 10 37 7
6 6 36 1 0.194 0.417 3.5 7 15 2
21 68 1428 3.238 0.052 0.109 5.69 74 156 13
7 47 329 6.714 0.158 0.289 5.78 52 95 9
13 8 104 0.615 0.154 0.769 1.07 16 80 15
9 6 54 0.667 0.407 0.519 5.5 22 28 4
10 12 120 1.2 0.208 0.583 1.67 25 70 15
21 4 84 0.19 0.31 0.643 3.71 26 54 7
19 47 893 2.474 0.078 0.112 3.89 70 100 18
7 46 322 6.571 0.177 0.304 8.14 57 98 7
2 9 18 4.5 0.556 0.556 10 10 10 1
13 5 65 0.385 0.323 0.554 5.25 21 36 4
8 4 32 0.5 0.438 0.594 7 14 19 2
17 9 153 0.529 0.209 0.497 1.88 32 76 17
5 4 20 0.8 0.45 0.65 4.5 9 13 2
9 4 36 0.444 0.25 0.75 9 9 27 1
12 4 48 0.333 0.292 1 2 14 48 7
6 5 30 0.833 0.367 1 2.2 11 30 5
4 11 44 2.75 0.159 0.932 1.75 7 41 4
27 4 108 0.148 0.38 0.75 2.56 41 81 16
4 19 76 4.75 0.276 0.382 5.25 21 29 4
8 16 128 2 0.398 0.695 2.55 51 89 20
6 17 102 2.833 0.137 0.627 2.8 14 64 5
2 14 28 7 0.464 0.536 13 13 15 1
16 29 464 1.813 0.144 0.496 2.58 67 230 26
9 2 18 0.222 0.611 0.722 11 11 13 1
28 31 868 1.107 0.492 0.745 7.49 427 647 57
28 32 896 1.143 0.481 0.742 7.43 431 665 58
32 350 11200 10.938 0.142 0.402 3.96 1588 4497 401
29 31 899 1.069 0.463 0.726 6.93 416 653 60
31 105 3255 3.387 0.242 0.456 4.89 787 1485 161
28 32 896 1.143 0.488 0.743 7.05 437 666 62
28 32 896 1.143 0.462 0.722 7.02 414 647 59
28 31 868 1.107 0.508 0.767 7.47 441 666 59
29 32 928 1.103 0.476 0.72 7.25 442 668 61
29 32 928 1.103 0.432 0.689 6.27 401 639 64
12 278 3336 23.167 0.11 0.144 15.91 366 479 23
2 16 32 8 0.25 0.531 2.67 8 17 3
4 9 36 2.25 0.611 0.611 22 22 22 1
25 169 4225 6.76 0.215 0.947 1.57 907 4000 579
1 27 27 27 0.259 1 1.4 7 27 5
1 42 42 42 0.19 1 1.6 8 42 5
1 45 45 45 0.244 1 1.38 11 45 8
5 2 10 0.4 0.9 0.9 9 9 9 1
14 2 28 0.143 0.536 0.536 15 15 15 1
11 2 22 0.182 0.636 0.636 14 14 14 1
6 21 126 3.5 0.198 0.444 1.67 25 56 15
64 73 4672 1.141 0.403 0.445 72.38 1882 2077 26
63 66 4158 1.048 0.491 0.591 44.37 2041 2458 46
65 50 3250 0.769 0.454 0.487 245.83 1475 1582 6
63 79 4977 1.254 0.338 0.345 186.78 1681 1718 9
7 2 14 0.286 0.643 0.714 9 9 10 1
5 2 10 0.4 0.7 0.7 7 7 7 1
2 52 104 26 0.231 0.529 1.5 24 55 16
11 48 528 4.364 0.237 0.39 7.35 125 206 17
1 288 288 288 0.424 1 1.02 122 288 120
2 25 50 12.5 0.36 1 4.5 18 50 4
2 24 48 12 0.354 1 3.4 17 48 5
2 21 42 10.5 0.452 1 6.33 19 42 3
2 22 44 11 0.477 1 21 21 44 1
