-35.888485	-26.528711
42.354805	-12.997985
-80.4443	-31.746664
-49.501976	-33.578106
16.160675	60.725983
-49.433746	-33.991093
14.845198	61.203415
-4.6801424	-2.2920053
74.47442	15.206794
73.952446	38.609657
-42.888916	-18.111368
27.78526	-17.051746
69.0624	43.44185
-1.2530365	6.794102
-52.079514	-30.780369
-30.553698	-24.533295
25.198448	-23.561874
78.10515	14.246204
4.1423006	58.208305
-56.695282	-17.688877
20.053356	53.356487
77.2552	43.198765
-34.132153	9.102471
-34.46484	-21.48829
72.93472	14.231069
-10.493645	12.263467
18.653616	56.904026
-35.05579	-5.146194
-34.82465	9.915046
23.399557	48.62494
-9.144041	0.7247786
19.552612	-39.129417
-45.398438	-12.267069
15.632195	50.832
70.72624	41.880848
-41.109474	-20.01078
22.347889	53.384716
53.745132	-1.7809638
71.34035	38.54959
-42.968224	-22.063473
-37.11368	-18.420303
58.869396	-6.4738636
75.459816	12.2604475
-81.44603	-37.9353
-2.521564	6.5377984
-45.150566	-28.43225
21.952354	55.316933
-35.647694	-22.48264
7.4268794	60.294666
36.865894	-15.649179
72.458405	15.504049
79.06251	40.25794
-45.64628	-28.328024
61.837704	-4.358487
-26.970589	-8.185426
23.04292	-37.241306
78.52602	42.97516
38.85104	-16.056736
-43.474037	-34.254356
20.916912	46.944798
-38.536137	-10.656961
76.60579	42.33256
-51.794594	-15.749146
-48.864998	-31.651913
19.953978	55.549366
42.19688	-7.157852
71.221214	12.873193
-50.425583	-31.439516
61.59056	-3.8563278
-50.673035	-15.507553
43.83306	6.286587
9.126116	59.0068
76.282616	43.643253
-43.701874	-29.152948
63.471466	-8.880895
63.15109	-8.936476
10.16658	59.899677
-81.02704	-33.184834
-5.4316072	2.8038116
-2.503331	-4.794043
24.758438	-18.087246
54.19303	0.063408166
5.710058	-42.31295
5.311253	62.19942
75.70022	40.109367
23.2039	57.194138
77.15166	40.7983
21.80558	50.34196
-33.46344	-21.102674
58.645916	-3.8429172
-4.1439996	0.7021781
8.371988	-43.281864
73.76113	16.957853
-34.809685	-25.105434
31.356329	-17.35743
61.901268	-10.605941
5.6047063	60.842396
46.825726	-8.099544
-26.664427	-4.8062043
17.579334	56.973694
-36.612305	-0.85371816
5.999283	-6.840162
-38.465496	-3.306466
48.37602	2.946174
6.903949	11.147156
-46.48604	8.438625
63.70886	-13.332736
-48.07232	-7.543283
-25.37503	13.8972
37.66665	13.756164
69.17636	-8.974502
-24.346228	14.806336
12.37986	-39.593987
72.956955	3.7568696
-42.560684	1.9602029
71.72212	8.752463
-54.42254	5.8035145
-18.003878	-3.2222166
-42.785515	7.0287886
79.57069	36.906654
-41.10364	11.90427
-40.91921	11.496845
-51.321293	11.554747
-51.621902	10.384365
1.0808737	54.744976
-76.97241	-37.474884
-42.576397	-6.6281643
16.12269	-40.45796
6.477655	55.336197
-26.872608	14.651249
4.756944	44.786064
14.361403	-33.620094
72.74143	5.4066105
4.56538	46.214626
-18.193314	-4.9894557
-17.683554	-6.0144763
-40.92846	2.8532684
32.690727	-5.586669
69.0017	-13.634953
-42.710842	4.9494
-0.33735716	51.449383
4.696325	-2.367421
67.2233	-9.818161
-40.409527	-3.6918514
73.12718	11.488613
67.94668	41.097244
67.786285	41.009827
10.490152	7.6398726
-40.93014	1.024903
-39.567764	0.97083414
70.609055	-9.099784
-41.310616	-0.046629515
73.721054	44.160877
8.306	-5.2516003
-44.57591	1.0101309
9.645059	5.542188
31.394983	-8.572532
-30.913298	-4.781246
3.5371583	50.023968
-51.232216	-8.959726
-38.545258	-8.030167
3.6963656	-0.92437226
15.576823	-43.1794
72.76593	9.648793
5.591479	53.97902
9.301701	11.274251
-56.825268	8.05008
-56.451466	3.598021
14.5404825	43.997948
38.062305	-21.799686
8.1264715	10.385652
15.436948	44.048042
6.291856	-3.9052153
76.22438	5.9683967
-0.29183564	56.711315
11.883157	6.3337955
-27.838385	5.2455606
-27.57714	2.735145
-27.174204	2.574654
73.57705	43.73901
10.483317	-4.074264
12.198438	-3.8328424
56.584236	0.26444733
-74.23135	-42.67371
-56.72543	2.4447253
9.813883	-2.5881476
31.623344	-7.661967
-56.83051	0.64418346
8.383991	5.1174912
-32.433247	5.1876874
7.310579	42.806652
4.9825525	-0.46905714
15.058184	-42.705482
-46.27743	9.860696
8.936109	-4.0626364
-31.718157	15.049799
71.75922	4.8277955
-1.4299587	56.914326
29.54738	7.815988
-4.0254498	51.223732
78.46711	37.321583
-72.35162	-49.36325
5.1301003	2.7532732
-33.770054	0.80097187
-52.40389	5.4295287
-52.90366	5.3777757
-19.549694	-4.568174
12.385223	-40.47306
78.74619	11.227361
2.8972063	48.72363
-56.033863	-26.029524
18.858515	53.17004
54.264965	-3.1901174
-25.603733	-23.777925
71.218185	37.813995
-3.9859238	11.473602
32.683403	-19.23012
-33.191795	-15.87852
-46.035202	-23.71517
19.453094	58.522663
6.8434205	-41.991356
-52.337032	-14.592827
-61.481567	-15.863708
69.13327	14.549821
4.899995	8.964574
17.691875	54.160267
69.37835	42.813282
25.815819	49.10429
-31.28479	-23.483183
-47.44155	-10.2460785
42.39438	-11.241584
56.43031	-2.9221048
75.86146	14.411216
21.409607	52.3839
-80.2444	-32.623444
-4.1260366	-1.2856294
79.98192	40.27752
-76.19834	-34.423244
-0.014871974	7.098198
1.4470496	56.032776
2.975953	57.666634
-43.619854	-33.98451
-52.46608	-17.07466
-51.517952	-22.139261
-79.936516	-36.249687
-6.712774	6.5429254
-48.821877	-16.405447
8.845667	62.045418
-7.408632	6.914278
-42.81288	-29.966106
-61.429756	-11.09897
-50.711037	-24.782846
-51.34152	-25.350151
20.097332	50.10819
71.37814	17.746552
-50.080894	-6.3930593
19.471937	46.452778
65.50783	-3.9382703
32.774193	-16.514051
54.28786	-2.042718
74.59355	40.456554
15.982362	50.860706
75.6982	10.482751
47.581017	5.1135006
11.682152	-41.211575
7.9890537	-6.8993526
68.1312	-6.9182086
70.8724	7.7743692
-2.6203375	53.009636
-76.44595	-45.18297
70.01971	-11.26094
-33.7996	-9.277111
-50.23578	2.0652566
11.750243	49.53379
26.929237	-7.4115996
-75.92181	-43.724277
65.441986	-9.059601
70.75453	8.983259
-73.892494	-43.564365
8.425446	-1.4303267
-57.337116	4.681822
-20.837261	-5.856326
5.2824802	-3.202146
24.003582	0.32032973
15.856226	38.417473
16.414736	-35.274944
7.6224527	7.875678
-43.53179	3.1979852
68.922554	-12.753859
77.00835	7.664646
12.533296	10.769678
12.614386	53.212444
11.707005	54.088303
73.85222	42.38679
-36.981365	5.0618243
16.26375	42.128193
-55.21156	-1.6163392
-75.50852	-42.240566
-22.067122	9.9576235
-21.09209	8.684155
-1.7899433	50.39413
-66.62411	-54.65938
-20.159657	-29.893728
8.237236	-9.312785
73.05035	4.8310046
13.757156	48.488697
7.968165	2.6266067
-51.970768	6.745396
67.94816	-14.154316
-60.936787	1.9285103
-43.17751	-0.799252
-41.700066	-2.1500356
12.565913	6.9100423
65.67742	-7.466902
-2.1588604	50.76192
-70.33387	-49.750393
34.230377	-10.463108
-73.63368	-49.078777
29.541132	-12.869952
4.8925405	-4.3950844
-1.8667332	48.47926
-20.089966	6.550526
72.85781	12.812877
76.26753	40.896263
18.567406	52.822117
-80.27273	-35.620235
62.06957	-9.683944
-25.793737	-23.80465
19.540928	-40.06873
-33.079647	-15.879316
-33.416054	-27.732628
-3.7393308	10.925859
-56.452385	-26.237068
6.514218	57.794746
-44.733368	-25.729092
-6.3245864	-0.5467245
72.950516	39.224686
33.69182	-20.91722
4.692219	8.99569
-30.670311	-15.773832
33.308334	-11.699973
-57.990246	-16.335007
33.60917	-15.7007
16.902098	-38.364304
72.17123	14.589167
1.6733394	58.042084
-1.6495742	13.358818
76.505165	17.305948
-68.66767	-30.909378
-6.5863776	0.88785183
75.29839	15.974919
-39.854668	-22.110716
-38.29094	-20.90728
6.9922724	54.342167
-38.409946	-17.355772
-77.86918	-33.86488
-1.8379104	9.679883
6.6866016	49.18206
-53.678688	-9.549528
-41.85979	-19.15104
6.350939	59.118004
71.97746	39.65446
-4.9436927	6.5676146
70.498024	14.410419
-32.781193	-5.3596253
-32.043358	-5.275353
18.406319	-39.735565
33.702923	-22.720346
7.818695	-42.719963
-51.295013	-22.08043
7.603939	62.288975
-14.156913	-50.889103
63.263393	-12.759469
-14.291971	-49.84215
-29.78064	-19.26138
19.638697	50.96198
-0.34953004	-0.22753547
71.76558	18.493725
65.50875	-3.923406
35.219357	-13.493922
-41.4527	-23.619986
-46.634445	-7.636739
-38.510475	-14.999193
-37.509075	-14.279908
-78.33656	-37.670612
16.43546	-1.385752
-41.171844	-13.308544
-39.623463	-6.1802025
7.930443	-6.841714
68.19652	-6.751536
-76.46411	-45.22211
-33.516132	-9.274629
8.892863	7.820972
67.29063	-12.596554
77.24419	6.345684
5.6215153	50.396385
-33.602684	-0.45155147
6.468943	-40.337036
-27.325253	5.0877066
-18.778515	-6.1256766
-0.74981606	50.215515
-22.421928	1.9608327
12.585487	11.040313
-78.926735	-41.51336
11.446202	40.36057
77.15867	8.161841
4.2197328	50.671326
13.399292	3.9728246
12.590266	52.8469
25.913284	-0.79699445
-36.09078	0.5087023
-21.040623	8.6978035
-28.570805	16.235203
33.72236	11.973242
-49.1769	-4.8615236
-39.08542	-6.755734
74.50303	8.394992
76.680374	38.778866
77.667534	4.71764
10.390571	6.673668
13.225761	40.689777
66.28599	-12.125264
-70.36654	-49.94932
-21.555761	11.141571
68.770294	-9.809627
-43.832073	0.5290552
-42.09187	11.341443
73.549934	6.676367
12.541667	-0.36156258
2.6773663	-3.2351882
-47.908504	-36.611893
-60.64866	-18.04332
-31.683693	-23.054766
-55.777294	-21.363934
-76.87259	-33.342804
-3.9620795	9.959307
-35.41874	-20.172031
-2.7984543	-1.1110708
66.22699	16.803497
-2.6540275	3.6414213
-36.741272	-20.716715
-1.9659542	-0.7701445
72.02807	41.15777
-78.42263	-35.30164
-52.923397	-22.243671
-52.318924	-30.309544
24.850237	47.48117
1.1938379	0.18822907
-66.963264	-30.25872
24.285429	50.52787
35.539562	-22.185102
21.41805	-40.666794
70.78492	16.491385
-54.07738	-24.12063
58.99576	-3.8106933
78.82038	14.584711
-69.015945	-28.668905
74.82797	13.886358
4.8093095	57.272285
-36.52766	-21.863379
59.224285	17.031841
-4.267036	6.1136904
-38.258675	-16.90123
68.06752	14.829418
-78.04454	-31.136717
65.69933	18.412289
70.178116	39.49422
1.6684328	6.781738
41.52954	-10.978593
32.23526	-9.430402
-27.255505	-6.135547
14.770554	-38.713627
2.8992836	51.905178
1.7990346	55.938766
-55.949345	-20.504347
-5.0759487	-0.69783247
33.308506	-14.935828
55.313778	-2.624223
18.564236	-40.753677
-55.74684	-9.781624
23.12098	51.719513
-5.2531443	1.3151745
59.863922	-6.5845184
6.7789264	62.11521
70.63292	45.61406
-52.998787	-10.213368
43.94714	6.100346
65.34086	17.633392
8.182424	59.36251
70.87917	40.427773
-78.51722	-33.47775
9.015419	38.7028
65.86406	-13.758405
-38.207775	3.8108754
75.091576	6.6890693
77.583466	36.881756
5.7089148	1.3744748
-46.3839	4.0941205
22.478294	9.708195
22.411833	9.462558
-75.99117	-46.60657
12.334296	50.949306
13.485433	-41.827152
6.3381996	9.312431
-45.458996	7.0769315
78.761284	7.792876
11.967717	0.6240987
68.58737	-11.403688
15.621917	-7.7643857
15.724557	-8.15822
16.069939	-9.2587595
78.16342	16.924786
-73.901726	-55.817234
14.35636	39.732086
76.57467	34.190704
76.81002	34.68356
9.043593	2.0131562
11.380924	-39.06354
-33.98953	15.733231
-33.234592	16.148418
5.4873414	52.100285
-58.22672	4.9554853
18.466003	44.633175
3.3974788	60.64151
-47.298454	-4.928524
17.164114	49.16151
-78.56191	-38.55897
-51.19123	-7.4724164
-23.63401	2.5467284
7.5307207	-1.1984497
4.5812488	46.58826
71.6106	45.3971
-20.387642	0.13828772
-20.052282	-0.43195903
11.074103	-6.4677887
