1.733768	-2.3306587
1.7762656	-1.8741143
2.00021	-2.0000007
1.345145	-2.3369615
10.379491	0.5556214
11.115548	0.67275685
-1.0178373	2.7487266
-0.8691882	2.7176507
-0.7508715	2.6873403
0.6751605	-0.7877801
0.8495411	-1.7588981
5.590448	-2.2513785
4.0129876	-1.0641041
3.749655	-2.7142859
4.2796364	-0.700792
5.267873	-1.9519016
7.930646	0.52959454
4.9696865	-1.3870062
9.002623	1.9260193
-2.056285	3.065715
-2.8907185	3.6481073
-2.6902113	4.2317677
-1.886561	3.4909108
-2.803415	4.3947954
6.3337812	-1.1764773
5.796299	-1.580246
7.478309	-1.3655809
4.3151917	-1.4383591
3.3937216	-2.2183187
3.0337567	-1.8637519
3.6949148	-2.2662563
4.2066846	-1.0990545
3.56071	-0.4085626
3.607192	-1.0870165
2.7906458	-1.2814152
2.9419792	-0.7132458
2.8631587	-0.4754141
1.0433668	0.63447076
2.7344768	-1.1191303
4.293719	-0.35208642
4.6215873	-0.40308943
4.3093677	-1.5580896
4.051603	-1.8176588
5.5664053	-1.8490568
-0.82597244	-5.0108786
-2.709046	-3.528941
3.2500508	-3.7331276
-4.17881	1.1435845
-3.383089	0.28624624
-3.284493	0.29724655
-0.7841476	-2.7172933
-2.307702	-1.4018847
-2.9094083	-0.708281
-2.4076388	0.5368678
0.5945751	-1.6705469
0.03529699	-1.7216796
-3.4987822	0.44058314
-1.0902826	-2.390582
-1.9199333	-1.8269602
-1.9199333	-1.8269602
-2.758467	-1.1565976
-2.999917	-1.093482
-0.8475592	-2.5466106
-1.0915546	-1.9913983
-0.46501666	-2.5401971
-0.7864849	-3.145108
-0.6544068	-2.6093862
-0.49074727	-2.363598
-0.038678877	-3.1793432
-0.7195867	-1.7003864
0.18797106	-2.5318937
-0.10443774	-1.9722623
-1.0299212	-3.6639407
-1.4692425	-4.683047
-1.5196538	-4.6009874
-0.8415589	-2.9477007
0.78113127	-0.75862575
-1.6929855	-0.6922773
-4.1478214	1.0926156
-4.365917	1.4165034
-3.5558362	0.43450648
1.0154394	-1.5174012
0.7375777	0.027478464
0.4418055	-0.23144692
0.06401439	-0.7007761
-1.4631457	1.739009
0.21213846	0.0066890866
3.0728848	-1.0884951
4.1151576	-0.496787
1.8278909	-0.9062654
3.5779405	-1.757761
-0.16113973	1.1583767
3.0095906	-1.5612882
0.71778774	-1.8646532
0.13914643	-0.87712723
-0.50526565	0.8133497
6.584628	-3.127323
6.0795946	-0.7896405
6.092	0.0925887
0.9042638	1.3417311
1.0381994	1.8474852
1.029896	1.4263178
2.923392	-0.33267885
1.160198	1.4413168
1.7776803	1.2856284
2.8090062	-1.4017079
-3.3012152	-1.5728343
-4.916025	-0.1815097
-3.4200387	-1.3822588
-5.2157335	0.07494424
-3.1954515	-1.9670228
-3.0920217	-2.070589
-3.0741148	-2.046048
-4.1687555	-1.1517845
1.4655305	-5.4177814
0.43375504	-4.4749675
-0.24039292	-2.7185345
-1.0844716	-2.25998
-0.9682798	-1.4306369
-1.6566235	-1.7522337
-1.9141119	-1.7386246
-2.02728	-1.3679969
-2.837807	-0.39421517
-2.6780453	-0.42610174
0.64951	-3.5843933
0.33976048	0.02196297
0.37951592	0.76205635
-0.72905374	1.7309672
-0.89893836	2.269751
-1.0395911	2.2505698
-0.50728935	1.2254258
-0.61107326	1.087501
-0.6740973	1.7822926
-0.6430074	1.9073219
0.59681916	0.6506512
0.23252988	0.96232444
-0.1396996	1.0346893
0.6719028	-1.3651012
0.6103038	-1.4383782
0.022383988	-0.78520435
-0.034910083	-0.85696554
-0.69895834	2.6940527
0.5086851	2.3779073
-1.2047262	3.7470636
1.0523958	1.1778282
0.88318336	0.9808718
0.83135396	1.0405593
1.6178544	-0.7442462
0.2662034	1.0883911
1.9952574	-2.1669533
0.7565819	1.4291294
1.569951	-2.8740551
2.0839942	-1.9580492
2.7182934	-6.6255827
1.5239635	0.94699675
3.1681755	-0.5532197
3.2519348	-4.894682
4.2649574	-2.6484158
-0.039084032	0.15859435
-1.8827674	-1.5373319
-3.3484185	0.11543588
-3.2878633	-0.50910556
0.17288485	1.956712
-0.06718977	1.8761814
-1.135103	3.2963197
-1.3224852	3.2256835
-1.4609449	3.2301867
-1.2364604	3.2810364
-1.5961726	3.4879572
-0.039958566	1.825371
-0.32545567	2.1008222
-0.74828404	0.84285516
-1.8872313	2.4805946
-0.25362736	-0.61837816
-1.9650133	2.0924363
0.68171054	-1.1518267
-0.6919187	0.5408358
-0.6409878	0.89848167
-1.4146051	1.3903384
0.08983891	-0.88676023
-0.55675673	-0.52363014
-0.30588254	-0.06836131
-1.8714972	2.108608
-0.19241296	-0.0037011504
-1.4168992	1.1120766
-1.6767168	1.4883384
-1.8757648	2.1174886
-0.5839661	-0.3729322
-0.5019728	0.16792528
-0.51490456	0.2533378
-0.04594986	0.54276055
-0.67772007	0.96390194
-0.7881897	1.756935
-0.667593	0.87988347
-0.78152806	1.7485393
-0.78152806	1.7485393
-0.54526633	1.1154164
-1.5870738	2.6114032
-1.6625233	2.2780395
-2.7839272	4.162195
1.2895033	-2.320106
-0.04484705	-0.9384419
-3.3600566	-1.595007
-3.1436813	-2.3316107
-0.2920116	0.34399754
-1.800043	3.8766391
-1.3427138	3.0928056
3.9378023	-2.2052186
3.6755817	-1.6421252
4.6346545	-2.6668913
4.077945	-3.069013
2.8520112	-0.86595947
0.44079882	-0.024215579
0.44160873	-0.09006971
0.52690595	-0.40872028
0.3543499	-0.14629015
-0.4877649	1.3901296
0.305003	-1.1067283
0.17303573	-0.31217802
-1.2917664	0.7006321
-0.48444724	0.15638877
0.028355375	-0.1125805
-0.37596345	-0.07282082
0.57765055	0.380962
-0.23421296	1.4965119
-0.6599489	1.8503702
-0.23526543	1.0270425
-0.44740456	1.6655593
-1.0008795	2.13334
-1.4488022	2.869069
2.623049	-0.62553996
1.650744	-0.60311043
2.8483596	-0.14781415
-0.2522875	0.04269297
-1.6659687	1.2677087
-0.65930897	-0.3287175
-2.450212	0.7255865
-0.20486559	-1.3863914
-1.1777858	-0.42183632
-4.4132643	1.8966041
-4.5447073	2.0020356
-4.3616495	1.3505361
-4.141358	2.0717888
-4.702566	1.9018699
-4.704382	1.9026965
-3.9733877	0.63823247
-2.1912308	0.63996977
-2.1912308	0.63996977
-4.4024296	2.255523
-3.0006318	1.0370023
-4.131192	2.0911217
-3.5579293	3.4168556
-3.614849	3.4916744
-3.436649	3.287264
-3.4989984	3.3428771
-3.958896	2.7059813
-3.9853232	2.7766526
-0.13438307	-0.17978269
-1.2590237	0.65875494
-3.3993452	2.97789
-3.4232607	3.029892
-1.6027961	0.4823436
-0.8248618	-2.6474893
-0.35560954	-2.4065635
1.2016828	-2.8923125
1.1271036	-3.5831609
-1.0748055	-0.23350534
-2.038628	1.0927482
2.1387823	-5.1437764
-0.4255407	-4.563944
0.18018502	-3.9097452
0.20059885	-0.6341777
2.0604084	-4.360531
1.4112234	-3.19316
-2.680364	0.32565457
-0.9191536	-1.5545609
-1.1222744	-1.1168209
-0.9293431	-1.377266
-1.0736407	-2.2566614
-4.7812796	0.7597443
-2.5095987	0.09270181
-0.7590052	-0.49630678
-2.3681679	1.6261959
-3.7166054	2.5400956
-3.561724	-1.0755767
-2.3181105	-1.9526612
0.5148173	-2.16854
0.75996935	-1.5028924
1.2788868	-2.4053242
0.45136273	-1.6200911
-0.75814253	-0.68033457
0.7800235	-1.7831584
-1.5149765	0.32405746
0.5742112	-2.0231583
0.8854926	-2.1512084
-1.271528	-0.7408076
-1.2383485	-0.00354895
-2.1772873	1.389811
-1.1454214	-1.1417308
1.3476293	-2.657147
-2.3295064	1.9695137
-2.2237644	1.9410793
-2.2652686	1.8690681
0.9489761	-1.4892986
-0.3498736	-3.358988
-1.7411754	-1.5996082
-1.215654	-1.5695633
-0.96140265	2.5867298
-0.98310107	2.1084392
1.9933524	-1.0345936
0.6098918	0.9082501
-3.0298064	1.4779786
-2.970742	1.488261
-3.0010493	1.5180352
-3.7264318	0.6339857
-3.881744	0.46599007
-4.405692	1.1229355
-3.298694	0.3416263
-3.4237983	0.31665513
-4.1849613	0.97222775
-4.2026415	1.3767983
-2.3883524	0.11920561
0.8388215	-1.6859436
0.5864159	-1.4400052
0.4647642	-0.36760867
0.6120233	-1.7914354
1.1163183	-4.594183
1.3391874	-4.5690484
1.3741851	-4.822322
0.31038588	-3.4336164
1.6656559	-3.7678738
0.8526855	-2.3146873
0.87847656	-5.1050143
0.6291161	-4.6037397
0.93551856	-5.0212064
0.77600163	-4.6788116
1.5716231	-4.9383063
1.3813428	-4.6323996
0.21425007	-3.4734733
0.37384766	-3.0423675
0.94091284	-1.6360043
1.0568383	-1.3300136
-3.5225332	-2.474135
-3.5831754	-2.1143713
-3.547887	-2.5350893
-3.3484516	-2.2118247
-2.3986573	-3.0354095
-3.0144353	-2.6379018
-3.752764	-1.2213628
0.27825952	-1.8771852
-0.37593722	-0.64087605
0.11362843	-1.2562774
-0.295956	-2.388486
1.3722703	-1.5134606
1.6861076	-2.1271167
-0.19746697	0.6758605
-1.3727582	2.1376061
-3.749017	-4.556931
-4.110281	-4.6007514
-4.3553386	-4.5092287
-4.014943	-3.8074708
0.6387848	-7.299011
-2.1792324	-5.1103745
-2.7469447	-4.193299
0.31901556	-5.8387012
1.2282033	-5.630556
-1.3537939	-5.8946695
-1.2170811	-0.9345758
-0.8140492	-0.94518673
-1.2839074	0.011494614
-1.9153295	-2.5335388
-0.9355596	-1.1242079
-1.5138323	-0.23002836
-2.728252	1.22145
2.7420325	-5.6668963
2.4692242	-6.2899823
2.9671519	-3.6889045
2.723563	-2.3028958
2.1774108	-4.544031
1.7554117	-2.3502092
2.2234154	-2.1336987
2.6681974	-1.9893438
2.9684148	-1.6308844
1.4188799	0.9854813
3.5087543	-1.4190025
2.6192133	-0.25728926
3.772482	-1.5494897
3.5139072	-1.780006
2.786249	-2.179186
3.2428505	-2.299316
2.099342	-1.802133
3.8392508	-2.7131295
4.198201	-3.1008642
2.7976456	-0.5956571
3.617537	-3.0850885
3.9438179	-3.1159835
3.247253	-3.5081468
3.2586749	-4.953611
3.034062	-0.3958845
2.7150466	-0.95484924
-0.37048352	-1.2401794
0.69841087	0.65589035
-0.90438133	2.7211814
-1.0324261	2.1654637
0.37983385	1.1423023
0.14801171	1.1216404
0.60816026	0.7673714
2.0714195	0.82637566
0.18556416	3.0183346
-0.46110374	2.8492346
1.7498844	-0.11146762
0.542083	2.11087
0.22746636	2.235185
1.9407876	-1.2650579
0.5028393	-1.4222263
0.9971394	-1.6955494
1.1562443	0.16632444
-3.0283165	-0.18350324
-3.4419482	0.801293
-2.9513924	0.6274055
-1.6958311	-2.3254578
-1.7151067	-2.522979
-1.789294	-2.4024355
-1.554676	-1.4387212
-2.1983984	-2.7526681
-2.432914	-1.747199
-2.2707248	-2.6438003
-0.62840533	-2.8613365
-0.66300315	-2.8478944
-0.40452373	-2.4076471
-0.6927532	-2.761591
0.25206012	-2.760245
-0.4058928	-4.2560706
-0.76329607	-3.69576
-0.32246298	-4.1015234
-1.3650655	-4.6448517
-0.4189617	-0.97426575
-1.546684	-0.30283093
-0.2861289	-3.3844838
-0.50583035	-4.299742
-2.4714577	0.91067994
0.7604136	-2.5466084
0.37342072	-2.060179
0.7170115	-1.8684076
0.5654217	-2.0006106
1.0273604	-2.6591625
1.7101967	-0.4662285
-1.5363796	3.3243072
0.9597947	-3.9675715
0.09370981	-4.426016
-0.40609336	-2.2094307
-1.990759	-0.617327
-2.4933624	-0.17655282
-0.90060455	-1.8166503
-0.46160057	-1.7378877
-0.5685352	-1.5017635
-1.1766051	-0.1837914
-1.1887475	-0.3358667
1.0927035	-3.8581023
0.62706715	-3.1684792
-2.0627048	3.7027981
-2.7150836	4.4168444
-2.734819	4.325981
-2.7304144	4.326638
-2.1269534	3.585188
-2.4256008	3.6792605
-2.55518	3.8702831
0.49706757	-0.6055465
0.9628781	-1.0771447
-1.045497	1.3029215
-1.3096261	1.323871
-1.089071	1.3259537
-1.1191719	1.2514055
1.0297267	-2.1633503
1.2521427	-1.8251139
-1.4415069	-0.4197177
-0.92251676	-5.211121
-1.2949874	-4.601897
-0.80517024	-4.298155
-2.9692233	-2.967784
-1.2475363	-4.594867
-1.658754	-4.140747
-0.5167984	-1.4962372
-2.1357644	-0.05935379
0.70205843	-3.1811824
9.4889145	3.0353646
7.795072	4.6282754
0.6436576	-0.9045504
1.060354	-1.3674179
-1.2785113	1.323994
0.6654292	-0.9844709
0.84764373	-1.5348597
4.3023415	0.66594374
2.831422	-2.4471474
3.7671223	-3.1391866
5.181238	-1.9949883
2.3804934	-1.6732564
4.136247	-0.6678271
2.0146728	-1.6284459
6.8160763	-0.58927363
7.701503	1.9073013
8.08451	0.22863173
4.208361	-0.13809404
1.9913669	3.1524534
1.6976188	3.1547508
2.0268266	5.012306
-2.659363	3.023756
-1.1592052	1.5588639
-1.719521	2.154819
-1.4850018	2.563004
-1.8092256	2.8105075
1.9258107	-1.3215151
0.45714158	-0.39330655
0.9144647	-0.6556187
-1.2962332	0.17498189
-1.5299237	-0.2123163
-1.6368766	1.3425777
-1.3942115	0.8269561
-2.7678733	3.4027185
-2.3911803	0.13457344
-1.3557858	0.008398496
-1.52367	0.5666279
-1.5557404	0.84226286
0.28202844	0.9304964
0.32568806	0.77426404
-1.1966822	3.0389197
-1.3947736	-0.640322
-0.46930057	2.3731515
0.32859147	-2.7599308
0.039617896	-2.1766188
-0.040974207	-2.884053
0.002791889	-2.629617
1.057267	-1.1216029
0.7587715	-0.71897143
1.2965665	-0.2080732
0.7828569	-0.5848396
-1.2827775	-1.0340294
4.4251757	-2.0448735
6.448327	-0.59581006
5.033789	-2.3266878
3.3974578	-1.8410475
4.0221725	-1.851639
-3.1186306	2.7900026
-3.3931403	3.135398
-2.9608023	2.643162
-1.5065999	1.7196051
-2.1869128	2.9739788
-2.3206718	3.0067697
-2.2640235	2.991112
-0.5389837	0.9194723
-1.1653346	1.6256295
0.2974103	-0.43275553
-1.5091906	0.106282264
-2.1710372	1.019986
0.6266435	-1.2217634
-2.2995045	1.7538644
-3.4900384	2.8978598
-3.88155	3.2511342
-3.8644006	3.2336884
-2.4670608	2.8953326
-3.4994242	3.614413
0.03924969	1.85429
-0.099026754	2.0393023
-0.04594986	0.54276055
-0.24090491	0.7455393
-0.6424006	0.9167003
-0.15867105	0.7131234
-0.15867105	0.7131234
-0.8820618	-0.7527795
-1.0078592	-0.7142229
-0.79846764	-0.8584688
0.5848281	-0.9457565
0.059367627	-1.1307114
-3.3958898	-0.37131208
-3.7233403	-0.23376456
-1.0890448	-1.5257277
-1.1460701	-1.9398357
-1.3358877	-2.1021156
-0.5883389	-2.1859398
-0.35990596	-1.7728912
-0.6203011	-0.8576475
-0.50604	-1.2598109
-4.03481	-0.23714328
-4.171613	-0.10352202
-4.147958	-0.1465189
-2.4780166	-0.92491555
-2.2013621	-1.0895792
-2.934771	-0.6566837
-2.554052	-0.9131652
-2.2030203	-0.80808544
-3.614295	-0.5994719
1.7990875	-2.671605
2.9826732	-1.6009938
1.2391812	-1.4006611
0.9236099	-2.3448868
-2.2972922	1.1116484
-2.3498857	1.1036015
-2.363877	1.0219499
-2.3805604	1.0911267
-2.8998978	1.8472049
-1.6749243	0.15385447
-1.589239	0.03911282
-1.6192337	0.048352495
-1.6270688	-0.12762536
-1.6270688	-0.12762536
-2.4184961	0.98391974
-2.5090134	0.63496625
-2.2750008	1.0877246
-2.6577115	1.5393609
-3.1923614	1.7328976
-2.6974025	0.97078395
-2.5101845	0.7882341
-2.3429313	0.56175
-2.5358644	0.10779123
-2.5755868	0.10408823
-2.526885	-0.18199159
-2.907652	0.31511813
-1.0374931	-1.2046771
-2.634801	0.60742754
-3.0381453	0.46630126
-2.462045	0.08619134
-3.2491386	0.9653494
-2.5523663	0.5529366
-2.4297051	0.028019369
-1.7736089	-0.39647254
-1.5897057	-0.4507097
-1.9634974	0.24920306
-1.8468413	0.4263301
-2.2457113	0.9147941
-2.1086557	0.9544762
-1.7245088	0.6016699
-1.6775546	0.7307426
-1.6830053	0.7292222
-1.475452	0.7414469
-1.5861304	0.747875
-1.5693252	0.3953945
-1.4275703	0.50594217
-1.7166586	0.8760419
-1.6837525	0.8229505
-1.9421005	0.93361783
-3.0096776	1.9843762
-2.4496708	1.659782
-2.6776452	1.4831715
-2.881842	1.5680073
-2.6876233	1.8611727
-2.468577	1.738402
-2.7927535	1.6153734
-2.29121	1.0607837
-2.492732	0.39894268
-2.361014	0.37701714
-2.4470494	0.3202487
-2.342958	-0.36211076
-2.2379484	-0.2642213
-2.1231165	-0.15978256
-1.5447154	-1.1838274
-1.6229119	-1.1590093
-0.4263238	-1.5876176
-0.16970396	-1.4564435
-0.57133174	-1.7229208
-0.63117456	-1.1481063
-0.68358266	-0.40172315
-0.6047476	-1.4272928
-0.8831392	-1.7991731
-0.9077785	-3.1639528
-1.6448188	-2.3627548
2.5968611	-2.8368719
0.8231159	-2.5923605
-1.4305654	-1.9339579
-1.3448458	2.838285
-0.9610266	2.4926438
0.058707565	1.5400417
1.5505519	2.3301451
1.8752196	2.777474
-0.16048005	2.592749
-0.8503254	3.1475904
-0.85400826	2.6576345
0.027361602	2.243859
1.0444865	2.281608
-0.025281832	1.5754179
0.050454907	0.34411955
1.1069553	1.1437533
0.5191786	1.9388297
1.0744431	1.2529523
0.84276634	1.8817581
0.04494994	0.35513842
-0.3253129	0.13789086
0.5690909	1.7370511
-0.5423352	2.229162
0.8822129	1.2377456
1.1122154	-0.37109575
-0.24504797	0.35786098
-0.96855503	1.4476084
-1.1009055	1.3663937
-0.9772107	1.3031821
0.17500083	-0.32453853
-1.3370345	0.1723879
-2.5855975	-0.37969965
4.775353	1.0888728
0.20176975	-1.9637232
-0.20138831	-0.62165356
0.21060197	-1.4969463
-1.9858124	-1.5057576
-1.9505491	-1.3839018
-1.1696261	-1.6827985
-1.8031584	-0.6489153
0.5847067	-2.4175937
0.37654966	-0.9546483
0.6655736	0.057029918
1.4475707	-0.67639315
1.5313824	-0.25260136
1.4718342	0.057583317
0.93600494	-0.12284894
2.88628	-0.81279963
2.979498	-0.65507966
0.6901937	-0.5577437
1.7125111	-0.09786649
0.9397059	0.40358686
1.2903829	-1.5162092
1.1344827	-1.0933002
0.77376163	-1.794802
0.8060552	-1.61612
0.41459602	-0.8674072
-0.15612154	-0.629555
-1.3656323	0.77126014
3.7541068	-0.48980117
3.808147	-0.70004296
2.5692081	0.2368892
1.0654361	0.99237245
2.7292986	-0.7106085
1.0375316	-0.49898243
1.2112759	-0.1456427
4.096893	-1.2982872
3.535971	-1.226696
1.5174565	-1.0687013
0.16405606	-0.5860294
-1.3060436	1.6856116
-1.2456636	1.8101182
-1.7434185	1.319548
-0.9697519	-0.30669165
-0.765822	-0.3568211
-0.38157803	-2.3954318
-0.05797319	-2.5766168
-1.0481751	-2.2483203
-0.034581393	-1.8269585
-0.33634228	-1.3239427
-0.81914836	-2.204551
-0.13340381	-2.9074194
-0.7291028	0.49377996
-1.5510328	1.3056755
0.15938993	-0.17218947
-0.7683024	-0.3654269
-0.87084293	-0.38221824
-0.2629459	-2.349675
-0.334207	-2.2530813
-0.5206213	-2.062848
-0.52475905	-1.8733081
-0.21711436	-1.7497181
-0.26899418	-1.4745114
3.1625092	-0.6197398
3.5646071	-0.81954384
3.7311194	-0.23428783
0.80159837	0.8199857
3.9915442	-0.62615716
-1.6468563	-0.1813617
-1.7698166	-0.27129954
-1.8497066	-0.38675097
-1.5753926	-0.67115796
-1.8623885	-0.45099697
-1.856191	-0.44514528
0.3301772	-1.9331453
-1.750423	0.24275947
-2.2227902	0.48318192
-1.0550697	0.07540387
-1.100306	0.21514153
0.8370963	-2.368501
-1.2002637	0.48132324
1.5614284	-2.5080607
1.879607	-2.278565
1.298537	-1.9439353
1.3617686	-0.89551246
1.0748839	-2.4991963
0.65472513	-2.6705365
-0.03084796	0.07850297
0.27761865	-0.040933043
-0.66589326	-2.6133819
-0.3843318	-2.6078384
0.20073773	-0.012605466
-0.24066229	-0.7790367
-0.60831696	2.558564
-0.36005968	1.9570022
-1.1834283	2.6522133
-1.4247823	2.184933
-1.4307384	2.3485107
-1.1896033	1.5042284
-1.2453163	1.8645351
-1.4101614	2.0229328
-1.1968433	1.511312
-1.2482078	1.8579767
-0.67253417	0.92005795
-1.1538901	1.5933756
-0.29949826	1.0265085
-0.4860204	1.3049892
0.23735578	-0.087409966
0.35476813	-0.34101132
-0.2846042	0.30972952
-0.4503014	0.4245184
1.5606074	-2.3071907
-0.083781555	0.4618408
2.034624	-1.9380451
1.6103878	-1.3321136
3.1447554	0.8463997
1.9698322	0.7315707
3.3948214	1.625624
3.4733818	1.4984182
-0.3941958	0.76422673
-0.9587175	1.5932176
1.2561197	0.8403361
1.2819343	0.5982142
-0.28026	-3.011265
-0.30293143	-4.142321
-0.16434586	-4.123541
-1.0917017	-3.1811235
2.266395	-1.3924309
2.017583	-1.4417591
1.1881163	-0.5926894
0.20453914	-0.36643934
-0.0052041486	-1.6098622
-0.11519103	-1.5993934
0.8034445	-0.81964356
1.4446726	0.8546481
1.7234387	-1.1826208
-0.037310123	-0.24552865
1.6147442	-1.1776067
2.4723446	-0.26372012
-0.15530641	-1.2197229
0.6548303	-1.4478686
0.7577837	-1.6247853
-0.30631977	1.401975
-0.13835149	1.5131625
-0.4198777	1.7781571
-0.39913094	0.59824395
-0.4765572	1.1714138
-0.82116836	2.2717116
-1.0164886	2.4347985
0.14723372	1.8711118
-0.50412625	2.4391203
-0.21153611	-1.2012566
-0.14018951	-1.1602228
-0.12109518	-0.81323963
-0.33198893	-0.9715555
-0.0018395334	1.3603883
-0.44424126	2.0372715
0.0961359	0.8807697
-0.2613513	1.8907869
0.007668428	0.67474365
-0.64354694	1.685424
0.37195778	0.060297076
0.10265231	1.3593489
0.17955717	1.1649251
-0.16149378	1.263286
0.17239663	1.757379
-0.25321773	1.6862761
0.15741605	0.98845196
0.17934021	0.64673394
-0.13964175	2.4974446
-0.34434348	2.4201238
-0.34434348	2.4201238
-0.34434348	2.4201238
-0.34434348	2.4201238
-0.51735955	2.5696108
-0.82475466	2.5938208
0.20367868	1.8096145
-0.24501276	1.9210694
-0.42896923	2.688619
-0.7845238	2.632682
0.030081138	1.895351
-0.5051209	1.9825678
-0.0074720383	1.1513681
-0.14784126	1.2915272
-0.39201912	1.8632234
-1.1571466	2.3843458
0.03906429	0.5810795
-0.3583418	0.6908313
2.5429363	-0.30865094
3.4702048	-0.04310409
4.0152373	0.7932843
4.421621	0.36264247
3.0217285	0.22324985
3.517641	-0.22906718
0.102507815	2.3676581
0.18605648	2.0948348
-0.17178288	2.0073066
-0.67528397	2.5798593
0.8377192	1.849088
1.0897862	1.6807839
1.4131631	0.38342124
1.771089	0.4346133
1.4650118	1.5113368
2.4802072	1.4634153
2.2168527	1.7256986
1.5871255	1.7804354
1.0275426	1.4539645
0.04618845	-0.10805836
0.4555775	-0.65148896
0.28036767	-1.0314616
2.913409	0.7393288
4.3683476	1.4005331
4.736404	1.6785063
3.813949	2.0994017
1.0954931	-0.16614738
0.62438625	-1.0276909
3.0352902	-2.2791896
0.76592463	-2.0439768
-0.02954781	-2.8128061
-0.26463404	-2.3533857
-0.9811488	-2.2596416
-0.18442526	-3.979178
-0.63637143	-2.5390573
-0.7655834	-0.48266667
-0.74236435	-0.3332378
-1.5428255	1.9418964
-1.77336	1.7032803
-0.075998604	1.0944518
-0.6587549	1.9710635
-1.3194911	1.8359243
-0.411978	0.5778641
-0.40050945	1.7133181
-0.32407066	0.93196297
-0.050931714	0.31221625
-0.7779583	2.0675743
-0.38541305	0.03622025
-0.52926105	0.3823977
0.08463709	-0.10643659
-0.27515388	0.3233122
-0.2745756	0.3246239
-0.3252182	1.0787323
0.16218954	2.020577
-0.29872262	2.6270516
-0.48057616	2.7484052
1.2723047	1.352438
-0.07114482	2.7587566
-0.29153842	3.0551634
-0.9841761	0.56669456
-0.63680696	0.37540793
-0.6798894	0.14205846
-1.3772461	1.0803028
-0.503559	-1.2774825
-1.1593451	-0.90708625
-1.4406686	-1.95036
-1.5220983	-1.0280707
-1.1600075	0.6094676
-1.4560299	0.94652253
-1.7970026	-1.1244256
-1.8338332	-0.95797694
-1.6608617	-1.0351803
-2.3463173	-0.35357386
-2.2213273	-1.0767903
-2.2749438	-1.2625947
-1.6334314	-0.19804788
-1.8365576	-0.024325214
-1.6568174	-0.06514021
-1.9516139	0.6378718
-2.0404298	1.1908462
-1.7524564	1.0897487
-2.4363325	1.759872
-1.6093813	1.0110822
-1.5737722	1.3447808
-1.4690433	1.3183945
-1.7091956	1.3859144
-1.1148262	-0.5283463
-1.3828282	-0.7234237
-1.5484283	0.015041761
-1.6843126	0.85372376
-1.7893152	2.4235516
-1.8146603	2.666832
-1.1667819	1.9317828
-1.7219093	2.5212355
-0.65090996	1.6690308
-0.95568544	2.3240361
-0.32939112	1.6626543
-0.08462928	1.6731538
-0.32845938	1.4867947
-0.59452844	1.4579808
-0.23733038	1.4871304
-0.36784768	1.7841358
1.0069584	1.7776911
1.8176396	0.4971278
1.810318	-0.08927863
0.9119283	1.033607
0.91967463	2.076806
0.6406007	1.3942116
0.75545084	2.0353982
0.49002588	2.4740045
0.2336999	3.5933897
0.5563929	1.5970615
0.5644144	0.7530217
0.5508239	2.0669713
0.54744077	2.3215084
0.4466135	2.924698
0.28040266	3.5021968
-0.08842862	1.0935984
0.57622284	2.0428073
1.2149472	1.9167893
1.1106977	1.6575415
0.29159224	2.330425
1.420001	1.0367196
1.1858747	1.1894132
0.951139	2.0448437
0.5007583	2.2185898
0.758163	0.9141779
0.88945	0.7397806
0.05030395	1.326578
-0.42996162	2.3478408
-0.06816919	1.804837
-0.18959188	1.8996136
-0.05128707	2.1651225
-0.19924897	1.9889956
0.0328788	2.7421792
0.10287006	2.7124622
1.898083	0.579472
1.1803191	0.58600295
1.9966531	0.5289203
1.8706498	1.1444334
1.2156056	1.0172333
0.49134898	3.2549052
2.199791	0.9057308
0.57125944	0.3845824
2.0499878	1.6182743
2.217892	2.1800344
1.7866819	1.9265584
2.412554	2.5967977
1.5192566	1.9371089
0.37043107	2.8218822
0.91887283	1.8219705
0.4583123	2.6508818
3.4721196	0.7470194
4.524311	2.3127067
1.7834337	0.32528257
2.1079273	2.34531
2.2235057	-0.6008616
0.8727363	0.9582688
3.2753668	0.09807694
3.0314982	0.5441644
3.4780476	-0.6387796
3.9707172	-0.9424652
4.195209	-1.9734663
2.070522	-3.2427328
3.4422827	-0.38547346
2.9841065	0.34141064
-1.0870566	-1.7277877
-1.0815539	-1.0727754
-0.8141175	-0.3022337
-0.7049789	-0.34877378
0.6155761	-0.7035863
-0.2590524	-0.035827264
1.4457233	-0.9467031
1.1976221	-1.3444632
4.3315597	-1.2425086
2.1043959	-2.1333578
1.3175776	-1.8813682
4.415693	-1.3177959
2.9569077	-2.413898
3.5820944	-1.3020893
3.3447015	-1.1669798
3.5208404	-0.6647252
4.2621293	-0.5173562
3.100233	-0.8647648
3.7222848	-0.64482945
3.743462	-1.1761776
4.75426	-0.031144135
3.1918786	-0.026784763
3.6859162	-0.31023514
3.3379986	-0.26459852
5.079874	0.37510115
2.733435	-1.3654091
1.1924204	-0.8801507
2.8197262	-1.762609
2.9095442	-2.5498157
2.9811735	-2.3807855
3.0189044	-2.0824704
3.9993222	-1.3798681
4.1673393	2.1375923
3.5727603	-1.1660173
4.6649423	-0.18462998
3.157832	-0.4640047
5.6166477	0.3031578
2.6450107	-0.32658827
1.4349616	-0.6556166
2.5861733	-1.81525
2.3754172	-2.2640367
3.450218	-1.2084327
1.2464733	-1.7354821
6.9467697	0.6137281
6.4927244	1.3341284
8.196644	2.885188
8.225279	4.2430468
0.5092166	0.026745752
1.214688	0.44431353
0.36857718	-0.41026744
-1.5642858	1.0971332
0.6540849	-1.6543027
0.8239196	-0.42533392
1.5975674	-2.7921886
1.7792312	-2.6224055
1.65094	-2.8421032
-1.2716887	-1.1411324
1.3903792	-2.4529178
1.9876466	-2.3698165
1.0066078	-1.8463321
1.2894368	-1.51117
1.1314223	-1.3746157
-1.0548723	0.5048047
1.3010273	-1.6714215
1.3672587	-1.44811
2.2054152	-1.4958719
1.4616961	-1.3347485
-0.53472537	0.5718138
0.6879826	-0.18558243
1.0323737	1.1424521
2.3080552	-0.11460387
1.524606	0.3355723
2.301371	1.211987
2.36695	1.567849
3.5213032	1.8090122
3.30368	3.440376
3.7929244	2.6415675
2.502792	2.0699751
2.3036547	-0.02901791
2.3651102	1.9945686
1.2272577	0.046478555
0.09795749	0.035444207
0.84730786	-0.33096528
-0.5898114	-0.26645538
-2.8847218	0.90753686
-3.233524	0.76476973
0.07155424	-1.4704106
0.9497463	-1.4921083
1.105703	-1.782536
0.909152	-1.554672
2.3844721	-1.9313993
2.8580196	-0.84720165
-2.13909	-1.9566967
-2.7291677	-0.7568157
-1.8580089	-1.8945583
-2.2956278	-0.5489627
-1.7036729	-1.3291692
-1.9087808	-0.4093902
-1.567138	-1.9815353
-1.6699815	-2.1798592
-1.7832925	-1.5079514
-2.0176988	-0.12854305
-1.5520153	-1.9982938
-1.7667403	-1.7300547
-0.53267556	-2.5086205
-1.4926409	-0.64652073
-1.3525815	-1.3458394
-1.2399273	-1.5774512
-1.2572448	-2.084839
-1.069151	-2.2893474
-1.5961268	-1.682036
-2.684109	-1.2845552
-2.5659156	-0.58487326
-2.6206796	-0.7337768
-1.9307084	-2.2550266
-1.9852805	-2.1290889
-2.0838563	-2.3173587
-2.4055803	-1.8107618
-2.198163	-1.7850028
-2.065954	-1.9528714
-2.0904279	-1.7804368
-2.1880074	-1.3516648
-2.3448527	-1.8650409
-2.1710827	-2.1614656
-3.3261797	-1.3055533
-3.1776137	-1.3357139
-3.5313618	-0.2681066
-3.4372747	-0.5705746
-3.8171177	0.06893189
-3.0205615	-1.1661948
-2.1408942	-2.4232893
-2.9983678	-0.8270778
-3.3019674	0.0797825
-2.7034242	-1.3606906
-2.3253613	-1.6678557
-2.9393134	-1.2952598
-2.9482431	-0.90586114
-2.9482431	-0.90586114
-3.4024825	-0.8033369
-2.6127746	-0.8990856
-4.2199383	0.08644904
-4.205446	0.057039216
-3.9681585	0.22472838
-3.9977286	0.27776286
-2.0250094	-2.0114338
-1.6224864	-2.360489
-2.503374	-1.6366572
-2.953662	-1.2133571
-2.8442879	-1.2548336
-1.0904183	-3.5753312
-0.1353068	-4.571274
-1.6551387	-3.413111
-3.0679338	-3.0082235
-0.43997124	0.3286556
-1.3243859	1.2678784
-1.8092775	1.483017
-0.36029822	-1.2356473
-0.505076	-2.3408024
2.6539145	-1.0612494
2.783147	-2.2430363
5.284048	4.201109
4.611375	5.3482227
3.7043092	3.339564
2.3872406	0.8791644
-0.8957238	1.3813319
-0.22641549	-1.4854726
-0.797855	1.1672475
0.12404378	-2.2017717
-0.080829486	-2.6165352
1.0477452	1.4513781
0.020745166	1.0798321
0.7679108	-3.3287013
-0.41983747	-2.2151523
-0.290312	0.21885952
-1.9082129	1.8875389
-0.19477385	-0.5673522
-0.02709648	-1.0609863
-1.0339949	0.46715596
-2.4570162	1.9398079
-0.2160393	-0.21619016
-1.4041636	1.0717814
-2.0041578	1.8198804
-0.7456424	0.48215565
-0.55144423	0.5123299
-0.91762316	0.7600694
-0.6571116	1.1147029
-0.88613695	1.3093213
-0.83891755	1.2258372
-1.1428037	1.0071421
-2.304151	2.1745625
-0.1685597	-0.275331
-0.12403628	-0.4770066
-0.05206898	-0.55613697
-0.21441732	0.9829697
-0.1682361	0.12653469
-1.0137982	0.41890597
-0.018323757	0.13375899
-0.94237727	0.61038774
-1.4443059	0.09582718
-1.0867268	-0.3724055
-0.83110964	-0.3425961
-0.84400505	0.16420248
-1.3319359	0.5640074
-1.3527582	0.8731889
-1.8020493	0.5238549
-1.2610426	0.7753611
-2.5554662	1.4642415
-2.6262238	1.4652148
-1.4016248	-1.0123569
-1.8400893	-0.13403985
-1.3296349	-0.8092965
-1.9266717	-0.55986595
-2.477565	0.41399094
2.5677485	-2.7621129
2.3469958	-2.4068267
-3.126849	-0.23751712
-3.5156143	0.3826371
-2.5207365	-1.0546726
-2.1103325	-0.9126493
-3.1375613	-0.50956106
-0.9387783	-1.8587551
-1.0156331	-1.8696637
-0.41930914	-2.4496195
-0.34437317	-1.9503034
-1.1751065	-1.644977
-1.5639303	-0.6311008
-2.21634	-1.4407405
-2.123096	-1.5033761
-2.128616	-1.9097285
-1.7786309	-0.629875
-2.9546795	-1.0561365
-3.0503302	-1.2063376
2.0495048	-3.2036157
-0.5092841	-2.9426744
3.1659544	-0.031184725
3.2257524	0.29682297
2.449651	-3.3535023
3.8715193	2.7357771
1.7214842	-0.8689737
1.5085453	-0.72306603
0.27191192	0.30092508
0.80579233	0.44751334
1.9845798	-0.9626632
-0.85434365	0.6761578
1.8970566	-0.40957946
1.3912071	-1.1813982
1.4657946	-0.20650001
1.993298	-0.16980827
1.669776	-0.5927089
-0.60393685	0.26754522
2.3580568	-1.091952
3.2629793	-0.7642904
1.7756968	0.020997703
1.0396618	0.06420596
1.5530195	-0.16111
0.97452	0.5599129
3.5351744	-0.4714073
0.5182059	-0.4511001
3.9471142	-0.1796194
3.117577	-0.21797842
3.0920174	0.10584321
0.35784405	-1.1627142
0.06303677	-0.06540309
-1.3754959	-2.239686
-1.6911925	-2.206102
-1.3026193	-0.15159503
-0.6564823	-1.9236716
1.258414	-0.42348254
-0.42111766	-0.67393965
-0.68536556	0.8559271
1.2096243	-0.115882084
0.36819506	-0.8650619
-0.60055834	0.81435144
-0.41873115	0.06336008
-0.22163507	-0.09110465
-0.458786	0.042579833
4.040091	-1.8331885
4.058628	-1.1653472
3.4557028	-1.0561216
3.9516761	-1.1291636
4.8643837	-1.6320996
3.7891216	-2.2424026
3.98245	-2.392185
1.9587169	-0.15892093
1.106518	-2.5411136
1.316051	-2.6712549
2.0738397	-2.4476502
0.8989757	-2.4192388
0.32064044	-1.6059151
0.12646055	-1.686688
1.5126629	-2.5851085
0.20684288	-1.9187131
1.9260855	-0.79800075
1.620542	-0.63473797
0.85778457	0.29784274
1.2349557	-0.23448008
1.3478036	-0.29066396
0.895898	-0.25331956
-0.21876311	-2.2078867
0.14497632	-2.2548113
1.2669849	-1.9240028
1.360904	-1.662497
2.1546934	-2.0586452
2.3600082	-1.6028516
2.17817	-2.637235
1.8222852	-3.2606971
1.9351468	-1.6761137
1.8172257	-1.3207324
2.6286018	-3.8156214
5.017391	-2.640846
5.173029	-2.0593667
4.7246943	-1.8600904
5.2981114	-0.6049627
5.848934	-0.16260248
-0.26794976	3.6919477
-0.018327057	3.5643134
-0.105733246	3.6367798
-0.0054807365	3.5657473
-0.1719096	3.658223
0.7150375	2.4190693
1.7517815	1.2351574
0.44169214	4.041873
0.5031134	3.9667804
0.5619857	3.7045882
0.40617493	3.9885848
0.14339787	4.162875
0.7962585	2.3473787
1.6316581	2.4218028
1.3703583	2.6376839
1.3749734	2.6355143
1.6709024	2.1598165
0.01509431	3.973863
1.6898515	1.8135464
2.3428533	1.4135857
2.6542	1.080848
5.3646502	-0.36250713
3.332565	1.0413152
5.8274884	0.00027647614
6.2800727	-0.05936739
5.605528	-0.27207693
5.659238	-0.60449946
5.221961	-0.63420403
8.061791	3.0151217
7.679299	2.9050035
7.8389525	3.1545618
6.8025947	3.6368783
6.9880967	2.6310012
7.8795204	3.0396097
2.2605588	-5.881938
1.9775302	-5.384035
1.761435	-5.0110035
0.8288805	-4.227632
1.3130629	-4.479803
1.8459239	-4.3966084
1.5211575	-4.6632857
1.4974823	-4.4225707
1.5596206	-4.3965874
1.7960933	-4.168501
0.6931034	-2.8098419
0.758444	-2.8121881
0.806156	-2.527708
0.7618721	-2.712089
0.6783971	-2.62368
0.53705376	-2.4748042
-1.2248173	-0.54649717
-1.3920226	-1.2988763
-1.3647866	-1.645469
-1.290137	-1.5746794
-1.556915	-1.8029726
3.1227932	3.0335412
2.8144863	0.12690684
0.9212663	-0.4468826
-0.80417985	-1.5282046
-0.36719486	-0.414469
-0.09653583	-0.43190408
0.34467703	-2.1930308
0.024904907	-2.114729
0.36824954	-1.9527578
-0.24380954	-2.5573466
-0.30429572	-2.1049092
-0.11508381	-2.2677515
-0.57649493	-0.7015214
-0.5712802	-1.1155022
-0.010124043	-0.8280519
0.94367117	-1.1020018
1.41311	-0.67022204
1.3389635	-0.55705065
2.451976	0.11327116
2.779263	1.6336508
2.2230637	-3.0491717
1.368759	-3.2710772
1.7233269	-3.4624145
2.1147478	-3.2690158
1.8844256	-3.0849857
1.1958418	-2.9747345
1.0824969	-2.736427
-1.3661057	-1.0584358
0.09130861	-1.5516917
0.5478618	-1.5593562
0.45908988	-1.9305779
0.37755343	-1.1411091
-0.5442187	-1.5877029
0.8473602	-2.1135373
1.3503158	-3.13547
1.2960389	-2.986941
1.2559495	-2.6814346
0.9513816	-2.4895656
0.9683052	-3.051931
0.5730255	-3.4253695
0.89323217	-3.3994765
4.8995056	4.0244718
5.4658604	2.6043882
6.1966424	2.1741002
6.6803665	2.5774972
6.491109	3.3350978
6.157676	4.048948
6.326254	3.9567375
6.334798	3.1622126
-2.6164832	-4.5488176
2.4387531	1.9192644
2.3769317	1.6313559
2.659768	1.5887358
4.564278	2.7387621
4.6437006	2.8126392
3.7684324	2.5925567
4.6557083	2.8621383
5.4859924	3.8046968
4.8739767	3.9736767
4.582965	4.4015613
5.1601486	4.9312096
5.4873524	4.13326
4.809646	5.1811
5.479927	4.1116133
5.506073	4.6003404
7.4578648	3.7075484
7.3173532	2.1882079
7.4273343	2.359053
7.2464356	3.719817
2.4933074	0.7636025
2.7061613	0.70753133
2.304701	0.40381566
0.73322433	0.39142662
0.2502401	0.40169537
0.43193644	0.029908054
0.8926416	0.080958284
1.3294575	0.5036601
2.3245745	0.19312999
2.641581	-0.34069467
2.50437	0.07904732
2.630909	0.27352163
4.2786617	0.4760424
4.777855	2.1276941
8.733105	7.2569585
8.612685	7.788251
8.812357	7.525483
8.285887	8.047262
8.286894	7.911375
-1.9157995	-1.9447101
-0.26130545	-2.0387588
-0.56676525	-1.8451294
-2.733193	1.1191134
-2.738126	1.0308231
-2.8088684	1.193504
-2.8094153	1.0561119
-2.8913016	1.0843706
-2.97483	1.1593871
-3.0138125	1.1511877
-3.025315	1.1235893
-3.078977	1.1470068
-3.045326	1.1145159
-3.1021438	1.0869311
-2.922845	0.96122044
-1.8585764	-0.20013334
-2.9069216	0.94486374
-1.6878698	-0.32194173
-1.9067638	-0.12791356
0.02164182	-4.0696907
-0.7633276	-2.2796924
-0.506023	-2.7891831
-0.06722377	-4.1078525
0.43588993	-3.8369596
-0.6087231	-1.1997497
-2.7370183	0.17532887
-2.6812816	0.19596495
1.2774899	-0.2952647
2.0161002	-0.99622464
1.2835202	-0.3906674
0.89953095	-0.45589644
1.2047063	-0.45623368
1.3858747	-0.4020317
1.269477	-0.27147838
1.2934096	-0.4410224
1.4755601	-0.5470485
1.9446113	-0.6961077
1.7049965	-0.515831
1.4977119	-0.57462007
2.1069055	-0.4192807
1.6338242	-0.082142584
1.8922399	-0.59740937
2.2226677	-0.52545446
2.1891186	-1.4384136
2.7743385	-1.3264799
2.3860536	-1.2722381
1.7139055	-0.94170487
0.99845964	-0.49267143
1.1965929	-0.5388562
1.484783	-0.7797419
1.5423313	-0.9701446
1.4997927	-1.1457367
1.2014446	-0.75751305
-0.02235191	-2.801674
-0.21033628	-2.4219089
0.29788595	-2.910092
0.19912995	-3.5856798
0.13468407	-3.2977102
0.1541797	-3.6562254
0.11896296	-3.600733
-1.5625017	-2.334295
-1.5873103	-2.1750815
-1.5113182	-2.6989093
-1.5780513	-2.703662
-1.6592185	-2.5721385
-1.6234572	-2.2827697
-1.2794251	-2.7220883
-1.1729419	-2.9513996
-0.49571437	-3.4831822
-0.36479014	-3.5288594
-0.9756707	-3.416724
-0.102242626	-1.8394412
0.37435383	-1.9086994
0.43821716	-1.683373
0.9048658	-1.9213891
1.4213243	-1.5373119
2.0727248	-1.3550686
2.8395436	-1.3934362
2.613452	-0.92597526
2.4433084	-1.2239754
2.193243	-1.0748088
2.696551	-0.31833005
6.3031344	1.6128676
5.5690875	0.79366857
4.5272613	0.01340881
5.8809085	1.5779744
-1.9248738	-0.6165734
-2.0193758	-1.2305264
-2.1895957	-1.2044595
-2.44459	-1.1169748
-2.600904	-0.78712165
-1.6864173	-1.700251
-1.7450774	-1.7303371
-1.8842015	-1.9646562
-1.8455805	-1.9927467
-1.4071115	-1.8962342
-1.3794281	-2.0953255
0.72882915	-1.8585165
1.4286242	-2.261511
1.2466503	-2.9471414
1.1986098	-2.631026
1.8338176	-2.4371986
1.479435	-2.7904444
1.5185561	-3.4565458
1.0280302	-3.7075138
-1.3900985	-3.412564
5.0226636	-0.5924543
5.867044	0.13347757
5.409639	0.6903628
8.372918	1.5134591
9.470542	1.1134673
9.13846	1.9703176
9.0746565	1.9059203
8.861495	1.9843218
8.261109	2.753797
0.8020479	-0.76345754
0.17448567	-0.6971212
-0.32799035	-0.57806283
-0.107209355	-0.91136277
0.5252203	-1.152473
0.06365012	-0.5793364
-0.08442935	-0.21574704
0.40855968	-0.4032113
0.52337724	-0.63012445
2.634504	-2.3036394
2.6308088	-2.0735276
2.0292869	-1.8828986
2.6572177	-1.8177541
2.5738878	-1.7863396
0.7690899	-0.19610526
0.43025386	-0.14589544
2.0660574	2.5195742
1.531047	0.87325305
1.0327145	1.1553912
1.6032939	0.4647307
1.5561101	0.6980252
0.79864633	1.0594705
0.9818279	1.170846
1.3764026	0.96592206
0.74865615	1.1247635
0.3500409	1.3866782
0.30752128	1.5156484
0.19746868	1.6011659
0.74105847	1.3267347
1.1966374	0.9198852
1.6068971	0.8970092
1.9594183	0.885649
2.0110273	0.9171557
4.9406457	3.263263
4.1201997	2.2722769
4.290537	2.3085666
5.1344814	3.3056428
4.422855	2.4907146
4.5191984	2.4840508
5.039096	2.944087
5.4580984	3.5736806
5.266319	2.4276178
5.0642595	2.681847
3.9378684	2.3061914
5.8645673	2.4668508
6.4229226	2.6556644
7.0227227	1.7134851
7.921813	2.316721
5.6125	4.7359996
7.5503397	3.0761008
6.7407165	2.1343849
6.3872733	1.4907423
6.1854253	2.9950213
-2.1845713	-1.7400948
-2.4345596	-1.8536065
-2.2683246	-2.7259817
-1.6691267	-1.8154399
-1.9155176	-1.1434731
-2.07625	-0.6778567
-1.8750727	-0.33276308
-1.7684107	-0.7321407
-2.123338	-0.4344598
-2.124452	-0.43658262
-1.6203382	-1.5708597
-1.6003163	-1.5503002
-1.9490507	-1.2049462
-1.8305154	-1.0796447
-1.6767313	-0.890264
-1.6739852	-0.6208027
-1.7055507	-0.56852376
-1.5164466	-0.504256
-2.068417	0.055322114
-2.065796	0.37334877
-1.9556057	0.44963986
-1.9572713	0.64566815
-1.3193445	-2.2310114
-1.7443411	-0.77970093
-1.7339113	-0.8524253
-1.742564	-0.4509979
-1.6073184	-0.30371234
-1.7222056	-0.080071606
-1.1368954	-1.2203499
2.41265	1.3336201
2.628886	1.1608356
2.3278937	1.3206196
2.3560863	1.5466516
2.1165307	1.3449913
2.5907807	1.5386354
2.4930153	1.3914175
3.180174	1.1225555
2.6863835	1.1299499
2.0033789	1.343636
2.2182822	-0.24062964
2.2707777	0.19277185
3.1239934	0.68911487
3.167788	0.9253028
3.432489	1.1385255
3.549334	1.2291853
3.1125317	1.983726
3.6844957	2.8750148
3.947108	2.4830666
3.5230951	2.4653318
3.5534701	2.368233
3.280755	2.5885046
3.5852623	2.544652
2.8668864	2.9787164
2.934751	3.026591
3.3876534	2.8128104
3.4255576	2.9759855
3.003382	2.1180148
3.3981473	2.2243488
3.588957	2.191578
6.162403	-0.19127205
6.0605407	-0.15448305
5.606466	2.4239645
5.652389	2.5873973
6.4105515	3.1446347
6.3655124	3.2815807
8.446485	1.555304
6.6162124	4.1135726
6.2107058	4.251769
5.8406224	3.6077552
5.4585843	3.910393
6.225127	2.9903953
6.2890496	2.822452
5.758356	2.439616
6.280592	2.8931093
5.9011874	2.3464441
5.689343	2.1365218
3.3148572	1.0026394
2.4353344	0.9619916
2.1491053	1.0614997
3.966017	0.60630035
3.7806664	0.5499259
4.1541786	0.7197151
4.132936	0.72405934
3.234435	1.1487087
6.120276	2.9077575
-0.14255224	1.1075685
-1.4588673	2.5981834
-0.36875647	1.4910696
-1.1547408	2.6276193
-1.1757166	2.6457198
-2.0333536	3.4552338
-1.6701816	3.5470202
-1.6701523	3.4934824
-1.693092	3.6426418
-1.4956214	3.6016426
-1.5634351	3.6069722
-2.0348332	3.7413752
-2.0731153	3.8129568
-1.9827855	3.7019975
-1.8350732	3.4412754
-1.6789763	3.1095142
-1.3796283	3.4958694
-0.5047828	-0.33056828
-0.9869451	-0.27840593
-0.99934727	-0.31788057
-1.4817235	0.08703745
-1.4937677	0.106718235
-1.1574712	-0.3210691
-2.1462777	0.22366142
-2.0927012	0.18120578
-1.740349	-0.040459804
-2.2030852	0.36544004
-2.1579564	0.7029799
-2.0504162	0.6519505
-2.2019112	0.7478046
-2.144259	1.012032
-1.8490381	1.0069374
-0.59538466	2.1446602
-0.65394765	2.350353
-0.6419726	2.4364154
-0.99848825	2.63779
-1.2687896	2.7151148
-2.6606824	2.7795098
-2.8868883	2.8697689
-2.5666597	3.0288138
-2.5216238	2.5446932
-2.3571744	2.3243146
-2.3808072	2.2915578
-2.3182814	2.2322354
-2.4235365	2.1951122
-2.3244257	1.8943043
-2.0434737	1.7528298
-2.019505	2.196956
-1.3911843	1.6110656
-0.24003722	0.5222345
0.13285135	0.4726711
0.4024406	0.5475448
0.3037954	0.5845684
0.20822512	0.6480037
-1.6447351	1.413776
-2.3693702	2.0011873
-2.0874355	1.3889465
-1.7731383	1.3157588
-0.44161743	1.0119832
-0.6755708	1.0596443
2.9317508	1.0334452
3.938802	1.4576793
3.457874	1.344131
-1.1953561	1.2207351
-2.6730256	1.1043023
-3.2714329	1.7016301
-3.49698	1.0775541
-2.711049	1.0723777
-2.619411	1.1749551
-2.4816787	1.1683383
-2.2907732	1.1711106
-2.2674208	0.6884204
