35.7709 34.396 35.2249 46.2393 44.4036 41.0473 37.5561 26.6758 25.0044 17.2235 21.7889 23.8187 28.0992 29.2357 32.1344 43.1505 44.4259 38.6312 32.2653 34.8402 25.9655 23.7696 18.9009 12.8192 20.8196 29.5038 35.8682 39.2315 46.9979 44.0014 37.8552 41.0403 29.2411 25.4182 19.957 11.8583 22.3583 21.6046 31.2824 34.6503 44.6238 38.333 47.4585 40.0818 29.08 27.5489 17.7724 16.1624 22.6897 22.0356 23.0995 24.5427 39.3011 42.2501 36.4959 46.0779 41.5371 32.4859 30.7772 24.5854
24.9706 33.8315 46.9423 42.5033 40.0592 38.257 30.9737 24.2685 19.5559 14.9595 13.9613 25.8069 33.8766 35.1541 35.0888 39.9575 39.8964 39.9479 35.3773 24.5035 23.8026 11.6346 19.4908 22.7429 27.3762 36.2696 42.7262 39.0815 46.3881 44.5109 37.7187 26.2496 23.0347 22.8681 10.9314 24.4129 30.0701 27.9194 42.9813 38.2759 40.5399 41.9338 34.0903 28.2374 17.3099 17.0727 14.5014 19.3736 25.3264 26.866 31.4218 40.1772 40.7762 36.4066 43.8886 26.3209 30.8269 24.1889 11.4137 13.1961
35.5351 41.7067 39.1705 48.3964 38.6103 34.5755 39.4181 29.1601 21.1805 20.4808 14.5935 24.265 26.4578 28.9629 31.7837 45.5757 48.4191 46.4321 35.8598 35.509 22.1924 23.3135 23.2302 22.6636 19.3221 17.248 27.1418 39.0091 45.7347 42.0011 44.5071 43.5643 35.0768 23.3575 20.7055 19.9759 18.6236 18.7408 27.4668 26.2064 35.5579 39.407 44.8076 48.1086 45.3199 36.0476 32.956 27.4532 15.7995 13.0734 22.8846 15.4841 32.6882 30.0856 42.1698 48.2339 46.0566 37.7721 37.2248 32.9494
24.2104 41.7679 45.2228 43.7762 48.8175 42.4056 33.754 27.3527 21.9765 22.2249 14.6318 13.2447 25.9956 22.9981 36.5781 39.1692 48.3092 44.9226 44.9275 33.9707 33.7175 25.0466 19.1417 16.1412 10.5987 24.3277 18.0507 26.8056 39.6169 45.4319 42.7228 40.7078 34.2781 36.3512 30.5172 21.4045 15.7467 13.948 14.5696 21.9495 22.5105 32.4536 43.0862 41.8163 38.1183 46.5417 35.1324 27.1443 19.4728 22.2505 14.7018 16.1907 21.4407 21.923 30.5317 41.065 44.3438 45.9355 40.3084 45.0065
31.5555 33.8108 47.7598 40.4056 34.2128 26.8555 30.1153 13.082 19.8027 19.3834 26.7693 31.8521 40.1876 39.8323 43.9535 37.7174 24.2572 23.6006 13.4661 16.1605 16.1841 32.2748 40.7452 41.001 42.0267 47.4836 31.6293 31.7157 19.3745 11.8441 12.0783 25.5561 35.7218 43.9844 48.6975 38.1681 35.859 34.6789 30.3785 23.1508 14.7885 20.0223 27.5827 38.2921 35.1351 43.0436 45.1359 31.75 29.2927 16.4292 21.88 13.8714 22.6016 26.2231 37.3841 45.987 43.623 43.531 35.1972 23.164
28.8411 34.9491 42.3064 35.1881 38.3215 29.9606 28.558 27.0297 14.1518 17.7457 21.4327 32.0057 31.228 35.0438 40.8649 35.6725 36.6971 28.3977 24.3614 25.5593 21.4584 23.9996 33.867 32.3959 43.1704 35.3792 35.4439 31.3646 29.4939 15.915 22.5751 18.7745 23.6087 29.5751 32.7677 39.0122 33.9751 30.6442 27.6479 23.5429 17.0723 23.2724 17.5351 33.1531 33.144 43.3795 38.0439 38.498 34.6423 27.5154 28.0469 22.7719 17.6894 24.643 35.0257 32.2925 41.6378 38.8235 40.2336 28.6438
28.4004 39.8835 40.4039 42.5002 42.7544 32.9513 29.7748 20.6785 16.1984 15.6932 22.6271 35.4492 41.4701 45.5868 42.5029 33.1578 33.9853 19.0391 14.6295 15.2926 24.0683 24.7247 37.9322 47.5312 47.9608 38.2376 33.4948 31.8874 17.4009 14.9492 15.003 23.2439 26.7731 34.7717 40.3571 38.0118 39.9174 35.4881 24.5046 21.6087 14.4941 14.8137 24.6532 35.3538 40.324 47.4154 39.0893 39.7996 24.0185 18.8891 14.1087 10.7992 24.6741 23.5884 32.7261 43.0726 49.6394 44.2687 32.6956 26.7285
34.5403 36.1093 40.7151 40.9382 35.0919 35.817 38.3182 24.3964 23.4916 19.8293 22.4225 19.2891 21.3046 27.446 35.0779 37.4223 36.561 37.2467 34.3636 36.4961 31.5585 28.1344 24.4481 23.8918 18.6707 16.1746 18.007 25.585 30.6991 32.8416 38.4103 42.7735 43.9582 38.6373 37.5257 32.3157 23.3608 27.6761 24.5498 25.1861 26.093 19.739 29.0946 32.1618 37.8563 34.0971 44.6772 39.5753 39.681 30.0522 23.1454 23.7854 21.3468 22.8669 23.0587 27.3852 30.9244 32.8075 37.6391 38.2598
28.2605 33.4574 43.3897 41.2148 37.1533 33.4367 30.1819 25.1225 18.3349 20.6586 25.602 33.0963 43.5086 41.2493 42.5565 39.4724 28.1088 20.038 20.8383 20.7693 19.1773 21.728 28.683 45.8125 40.7795 44.9571 35.8433 33.54 20.4141 16.7765 18.4715 25.156 29.8314 38.2776 42.4148 37.2415 43.5514 33.5848 27.1955 25.4418 21.9488 13.721 18.8011 31.3587 38.3525 38.5398 46.2625 41.0847 34.1759 30.2528 21.4883 19.2692 18.9633 20.6217 26.7159 36.1302 39.6474 38.9016 38.3285 26.839
24.8898 38.805 37.92 43.1023 39.3679 39.0897 38.8469 33.6141 23.222 23.3015 15.7651 22.7762 14.1679 22.2549 24.9245 33.5719 33.8683 43.823 41.0436 46.3503 42.8637 33.6655 31.6634 20.0828 18.4649 14.0268 21.8696 24.6858 24.1681 32.5447 38.9398 35.0152 38.5666 47.4021 38.5867 39.4744 26.4805 23.5885 16.2014 22.7814 20.9013 18.7308 17.3381 24.0946 27.3654 39.5289 37.2888 42.1669 37.6379 43.4843 36.268 32.773 19.8359 17.9304 20.1922 22.3295 20.9811 27.9966 27.5978 31.8755
30.7425 37.9754 43.1891 42.739 39.3712 44.1962 37.6507 28.8875 18.4354 20.9146 13.3554 11.5834 18.0495 28.5362 31.8329 34.7209 42.0029 49.4517 45.422 42.4498 36.5443 26.7467 27.3971 19.4725 13.1377 21.002 17.6963 21.995 31.4431 35.5 38.2189 46.1688 41.2444 37.8473 39.7422 36.6668 19.9717 24.1381 15.0715 13.0632 12.4505 26.7096 26.7751 36.473 37.2131 43.4866 46.5014 47.9382 34.9641 30.769 20.4861 21.7675 16.6897 20.8294 17.9138 26.8031 26.095 30.9324 40.206 48.5869
32.1442 37.6735 44.3604 43.7898 48.9829 39.61 30.854 32.244 26.7408 16.4025 20.5381 18.3095 21.4488 30.5328 32.5922 36.8965 46.8663 42.4024 35.0662 30.2846 28.0563 19.4062 14.6652 19.9163 19.5571 22.3479 28.1336 27.7408 44.7841 44.5111 41.6795 36.4173 38.1247 30.4026 18.5294 19.9396 19.104 16.5998 20.3531 24.9301 37.6115 35.9893 43.7921 48.7451 39.0895 33.0155 37.5442 28.9469 21.445 18.2254 11.4926 19.6335 21.1172 25.5808 30.9373 39.519 43.3949 42.9109 40.4535 32.7141
28.5487 38.744 41.5082 37.8523 40.991 40.9896 40.6828 37.1377 30.4491 26.8964 15.8185 16.1749 19.811 17.9418 31.5212 25.9806 34.4269 41.4225 35.2909 42.9488 34.1235 37.9459 33.6538 24.4063 27.8152 18.6115 23.3455 16.5313 19.3346 30.7055 26.231 30.7317 36.0663 46.0435 35.8849 32.1875 39.7325 24.5143 28.4302 28.1053 17.0588 21.5861 26.6075 21.9976 22.7838 35.1121 36.0863 40.2796 45.1335 37.2871 43.0745 32.8185 33.2167 23.3482 19.4809 17.3597 22.8378 23.1099 19.1903 27.7754
29.7481 35.0096 45.5182 47.1441 42.4431 38.1345 30.4926 24.4804 17.8574 16.51 14.1993 18.7899 18.0614 29.2729 29.1877 35.8468 38.3537 45.3945 37.4028 35.2864 28.8721 27.2127 18.7626 17.8971 12.5872 22.7502 17.8389 27.1988 31.4798 42.2281 43.6363 49.2067 41.6685 41.6546 37.9759 26.9402 21.5901 22.7819 13.9352 18.9154 20.196 34.2972 39.5432 43.9576 47.102 45.4469 38.9672 40.748 25.8723 29.2668 20.9359 21.6952 14.8328 19.0264 26.6645 28.0073 41.5617 40.1772 44.9136 48.8988
33.2631 32.5615 40.7387 40.0448 45.5522 43.5135 32.7647 29.3747 31.0824 17.2672 18.66 20.116 26.9831 21.2942 28.2209 38.3987 38.3702 34.4489 39.7835 34.3838 38.8619 30.9972 27.4411 28.5552 25.3819 16.982 26.2182 26.1982 26.6734 36.0118 35.1193 43.7258 36.6988 43.0794 34.658 27.4547 22.6351 22.3977 23.4841 17.3228 25.5161 26.6178 31.5342 36.1283 41.9434 34.2076 42.6871 35.7141 38.8656 27.1743 25.5406 28.3597 25.664 24.0535 24.7123 23.6286 31.0698 35.5657 38.4197 39.0139
30.7568 30.4465 35.8128 42.8655 38.2801 43.9991 37.319 28.0925 30.2355 28.6748 15.7433 18.6039 18.7363 16.5419 22.8501 32.1103 36.2311 38.324 44.6487 37.9792 35.8137 40.8654 35.9729 25.282 28.9272 17.8594 18.2777 19.9084 22.4766 26.3122 35.7893 38.1887 33.3 34.4444 43.1842 35.8281 37.225 27.1919 22.5461 27.3743 17.0854 20.8361 25.69 23.2508 30.3844 24.8467 29.9052 41.4951 35.0381 39.2123 35.4702 41.2383 26.802 24.4047 20.5264 26.2182 13.3387 21.5827 20.855 23.967
27.0824 38.1203 36.7182 40.8167 38.6049 42.6665 29.1573 31.1564 21.1538 24.6409 15.9524 21.1574 18.4404 27.6077 28.6911 41.7983 38.9014 45.3085 44.0046 34.7437 28.9773 28.0688 21.854 20.3247 21.7831 22.1205 19.1262 32.9311 33.934 35.5011 37.7656 38.0625 36.6877 29.434 29.7622 24.4747 18.0805 16.2138 15.5198 28.5203 28.1273 30.9865 42.579 34.9057 41.0299 43.4027 41.0141 25.7749 29.5514 27.1423 24.3613 24.6047 15.3662 21.1386 31.1652 40.1686 39.749 42.117 35.3176 40.0279
26.276 42.1307 40.1317 47.0287 38.8451 30.8415 24.337 19.0405 19.1752 19.5516 17.0312 22.4861 32.3838 44.9532 38.306 36.4755 31.7606 28.7161 26.7456 23.1604 15.0946 21.5373 26.8234 32.0104 44.7619 43.5953 44.5503 42.7948 26.6791 22.0618 13.6412 20.7571 20.5604 29.5806 28.6862 39.0231 38.7712 39.1912 42.6814 37.0817 29.8035 22.8459 21.5674 15.4343 22.0363 24.8876 38.1926 40.1233 43.6209 39.6101 38.1169 22.5113 25.9638 16.903 13.9054 19.1836 30.9761 34.5208 36.4414 41.8306
31.1421 32.324 37.5355 43.4115 42.5755 38.6982 34.8363 27.2288 18.4128 14.0898 20.7811 22.3786 22.7188 21.7725 32.3935 37.9021 43.4003 43.8388 39.0265 39.9676 34.1245 26.6117 23.7401 20.7135 19.4116 15.1044 26.2716 32.786 35.771 39.324 38.8783 41.5105 32.8248 29.6894 30.6898 16.3157 22.2143 17.4271 24.307 20.8704 27.7921 30.6916 42.9717 45.0107 44.7348 35.1978 36.2263 33.5025 21.2598 25.6927 14.2865 18.9865 21.5345 22.3358 37.3268 38.1527 45.8281 37.3389 44.6804 42.1113
29.7793 33.5955 38.2882 39.257 45.4788 37.7171 31.0806 26.7689 31.4416 23.4211 19.662 22.336 15.6057 29.3483 30.2411 36.5924 42.3301 41.7646 42.5535 42.6153 34.2203 30.2243 30.6954 20.5443 21.9657 25.8915 17.6732 27.3834 21.425 26.3878 29.9536 38.6526 40.3809 35.2698 37.9023 38.6286 27.9722 27.5859 24.6164 22.9904 15.6561 22.8803 31.1704 25.1837 38.2491 43.418 38.8503 35.6262 42.9412 38.0385 32.2666 27.6102 23.0217 15.0511 23.428 24.4191 27.0137 32.8483 28.9665 42.7579
29.8417 37.657 41.6643 38.1337 46.1419 41.4995 29.7408 33.6235 19.9875 13.6796 12.828 19.8401 17.3603 22.4517 30.1885 32.9343 46.853 46.4827 42.9656 36.7467 36.7744 20.4711 15.7887 12.4713 21.2193 18.5793 23.4753 34.8505 34.8788 38.2861 40.2723 44.0685 35.6235 33.0224 35.322 26.8051 16.7937 22.0056 19.1145 22.1034 23.2371 33.9955 39.5705 37.2169 43.5294 45.0718 32.4193 36.1643 30.3446 16.2215 17.1046 11.7595 20.1056 27.3057 31.8437 29.8439 43.9624 44.9137 38.4624 35.4745
29.8854 29.021 38.6378 36.2892 47.0325 38.241 33.7387 25.925 21.4466 25.7283 15.9478 21.8276 18.6095 19.1829 30.8004 37.6624 31.2481 45.6552 40.4705 45.8088 39.9595 39.7848 26.5972 20.2628 15.7385 18.0137 20.5864 20.9369 28.0654 32.2934 39.3129 41.3306 34.7946 42.3561 45.0426 35.4503 37.7498 24.7401 22.2827 21.1901 13.3013 22.5931 17.446 21.9409 25.3415 40.2555 33.0786 35.2796 36.5139 34.1983 30.2432 36.7576 27.1158 18.8256 19.0554 22.8141 22.9512 23.4063 29.7463 33.4762
26.059 33.4436 38.8249 41.7848 42.5722 34.0582 30.3299 26.945 21.1241 14.6946 19.1064 16.5727 16.3218 27.062 33.3793 37.0183 42.1883 40.2596 38.4041 39.3723 31.278 23.9 20.579 10.6051 14.7531 19.2064 24.1793 31.9541 36.2601 39.3654 42.3175 37.1907 41.4338 34.219 21.4009 22.1022 22.1928 18.823 15.4352 19.2243 32.4192 42.8326 46.3957 48.1395 43.4007 40.1506 29.0284 21.1716 21.3189 11.9235 13.5061 15.7231 17.09 30.7336 34.3057 39.4032 38.3136 39.0705 42.5527 34.4024
33.2194 35.8685 36.955 47.1315 38.3517 37.7406 25.9408 25.4453 16.7407 23.2634 16.3406 25.8889 31.9872 39.2912 37.5751 43.4289 36.8162 31.3377 26.7043 20.1941 16.6629 13.259 22.0613 28.1936 27.0563 33.181 38.2686 44.5323 37.7158 33.6835 24.6716 23.8462 16.3875 23.71 23.0742 25.3557 33.4573 37.4594 42.8146 46.9368 34.0586 28.077 20.6412 19.6025 19.3939 22.5548 17.9909 31.4263 33.4172 38.1911 47.984 44.9496 34.9163 29.4409 30.0664 15.2331 14.5865 12.5258 24.0905 32.3692
26.8147 35.659 40.0448 45.9509 36.8047 34.5668 32.1102 28.8161 19.8025 24.7117 12.7327 15.7631 17.2377 30.5339 31.8565 42.5577 42.3353 40.318 40.9768 31.39 33.3716 23.6424 18.1504 14.9351 23.85 24.354 25.5352 35.4305 35.3653 38.1625 38.1975 42.2875 40.8422 35.7815 29.089 17.6211 20.4405 16.3431 25.2666 21.2145 25.9342 40.5964 40.3963 46.1159 40.5779 44.576 35.195 28.672 21.1011 15.5465 20.8647 13.8917 21.6347 25.0307 29.474 38.5146 41.664 37.7865 36.9201 32.8873
24.0037 35.8809 38.8854 39.6478 39.082 40.1985 29.1954 17.0442 20.4087 9.3816 15.597 17.1616 29.4168 41.178 46.7701 48.7631 43.1989 41.326 32.5536 21.2629 18.8219 15.6749 11.9467 28.1057 30.9185 40.1609 43.7781 46.2128 37.7389 37.9744 22.7584 17.1595 14.568 12.7434 16.1829 25.8339 32.3265 40.2639 41.1807 47.8568 36.6706 38.2492 24.0261 21.1555 22.0908 12.807 23.5331 19.2486 29.1826 42.2556 44.3969 44.3432 41.3229 40.1345 30.4834 20.4561 20.6186 21.0214 15.5366 30.5863
29.7191 30.7809 40.2461 40.8522 38.4162 38.2877 29.6741 25.9852 14.3845 21.9506 15.3331 20.7709 18.7554 34.1252 31.5834 46.5455 49.2307 43.8259 32.1281 26.4022 27.4004 24.5293 12.1374 15.5811 16.099 29.3377 36.7325 39.3069 47.8725 46.4693 45.2809 35.0506 31.9822 24.3381 22.809 16.0267 11.6986 15.0845 29.6455 27.8207 42.5484 40.1427 49.7552 41.3569 30.9477 30.6163 18.8822 21.9439 12.9733 18.6547 24.8714 24.3326 30.0769 35.7262 45.0236 39.7163 36.6515 36.7801 28.0335 27.4249
34.0413 33.0558 47.1407 40.4858 42.9716 33.3002 24.5335 20.8579 19.3251 24.6109 20.9691 34.9149 40.4454 42.1688 37.7588 36.3252 35.1673 18.5778 16.4828 14.8446 16.4814 24.9002 39.2064 39.6818 38.721 37.4091 36.8732 29.192 25.3144 19.4178 15.1449 29.9338 33.3385 34.7259 39.0679 38.9667 33.256 32.1431 23.5196 14.6488 18.7324 21.901 30.1836 29.2278 38.411 48.1184 47.2263 36.9325 25.7795 18.1771 16.9523 13.0915 27.4217 25.7377 42.5988 37.5728 44.5405 40.38 30.6777 23.0052
26.3583 41.0159 46.4368 42.2493 40.7608 31.7019 33.7671 16.3022 12.9129 14.5288 17.3474 27.3406 36.521 41.0073 36.6456 46.338 32.6653 36.2698 29.778 13.378 19.4014 20.3952 26.7193 33.108 42.7399 45.7245 40.1983 34.6581 36.5698 29.7383 23.5417 14.2801 22.7594 25.8083 26.8188 40.2959 37.922 43.2431 38.2278 39.6924 34.6257 29.0349 24.9492 22.7362 17.1803 26.8355 25.3635 39.8799 43.7804 46.1271 40.019 30.9997 26.272 21.2123 19.5439 23.5599 27.3578 29.3063 32.6175 39.3324
29.4044 37.9153 42.9343 47.06 32.8872 33.2271 20.5219 17.818 12.8334 24.4642 23.4341 29.958 43.3039 38.5418 36.8787 37.9667 22.7553 15.0891 20.0411 17.1499 28.8686 35.9479 39.7371 45.5263 39.9928 36.7381 33.9146 17.7287 22.0216 15.0298 20.5751 23.1473 34.8849 43.678 37.3212 37.6177 33.0966 21.7189 14.9764 15.721 20.7521 20.9265 32.7448 37.5577 37.7375 37.7271 32.0695 28.1809 24.9757 13.3169 13.6127 22.6827 23.0514 38.0797 38.6815 40.4707 42.4664 37.1812 19.465 19.7029
32.7824 35.4013 43.1513 41.1918 33.3502 32.3278 30.7077 20.9117 17.5616 13.7516 16.5663 28.2534 33.5483 39.0958 42.7483 35.1686 36.4193 34.1711 32.6901 24.7323 21.6053 22.7476 22.446 19.9948 32.1531 33.7879 40.9765 42.0481 34.933 30.3235 28.9688 19.613 16.6861 14.4412 17.6487 22.8212 24.6169 36.6319 36.9189 39.286 34.0266 30.4264 29.79 19.7448 23.9866 16.7953 22.7954 28.3563 26.0288 38.497 39.7943 35.695 36.2334 30.2115 31.9464 28.6318 21.2604 17.4355 17.5393 23.3659
24.0823 39.542 44.7246 46.4448 44.1481 37.6568 27.1227 25.928 20.0148 15.0963 19.9849 26.8917 28.609 32.2573 36.2212 38.5804 37.718 29.1157 25.728 21.2087 14.0566 16.2058 22.0113 26.2517 30.0016 37.2407 45.0267 42.8906 32.2107 26.5808 24.5923 20.3293 14.7924 24.1676 21.5377 26.5376 36.7649 44.3524 35.8989 42.4474 31.4146 22.3716 19.3152 18.3085 14.8759 26.1938 22.6466 38.906 33.7466 36.3569 36.8069 42.2168 37.1631 28.3435 26.3122 22.2013 23.8705 27.9548 30.8444 31.9461
30.8956 39.4336 39.5974 42.0363 46.8106 34.0587 31.4438 33.3497 25.9809 17.4067 16.1807 15.1859 16.8501 23.6637 29.3002 37.8865 49.0356 37.847 38.2559 29.2626 29.5323 21.6039 13.7374 19.9304 19.8256 24.4574 32.5921 36.161 38.2161 43.1261 47.4378 41.8185 41.6468 30.5036 27.6898 18.8469 17.3307 13.0762 15.9185 22.8611 32.9682 36.1319 38.8105 38.041 39.3573 41.1814 33.9421 23.7546 20.6031 10.7425 11.6026 20.7221 21.7875 32.3239 33.6417 47.94 38.5679 46.6194 37.0306 26.8016
30.6452 33.5252 47.7151 41.2529 39.2562 38.762 38.4 24.4824 19.1655 20.1992 13.2109 12.8291 18.7599 25.6468 38.5677 36.1103 48.6031 48.2751 45.7563 32.5005 29.7102 22.3788 25.1075 10.5893 10.8242 15.1053 21.3766 29.6578 33.7933 47.2711 43.4118 49.0611 45.2724 34.169 31.5485 23.9859 17.2146 17.5982 20.4758 24.7824 28.2999 31.1446 39.9752 49.6628 40.3528 42.8835 33.5415 37.2749 26.5876 16.4501 20.2041 19.2114 12.4077 23.5028 36.1555 40.7686 43.7731 38.7943 45.2266 42.783
35.4646 35.478 37.3539 40.355 38.3622 37.224 31.0864 22.7959 18.8444 12.2326 19.2947 28.9564 24.7471 31.3671 42.8636 39.7815 39.4978 29.8952 30.6365 19.7036 15.4996 20.3918 14.4383 23.9745 32.4388 41.6363 46.3351 37.8753 42.8424 31.785 30.2816 19.0999 14.9406 18.7319 17.1666 22.0404 26.444 33.3483 46.9012 41.4629 45.3279 29.9568 32.9891 17.3461 18.3272 15.0005 24.6997 24.2448 31.2329 36.3487 48.3386 42.0269 33.9831 28.4909 28.7518 19.7386 17.784 14.8201 20.0448 27.7847
29.5406 33.5848 35.8956 38.0802 42.6702 33.6437 31.6486 20.7756 24.8114 13.2187 17.9847 19.1082 26.5453 39.8323 41.5444 42.6346 36.3555 39.1189 27.2185 19.8007 19.9331 23.9433 24.8578 21.0209 30.7559 33.1634 42.1031 42.2453 42.4509 34.2776 33.3231 23.1818 17.8762 16.7051 24.5144 28.5012 27.9923 38.2543 35.2001 39.6505 35.7929 31.1492 29.7761 25.7107 20.9752 18.3334 21.468 19.684 30.6163 39.3569 34.1597 42.4861 37.1547 34.9041 33.2341 31.3235 18.1452 17.7995 19.2096 18.7337
26.1545 37.2301 37.0039 44.8597 42.1159 33.9911 30.7743 20.6414 22.1169 25.5723 22.7121 35.5808 42.6517 45.5983 35.8229 36.978 31.0988 19.7673 21.3027 19.6922 24.9255 27.4865 29.5363 39.5122 40.9042 45.146 33.9636 26.3889 19.4483 21.8745 18.82 24.1643 32.8481 37.1484 42.0557 38.9684 40.8135 31.4954 21.8887 20.5554 14.8372 22.4996 30.557 34.4191 33.456 35.0899 36.9469 34.3121 27.8942 18.838 16.871 13.3219 26.9516 25.106 32.9866 44.2686 43.8543 35.5043 34.9124 23.3873
24.3422 35.9905 38.3697 41.2425 43.0979 29.3166 24.7874 18.155 19.4387 17.4181 31.5329 30.2066 44.1624 50.1312 42.0688 38.7064 25.1866 17.7194 16.1348 14.9991 27.5425 33.7719 42.1944 47.5171 48.3573 35.6699 28.374 27.1421 18.7235 14.5728 21.0474 23.5288 34.8436 45.2607 47.1319 38.758 39.575 31.5292 21.4903 14.5456 22.6757 19.2534 31.849 40.1556 42.5452 47.1333 40.4108 25.6262 22.655 16.502 17.6411 25.2974 32.839 42.0852 45.8687 38.8255 46.1264 35.347 30.212 13.206
31.5071 30.3462 36.6107 38.6893 45.5604 42.8918 33.7633 32.1046 28.3337 22.8577 16.1567 15.3482 25.9952 26.9467 30.3955 31.194 41.2203 39.3286 41.6774 34.8559 39.2224 29.1269 26.1037 26.0756 20.7749 14.8812 21.2606 28.2754 25.9128 33.7993 40.8501 43.7985 41.4138 36.2297 34.4368 30.28 32.6419 18.9889 22.8559 19.314 19.3678 25.6036 29.9304 27.985 31.0956 34.0094 35.7771 37.4168 30.8219 25.6021 28.2777 18.9879 16.1107 14.3997 17.2542 23.3894 24.4656 29.6396 41.6298 40.1532
27.6388 41.6688 40.9344 36.8213 39.6225 33.2428 31.9644 26.2984 14.9493 16.5426 22.4119 22.6485 35.0749 32.0629 42.1071 46.5702 45.0406 31.273 26.8028 22.5754 16.326 17.9722 15.7631 27.1493 26.7165 38.901 44.9105 47.4412 37.7306 36.4598 33.008 29.3038 24.6391 18.3406 20.1702 16.4429 31.9993 36.6776 39.7713 43.6607 36.3792 37.0118 31.3474 21.299 21.1175 13.9727 16.0292 26.9176 27.0947 39.4409 42.5749 36.1273 43.0568 42.4995 35.986 25.9462 20.7706 23.2863 16.4481 24.7488
32.07 35.927 46.0664 47.0233 38.0722 37.3594 26.1317 13.0016 11.8143 13.1851 20.6026 32.5702 46.5346 46.8849 48.0136 41.0053 24.4386 22.9657 21.3305 22.1853 18.0982 23.2729 39.1643 38.3771 49.8789 46.526 38.8149 24.2987 15.3701 15.621 22.1259 28.6364 29.853 37.2934 42.2965 47.0608 37.8995 31.8064 21.0852 11.6247 18.9693 19.9275 30.0616 31.4037 41.5582 46.1573 42.0035 36.9515 23.261 15.7532 10.0067 18.6147 27.6506 28.8793 40.8209 46.9311 38.1265 38.3925 29.3815 18.3166
32.8485 32.6025 44.1224 44.172 38.9286 45.4076 33.8422 30.8023 23.2227 24.3516 14.5351 11.5571 14.8621 16.2949 19.733 29.5489 32.9115 41.8805 43.3745 42.1549 43.6066 35.1158 29.2947 30.3348 18.1857 17.4701 20.6168 17.1849 18.81 28.07 29.4401 34.6812 43.0026 41.2569 43.7137 45.057 34.6971 32.011 26.591 16.2748 17.8578 17.2245 17.638 26.9431 28.2579 29.1225 36.3099 42.1851 39.6961 44.402 38.7069 35.8327 34.125 25.8361 21.2947 13.2201 11.114 19.7152 17.937 24.2756
29.754 36.7461 34.6286 40.5504 39.2134 35.2695 33.2825 22.047 22.3463 19.5624 21.2992 22.7115 34.0128 32.7474 33.3342 42.1226 36.1492 41.6544 30.8434 26.7906 20.8851 23.7475 20.409 26.7196 22.4263 34.522 40.72 41.4645 37.212 38.1099 38.7157 22.8614 21.2261 17.9143 16.2007 20.4512 22.1374 25.989 35.9593 38.0723 46.6801 45.6258 30.5352 33.1574 20.3447 24.133 17.4168 23.5009 23.6633 26.5852 30.5295 35.4169 43.1147 35.3654 41.1558 29.3852 24.103 26.6137 23.4871 18.7953
33.2499 37.0387 33.8307 35.8394 46.4239 41.5376 36.9618 31.5665 23.3927 23.5002 22.6525 14.0547 14.1816 18.4807 23.1592 39.3093 34.7405 36.473 46.6633 34.9894 37.6656 28.5279 22.2917 22.7089 20.1469 23.121 24.9717 24.6005 24.7445 34.7381 39.1458 41.5146 43.3606 42.5441 34.4009 31.4789 23.8239 24.9875 23.4311 24.2214 21.2743 25.3592 28.5526 35.8624 32.3876 40.6384 43.3183 40.4228 35.5989 37.4503 35.0737 22.5084 26.7123 16.3324 18.4152 18.5273 29.773 33.9627 31.4135 43.2634
34.866 37.2033 37.6021 37.1155 38.9525 26.3406 26.2779 17.4786 22.8414 18.2825 24.384 32.1421 39.3936 39.6524 44.6648 37.2981 27.3327 18.2058 12.9646 21.8875 26.0695 32.6881 38.7865 46.1023 39.0817 32.1304 34.5745 16.8289 17.7765 19.4344 23.4832 33.7653 38.9598 36.9246 36.9039 32.7045 27.7873 21.3409 23.3078 16.878 26.3753 33.357 35.6636 39.8499 46.918 38.2275 37.7751 27.8586 18.6142 18.4058 21.5551 20.3103 27.1387 35.6624 42.5884 38.8837 40.4569 27.9889 26.381 17.2159
35.2035 37.3285 38.2443 42.1728 33.8241 31.908 25.1495 14.6118 17.7035 21.8239 26.6091 31.1333 36.8255 43.551 39.8234 35.593 26.3809 21.0756 15.3222 20.0376 25.1575 33.7307 40.9874 37.022 38.0681 42.7154 28.3405 20.6781 22.7555 20.4602 14.7227 29.8481 36.8477 37.4034 46.4199 41.7533 30.6525 25.6968 17.4739 21.7989 22.8206 19.4374 25.4278 32.0002 36.4538 36.355 40.7067 28.2642 21.7133 24.8581 15.254 21.7874 31.329 35.5845 42.6682 38.3417 35.3498 28.7492 24.6032 15.9912
29.0966 32.2456 42.8464 44.8088 42.0107 43.1734 37.9001 22.9514 14.2457 20.9101 19.2761 22.2626 29.733 35.6708 40.6508 47.289 45.6782 37.9898 43.4654 28.7345 20.5433 15.8385 11.3742 14.0309 24.2713 25.3649 32.1028 40.4668 44.6626 43.3681 39.8671 36.1131 25.4762 26.9889 18.1215 10.774 18.2763 20.0719 26.9272 30.0059 39.7309 49.7645 46.3279 39.9572 28.1115 29.6589 24.67 11.4743 12.2871 23.8411 22.1446 25.5382 39.7498 38.6521 42.71 42.678 37.9684 37.6345 26.9205 22.6955
30.6026 32.5901 37.9136 48.5191 39.0556 31.6838 32.6279 26.1194 15.1641 13.6984 22.7437 30.8435 35.1712 44.1129 39.5097 43.3012 34.8629 32.2158 29.6659 20.8511 21.3297 15.5137 19.8034 30.7427 37.3769 44.3648 39.735 36.3637 29.0326 24.982 21.1251 14.2826 19.8996 25.486 27.4441 33.3133 37.5749 44.3084 42.6221 41.4362 31.4037 19.3797 19.6594 15.1039 23.6236 27.8709 28.1088 44.7615 46.993 40.8773 40.4693 30.6739 23.9784 13.7305 17.9631 21.5228 20.8976 28.3958 32.487 44.577
28.9343 38.5836 35.7467 45.6941 37.8738 32.42 34.5536 21.907 22.9692 18.4397 17.7828 23.1734 26.8727 36.3405 38.364 39.9035 36.3162 43.4516 31.2474 21.0024 17.6787 15.7715 18.164 18.9568 21.0625 33.8114 43.2818 46.2368 39.8807 35.3188 30.2036 28.3298 27.3346 18.9719 12.5432 16.3812 21.6816 33.394 35.4495 43.767 39.195 42.041 37.6842 30.4695 21.2571 13.4003 21.5573 17.3195 18.5569 25.6788 37.2236 37.8406 48.088 46.951 35.0124 30.2583 23.4928 15.093 14.8612 17.2173
31.9525 34.6294 41.1201 40.0693 33.8886 31.6604 27.242 23.4285 22.6107 23.6916 24.1668 27.7273 30.9359 36.6393 45.1425 42.1243 30.5826 22.8608 21.3639 18.5702 22.1494 26.1455 28.0886 37.753 34.5612 41.6792 42.2417 38.2841 27.0361 20.0837 20.8001 13.5588 22.6072 28.1691 38.3313 40.9077 41.731 34.9247 29.8962 27.9848 20.509 23.8579 15.2224 27.9981 22.9443 38.9532 33.6126 41.5427 34.9631 40.0668 29.6134 24.3705 18.0091 22.6876 21.7537 27.0703 29.6967 32.9133 44.0655 38.1459
31.0256 37.2065 38.9794 41.096 42.32 31.6997 35.1004 24.7022 20.8778 24.1232 22.4419 23.1952 25.1711 29.7732 39.6769 41.7512 35.9021 31.9066 33.7481 29.2289 15.2418 17.7303 19.7818 25.6413 23.3539 39.0119 33.3656 36.77 39.7571 41.1175 31.1922 32.6844 21.402 16.8938 22.064 19.5271 31.4056 30.3655 36.9143 37.7382 43.3153 36.518 36.6348 34.4306 26.156 15.9816 19.2507 25.4982 21.9805 24.5307 34.2705 45.3072 36.9543 39.9395 35.6233 26.6766 19.4241 18.8798 12.3171 20.7148
26.8177 36.247 42.76 43.3242 42.3945 42.095 31.8504 29.5704 26.4291 13.9468 16.8736 18.653 29.4633 33.2647 36.0939 38.5427 40.6096 35.3769 35.92 31.2921 24.2228 15.8631 22.402 21.5859 27.7929 34.6204 37.1484 43.1207 43.114 44.6128 37.1051 28.9082 25.288 17.4575 17.3587 13.4336 18.6193 30.7478 33.7329 33.6488 44.1534 45.2834 34.7636 33.5979 30.646 22.2933 22.1472 12.6371 14.9493 26.6374 32.8969 29.2682 43.4099 43.5762 36.8844 42.1848 38.2532 25.0578 17.0962 20.0338
24.1212 39.138 44.7903 39.59 38.8291 32.6002 30.2106 24.4395 21.6196 16.3847 24.8099 33.1998 34.279 44.3566 35.4984 38.9918 38.8147 30.9747 28.0701 20.1696 20.1191 25.3803 30.2381 40.2618 40.0547 38.3541 40.9271 30.0574 27.2238 19.5551 16.451 24.9023 20.7698 34.7747 30.2435 45.0205 42.9342 40.5618 33.8609 22.1165 22.9078 24.5628 24.5469 24.3386 25.8194 35.5894 43.1462 46.4495 36.124 34.9131 23.9198 27.9153 13.8007 23.0402 21.9833 33.3965 35.1382 35.6664 39.1259 39.8947
27.2381 33.0688 35.5037 47.9814 35.8772 34.3964 31.5676 29.2289 22.2233 13.3213 13.4067 19.5147 25.5158 32.8675 40.8028 47.3925 45.3858 41.6648 34.6966 22.8944 28.2007 18.3056 15.7062 15.832 26.227 35.2259 32.992 36.7741 36.5804 37.9341 38.9267 24.9742 18.6681 15.9754 16.1688 24.0822 19.2296 31.8168 28.769 34.6447 43.9554 40.8663 42.2959 37.2861 28.6749 24.6312 15.4931 13.3221 21.9283 23.4931 30.568 38.5444 43.6723 41.7671 40.4899 36.5012 24.7778 25.9279 20.162 18.7329
29.6181 41.2386 44.632 47.8926 44.6445 41.1246 41.4001 36.0841 26.727 26.1316 19.5195 9.80804 12.8942 23.6048 24.9783 32.8095 39.2279 47.1987 41.6618 46.1304 37.9118 31.8729 33.1485 22.1589 15.6544 11.7219 12.6076 17.44 19.3073 25.4926 27.1464 35.036 36.4738 41.6348 44.2709 46.0801 41.498 32.9224 19.76 19.9674 17.1624 19.4836 15.8079 18.0776 24.5263 38.7108 39.6139 38.7708 50.0985 46.9157 40.9179 31.0978 25.2723 19.1213 14.8607 21.3939 19.3002 21.058 27.5373 33.6752
34.7518 37.8581 33.9115 39.0104 40.3342 35.3339 32.8157 29.2201 22.5748 15.4523 14.7442 23.852 32.8415 37.8022 44.5937 43.9901 41.1524 33.9709 29.8271 30.4667 21.9371 20.3822 18.888 19.9011 31.5657 36.6357 38.4958 44.0208 39.2993 40.6416 26.9174 29.916 22.7786 22.6408 20.3626 25.0666 33.2931 39.6588 40.725 39.3124 42.2019 38.9795 37.3862 28.8823 23.848 23.9066 14.338 23.1383 28.3407 28.2566 39.5542 45.1578 45.5955 31.2422 31.913 20.5122 23.3023 18.7024 20.177 25.4505
30.4502 39.1266 41.8917 47.5008 45.2692 42.8967 40.4848 25.8616 23.3423 19.4595 18.4559 10.972 24.2661 26.5284 28.8131 33.5516 47.2281 49.0463 49.5643 35.0389 33.1257 26.0026 15.716 12.3118 10.7228 13.9319 18.77 21.4354 32.2466 33.8913 46.7421 43.1544 38.9747 40.944 38.4454 31.5541 23.8754 12.749 16.5329 17.4854 24.084 27.4615 31.5406 36.2441 43.4862 42.6993 40.3258 38.7832 35.6165 23.4585 24.2058 11.555 20.332 13.7037 22.3995 32.3923 36.6823 38.4867 43.5813 44.2187
24.4293 39.7616 40.1207 45.9506 37.17 36.6564 37.6492 23.9352 24.0386 21.3343 18.5594 21.3349 27.2994 32.0006 35.9327 33.9412 35.2246 40.9319 42.6484 29.4594 24.6605 28.0779 21.685 16.775 21.9714 22.6046 34.0883 37.9202 35.8967 37.635 40.821 35.4524 30.9297 35.3715 23.9494 22.3958 24.3919 19.1855 29.1486 29.46 35.9995 36.0491 41.6027 34.3697 40.7295 33.8878 32.6883 26.3955 20.4315 24.9524 25.3634 28.5198 29.0868 34.1211 31.5094 43.5375 37.4759 42.3223 31.9421 32.8973
27.0957 32.1208 41.3884 44.6437 43.0262 29.2457 22.4244 22.0992 15.2671 22.1804 28.0592 31.7798 34.6858 46.5108 45.1019 42.858 28.6596 21.878 20.2123 21.108 18.5661 21.4538 30.0997 33.9909 42.3083 38.9634 42.0963 27.0734 29.5048 22.8434 21.9233 20.5295 29.4646 29.1772 36.492 39.5518 43.8244 42.8789 33.5313 20.8253 20.785 12.1337 25.3245 30.8716 35.5802 40.385 40.7768 40.477 41.8406 35.1573 23.4253 11.9278 10.8316 15.7002 23.2335 33.5085 45.5429 46.1017 36.5624 42.5511
33.28 31.7139 40.0542 38.4934 45.6483 36.8369 31.7404 25.3062 22.3216 21.4503 24.4459 19.822 35.1442 42.0838 41.2696 41.1945 35.7095 33.0415 31.212 21.2648 19.2317 16.0097 22.7469 25.6344 31.8187 45.5574 37.7153 37.4709 37.5934 30.0256 24.7731 20.4962 20.5249 22.914 29.074 27.1797 42.3352 47.7195 46.1196 38.5376 32.0601 24.954 17.2334 14.915 14.4022 23.7793 25.0981 28.3379 44.7335 41.8822 44.5929 37.0021 38.1604 25.0817 17.4369 13.7251 17.3254 23.7679 29.8211 30.1182
32.3175 39.9719 40.6855 36.9174 36.5269 35.9285 36.4151 24.7463 30.8736 25.3094 17.4796 24.0689 25.6087 27.306 28.46 30.5855 41.4506 38.8306 38.5291 37.5073 37.9685 28.8007 28.5452 27.5674 22.6191 24.8834 27.5658 28.4074 33.6677 35.1708 34.0609 45.5823 44.3196 34.1341 31.413 28.7343 30.7444 18.422 23.227 23.6823 20.8873 19.5205 31.514 31.4149 40.7749 36.4495 37.3267 37.2455 30.3454 28.8087 21.1383 23.6666 16.7965 16.2003 16.8775 21.5906 28.4799 28.8281 41.7112 35.3453
35.2861 30.1693 39.4484 42.5375 33.6134 34.167 28.4885 32.2912 24.4984 23.9583 15.8835 22.932 29.7026 33.5952 38.4932 31.835 41.696 38.4359 42.8051 38.5515 34.9461 31.1885 19.0131 18.4092 21.6016 27.2044 28.9701 26.2583 31.5583 39.9736 43.7824 40.9751 40.848 38.1816 26.5036 28.0058 25.4816 24.6209 17.351 22.0492 30.8285 34.5771 40.2469 43.7121 44.7351 34.5975 38.7742 31.9872 31.8327 21.4722 17.729 16.6126 21.6958 23.6195 27.9105 35.718 36.0142 34.735 42.1424 32.0592
26.821 39.9874 45.6618 39.5939 33.4887 28.3824 25.4047 15.416 22.873 17.3458 30.5443 38.7773 42.9812 40.6694 33.1481 28.6585 29.8744 17.7239 24.481 18.9026 25.8529 36.1941 41.0276 41.8697 35.4705 36.7043 30.6348 17.4391 15.4935 21.9196 20.4097 25.9102 37.3782 43.8211 44.4293 41.6217 24.3869 24.1532 13.3121 22.6591 28.3463 30.2719 33.9718 45.7586 39.2259 43.3521 27.4292 18.834 24.6169 20.3389 16.1112 24.2131 30.3887 36.5793 40.2941 38.0366 38.7868 30.0894 15.9237 12.8022
25.3437 34.293 38.2116 39.9892 42.5053 32.7023 27.069 22.3364 21.3176 17.8632 26.7314 30.2757 45.5687 38.7466 44.3744 39.7253 36.5967 25.99 13.0739 16.0105 13.8256 27.7116 28.5977 36.9964 44.423 43.2376 30.956 23.6792 26.6523 21.7737 11.0502 21.5332 27.4375 42.5336 46.5312 49.4928 37.1504 30.8607 26.715 23.3207 14.1386 21.5582 24.8324 27.0154 39.8051 45.779 40.8189 35.4252 29.5666 22.6462 12.8988 20.0886 17.8615 25.0158 31.4907 40.9387 48.5442 42.9061 43.9021 35.1827
24.3566 36.5163 38.6025 46.7903 46.0926 34.0541 33.261 31.3628 26.8938 12.6914 12.1574 16.9906 23.2936 22.8489 35.8733 41.7359 47.8879 38.0542 44.5395 37.9045 28.2295 27.0008 15.9992 14.1633 16.5696 18.0427 25.5086 34.0165 41.38 45.5368 45.7775 37.9929 40.2147 30.7053 21.7048 26.0713 15.6256 20.1134 16.9003 22.4561 34.1121 36.8474 36.8295 42.359 41.7918 33.1681 28.0556 25.5528 16.2418 19.1346 17.0958 17.8939 17.4148 28.5712 39.1376 41.4326 37.4663 44.7348 35.8699 33.4728
30.4656 31.762 46.6635 38.9044 38.9709 38.1865 25.2559 20.7731 23.3157 14.3041 13.9611 18.8206 30.4076 35.1663 43.6501 41.1181 39.4811 34.5424 31.6275 22.0734 14.419 14.5922 17.5726 23.4665 29.3214 40.882 36.2945 47.1997 34.8418 40.5679 32.4865 22.3774 22.4962 14.3913 16.4699 23.9059 27.3175 43.7743 36.3488 38.8555 35.0621 34.5067 26.1874 16.7925 13.5021 15.3371 24.4679 24.7941 34.5562 43.2478 46.1784 37.3244 41.8288 37.71 31.8965 17.0563 15.2779 15.4991 25.1892 27.4536
27.7996 30.405 44.5422 46.0903 44.0251 35.2849 26.0516 32.4237 19.8578 14.6441 16.1298 19.5872 32.6327 32.9863 31.6707 39.5351 45.131 42.6888 35.4296 28.9766 21.1118 22.1948 25.2844 19.5537 22.7322 26.4435 36.3716 34.8338 44.5665 37.7999 36.9434 29.5745 23.1386 21.8949 23.2375 24.7425 26.9827 20.3099 29.5038 36.0068 37.7439 43.7525 34.4246 34.3078 28.066 24.8774 21.8369 23.8019 24.9829 19.1767 21.2739 36.1164 33.4789 43.2495 35.0526 39.6157 30.7268 34.7923 22.4433 25.9781
25.308 39.1094 37.0313 40.5428 40.6583 36.248 35.0834 26.7755 31.7161 24.3675 16.0791 16.454 15.7093 25.9926 31.8971 34.2265 33.4233 35.8726 39.241 40.1658 42.1519 34.9884 28.1219 21.7858 27.6219 21.0688 19.8814 26.0437 19.5669 22.7895 27.585 33.2198 35.1378 40.7376 34.0421 33.8796 32.3544 31.7894 31.9164 24.2168 23.563 22.0454 19.947 23.8918 23.617 26.276 41.0386 43.3317 45.6733 43.1258 34.1438 37.0052 24.9664 20.9687 19.934 20.4371 19.098 20.5303 19.253 28.5972
24.7381 38.8324 45.2444 45.4828 39.3667 35.1001 25.614 24.6833 25.0595 22.1634 27.7047 32.2716 38.9718 45.1165 42.8549 31.7307 33.6418 23.62 19.7335 25.4688 18.6195 21.1685 32.4975 40.9839 36.3593 43.1952 39.113 28.7579 29.2625 15.7588 14.6338 23.368 33.9209 31.143 38.8354 43.3231 39.2509 28.8652 33.3156 18.1286 21.6254 20.9901 20.4098 33.1032 35.6549 44.2123 44.1626 35.0995 33.7887 27.7123 26.2248 19.9014 24.2568 28.2048 28.3815 31.5464 40.6665 39.187 32.1575 31.5037
35.9258 34.3601 36.8129 41.6699 33.0051 32.8896 20.6579 14.713 15.4679 19.4486 20.8808 36.15 44.262 45.4064 44.5532 29.7262 33.4035 19.4187 19.8111 18.7687 23.8189 35.1031 35.8554 39.7761 38.9337 32.6482 36.6745 23.9739 19.1861 18.8524 21.8593 23.0264 28.5491 44.0749 42.8595 45.1513 40.6436 34.3019 17.9363 22.1737 18.4738 26.0639 34.8423 30.3571 40.7255 35.3295 42.4148 26.8759 19.7363 16.5024 19.6711 23.608 29.2072 35.9468 34.5492 43.5977 43.6723 40.8966 26.1019 21.0406
32.716 34.4624 39.9308 41.2031 36.7692 34.8305 26.4752 18.6752 16.8035 15.0381 13.8694 28.4405 38.3421 45.2852 45.0892 45.1278 45.0149 36.9788 28.1217 19.8534 12.8856 19.289 24.9619 26.4264 30.4139 39.9704 45.2465 43.227 39.4389 32.4509 24.4247 19.2532 19.4648 14.4983 27.1488 30.6762 33.0809 44.4197 44.9099 45.175 35.9552 26.4771 17.2278 14.9977 14.7964 22.3719 31.3013 37.8703 44.5885 42.828 38.9108 37.242 25.7467 22.6635 24.2303 20.8374 17.104 20.6524 24.1314 31.488
35.7896 32.3795 38.436 40.1131 42.2311 33.7903 35.1347 27.8393 24.2927 20.9103 22.8484 19.9092 29.3135 29.5942 39.8753 38.9158 37.8845 40.6796 33.2358 31.4955 24.2423 21.7104 11.0473 18.2701 28.6112 36.0023 36.3948 47.342 38.1091 46.0064 32.9642 24.6417 16.0315 13.518 15.9996 17.7003 27.7257 31.6165 39.578 37.8052 50.2515 43.3758 36.4053 33.8402 19.5715 16.4226 20.4881 18.8864 27.2939 24.8868 35.5865 47.8093 40.2979 37.7722 36.8111 36.2955 21.3112 21.6274 12.4358 10.9356
29.8142 37.6585 40.596 44.5742 44.9079 34.9695 29.2922 25.0674 11.79 20.3221 24.7539 32.0059 31.3778 44.9408 50.1125 47.2495 40.5009 31.2325 19.8518 12.9848 20.6605 20.9502 24.0231 34.7075 41.3321 37.827 40.9794 37.4774 39.3666 26.5946 25.0499 15.6122 13.1802 14.2604 29.8755 29.9838 35.5487 47.8542 43.504 35.3484 28.2006 25.5456 15.8462 20.8775 19.4976 19.214 34.6789 39.7521 48.8496 43.5751 44.5902 35.1446 22.9514 17.954 16.4736 20.6933 22.6032 23.802 38.2354 42.6176
26.2753 32.992 42.9596 44.7994 35.8042 38.0698 37.8979 22.6653 18.6551 19.9587 13.7404 16.774 26.7887 30.7915 37.7107 38.2388 45.675 35.5137 33.3507 35.6635 23.1249 23.9289 23.0953 14.1643 23.7111 23.8931 35.7854 44.1221 44.6031 37.6833 34.7215 31.1475 34.0017 27.4072 17.3013 19.2803 16.9973 26.4973 26.5086 36.8745 41.7641 36.2323 38.622 33.6377 29.55 22.1039 23.9627 14.9599 23.1248 19.4595 25.1915 26.9136 31.1622 45.0925 47.4567 39.6012 33.75 26.4614 27.3192 25.5401
33.41 33.4254 42.5327 46.4694 41.7184 38.9634 23.2206 27.688 13.4399 14.1763 22.1868 23.8021 32.4146 40.3452 44.1663 43.1989 37.47 33.6843 22.3874 21.517 19.3608 23.871 24.4554 23.46 37.9469 35.7747 37.2175 38.7794 36.753 32.9727 21.8096 23.2041 23.2589 23.9389 24.5569 29.3372 41.2972 45.9104 43.5796 44.3204 34.8004 32.8034 24.1583 12.7402 20.3446 25.2639 29.9379 35.835 37.2604 36.2004 45.3458 38.6145 25.8346 25.5507 14.7844 22.099 17.9578 27.1539 32.0284 32.8216
25.9852 30.3829 34.8524 34.5155 44.8727 38.9719 38.0508 23.9616 25.4375 23.8909 20.3892 19.5645 18.4486 22.5862 30.0838 42.2632 42.0686 41.4877 35.2049 33.4379 35.1696 23.9026 20.3071 16.8551 17.7336 22.0427 20.3093 31.8121 37.4139 35.0906 41.988 41.3889 37.1855 36.36 29.9237 21.8404 17.2346 20.7388 21.3777 21.6715 25.9828 27.2989 40.8161 34.473 39.2071 42.1319 39.3151 30.5356 25.2671 26.7418 15.2704 18.4936 21.8752 26.1425 30.4536 36.6527 37.347 38.5922 38.9042 36.7101
30.4263 31.6327 46.6698 48.9582 40.0309 33.1004 36.0582 23.3431 18.2161 13.2019 17.1544 23.664 30.175 37.0568 45.0795 47.1703 40.0633 33.7069 31.2085 27.8554 18.8463 14.7332 20.996 25.3971 28.9077 31.2821 38.6375 43.3876 39.8404 44.3824 35.9683 23.4232 23.3557 13.5064 11.9169 25.3355 30.6258 29.6697 37.7853 47.4906 48.6625 34.7035 34.7343 22.2885 20.2692 22.1443 11.3342 16.0277 25.7879 30.392 37.3136 41.2004 48.7232 41.375 33.6045 24.3277 21.3865 12.8611 13.441 23.6507
24.1847 34.7777 34.6964 47.8299 46.5885 46.6013 32.8805 31.1499 23.6288 26.0118 12.7073 17.3334 23.9686 24.4537 30.9613 36.8414 35.765 43.2106 43.0446 43.6868 36.2016 41.0922 29.1629 21.0833 24.4921 16.6965 14.6607 23.3559 19.2725 30.5418 38.0932 40.0787 44.2849 40.4234 37.2995 41.6467 36.8056 22.9298 19.2132 22.0484 21.3324 22.2866 22.6476 22.2954 30.4205 31.3322 35.0983 46.2959 43.6555 35.5152 37.0053 32.0781 25.8186 21.2632 14.8307 11.5735 12.7388 21.701 27.3388 36.7612
33.9553 32.5771 37.6761 40.1896 37.6077 41.1157 34.7775 22.8503 20.0405 16.4381 23.3044 24.0288 26.0043 31.1739 39.5377 41.2757 40.6317 46.4331 42.7369 34.782 30.7004 23.7045 24.4069 21.6598 23.2067 26.9517 34.7368 34.3904 38.1986 39.7788 43.6692 37.7029 32.0916 24.8689 29.36 23.4851 19.2527 24.1359 21.408 23.1186 29.9737 36.3816 44.3502 45.7122 36.2852 32.1303 30.6749 23.056 19.0561 21.6195 15.7511 18.7108 25.5103 38.8963 37.3157 43.5271 46.062 36.0117 31.422 32.8345
31.8398 39.7644 42.3454 48.4909 39.7943 46.0563 30.5996 30.3578 26.5168 22.0041 20.4492 15.8159 16.8223 26.1001 33.2104 38.463 39.3005 43.2708 48.2773 45.9229 41.669 35.8161 20.6378 21.2626 22.4211 11.2571 20.1158 21.9945 31.5214 29.4344 42.283 44.1298 41.2562 41.1775 36.8477 31.3528 24.5302 24.6996 16.5617 19.546 15.8928 21.2638 22.3717 26.7268 42.284 41.4001 42.951 42.0196 36.9653 30.8763 24.9357 18.6947 22.3683 12.2241 16.638 20.9214 19.0474 28.1877 34.5126 43.6559
29.7213 42.3627 36.3361 44.5727 34.6856 27.065 26.059 15.9149 22.3648 18.157 24.339 31.0608 34.792 39.9518 43.4183 39.8327 34.7446 27.605 19.3989 11.5428 19.5986 24.5474 32.6573 35.1199 37.6852 40.6482 41.2162 24.9769 24.8217 16.3684 19.8944 18.5372 32.067 32.8928 47.7122 47.8011 34.7605 29.6624 26.2625 17.0298 13.2058 13.035 28.2252 33.3776 35.0886 45.3628 44.5357 33.1756 32.4687 25.7023 17.382 12.8802 21.2238 28.3215 35.0303 45.8045 47.9082 44.7344 35.7092 23.9391
32.8441 35.408 40.9221 46.2115 44.0382 41.4539 38.8912 37.8997 30.584 26.3553 12.593 17.6862 16.3178 22.9099 25.7019 33.0972 33.6184 36.3716 39.5662 49.1555 40.7177 32.5354 31.2305 22.8033 24.9243 18.1188 21.9585 24.4415 23.39 26.2296 32.6278 44.4558 36.8819 43.5822 45.3246 40.7702 28.4996 29.6699 20.8751 21.056 19.5544 18.2719 19.129 29.6352 26.0842 39.3331 37.9659 38.9607 45.4164 39.0573 38.5936 32.9582 29.1983 26.0044 20.3114 21.0096 17.2589 17.3894 31.7591 28.5306
27.1111 34.0624 38.6419 36.5439 42.0513 32.2969 31.0709 20.229 15.3987 24.602 19.1427 27.6713 42.084 39.7743 36.7332 34.6315 29.3749 28.64 15.9529 23.3278 25.1729 30.6085 26.2048 40.9001 41.4394 43.6026 39.4725 28.2489 23.4596 16.0973 18.8692 24.483 21.8046 27.5689 33.1216 43.6293 35.5945 35.6738 29.2665 28.054 18.2133 13.9936 28.1488 22.0607 38.7226 34.8596 40.0589 35.5494 33.4865 22.7518 18.6092 17.1169 21.567 17.7808 25.5686 32.1095 44.4332 43.6132 42.6213 38.7247
29.0875 32.8862 46.6395 39.3954 45.5096 40.0179 30.7446 23.2357 14.4476 22.6805 19.8003 23.7057 35.0993 43.2125 42.9126 45.1533 42.3772 30.0492 25.5925 19.6269 21.9391 20.6705 26.3571 37.0265 37.4641 45.6748 47.0213 39.5001 29.419 23.6609 20.1667 17.3178 14.0001 22.6078 25.5213 33.0804 40.5433 48.4447 41.3228 34.9232 28.8677 19.2215 22.2638 12.4436 27.5786 27.6151 38.4579 44.6021 49.0474 38.6107 39.2059 27.906 27.8161 22.8421 20.0701 22.1681 25.3195 34.2882 45.1036 42.5741
26.3693 37.7914 41.8385 39.6942 36.7276 35.0793 30.6678 24.7547 20.6103 18.8854 15.4591 14.0738 19.1172 34.2304 32.2018 40.715 39.5428 37.1928 39.4483 30.8291 25.2726 22.3244 19.8008 13.5048 17.4618 24.2869 27.3976 38.5768 42.1081 41.9465 43.987 41.3308 28.9584 23.664 20.3077 22.2438 12.1485 15.7679 18.9637 32.5792 33.2024 36.2051 42.3642 40.6006 35.4149 39.5762 33.1449 19.9359 23.0618 19.0527 24.3827 19.6106 25.2178 38.8595 36.5698 38.9636 36.946 36.9 32.5926 31.5626
30.0852 34.4054 42.2759 44.7302 32.5587 29.5027 29.1632 22.4555 23.2076 26.907 21.3557 33.8091 34.5538 37.2629 43.986 35.6464 30.7109 22.4143 18.0548 18.6312 20.4955 34.1067 31.0022 36.3599 41.6821 31.2384 33.9636 21.7661 17.7568 14.3251 24.468 29.5992 34.2757 39.1944 36.198 38.9495 31.9839 29.8793 16.9011 20.9663 25.7188 23.5272 27.7608 36.303 41.5397 43.2173 42.4951 30.0285 22.702 17.3796 16.851 24.0083 29.8584 35.0486 35.2665 42.5152 33.1512 29.791 28.3935 21.5382
32.4431 42.6474 35.9781 43.3994 36.1537 29.9644 20.5353 16.9501 17.6589 17.9669 28.3813 33.8381 44.4409 46.9492 39.0773 31.6024 27.5346 16.6075 21.8526 22.054 24.5292 39.9323 40.792 47.6013 40.3894 40.1628 32.5887 16.8144 22.6509 21.9149 18.857 29.3536 44.5924 44.9225 45.0304 36.4588 25.3791 23.67 13.405 21.1524 17.4213 30.8274 31.886 39.7042 39.2322 36.4444 31.4066 23.5269 18.1839 22.7098 24.411 23.9707 31.4605 43.9825 38.7201 36.7134 29.2307 19.4191 16.3833 21.0229
24.3918 36.9381 43.4671 48.3742 37.3181 34.6266 24.4798 25.3016 14.9215 12.8385 14.7964 21.395 35.6423 37.343 37.485 38.1121 37.6857 27.7354 18.889 18.1479 12.1962 20.6191 19.2287 35.0272 42.2747 47.5621 46.2217 43.4303 31.1956 22.8932 20.2434 13.4576 20.5581 20.0322 22.9262 38.0431 36.2683 38.1313 43.531 33.485 24.631 26.6509 24.2126 13.8983 24.5684 26.3132 28.8983 32.8437 48.4558 43.9386 39.0099 27.9314 27.4809 21.0781 16.7338 23.2277 28.082 23.5618 39.7664 38.8657
35.3886 31.1781 40.0412 43.0335 49.524 40.9418 42.369 30.1531 26.2527 23.1775 19.8854 19.6929 21.8371 26.858 23.5333 29.7983 43.4008 43.3492 48.2375 43.868 44.0174 28.0555 25.2838 22.7374 13.7026 14.0234 22.1151 23.7195 25.4777 37.8699 37.8675 46.9544 43.1349 41.2859 37.2685 29.3465 24.3118 21.7426 19.1515 21.6677 10.8815 16.147 30.0197 28.4724 38.7162 44.6195 47.8467 48.8456 39.3609 38.4488 33.1053 19.9349 14.9612 12.1486 12.6295 13.4592 18.9672 35.4734 30.1459 45.5273
24.1766 39.0044 48.2963 48.2486 40.8786 32.8647 16.2863 15.6584 17.3529 22.4531 29.6056 39.6846 47.244 38.4427 42.7575 35.3891 20.1312 19.235 16.6598 21.353 31.2285 32.6311 47.9165 47.5869 35.633 29.2271 25.5368 16.9426 20.8414 21.189 27.9991 33.2743 37.0979 46.9395 37.8911 31.1203 29.0386 18.0151 21.4667 26.29 31.4764 36.3436 42.4115 39.2835 34.6662 27.746 19.4891 17.4662 14.161 18.2937 26.5135 34.0129 40.3288 38.4396 38.2219 26.4478 20.689 17.7139 14.6178 14.3818
27.648 33.5861 42.7934 46.4275 41.1317 33.9477 29.1796 25.3117 19.6424 11.4724 21.7208 22.1861 27.5997 34.3349 37.9275 40.2055 42.1164 40.0931 24.3769 19.7755 12.5162 13.3379 20.628 26.4421 36.3659 39.8148 42.8554 48.3719 36.8583 36.7131 27.5907 17.5332 16.3427 21.4677 13.7189 29.7273 31.8794 36.2559 43.951 41.9473 39.0828 39.8352 29.7303 19.1593 19.269 11.5792 18.7224 29.8883 29.9162 38.6006 44.2021 42.9841 39.9989 30.0995 27.5627 19.7863 13.4556 20.3962 24.237 23.5146
27.6615 37.1994 39.1576 44.2635 46.4725 40.1781 38.7275 24.4118 25.1548 15.9376 13.1251 16.8667 13.8752 29.9686 34.3223 40.8696 44.2248 47.5938 47.6068 44.7513 39.8125 32.4614 16.6461 16.3054 21.2563 20.6274 19.267 31.901 34.9954 43.6426 43.1521 47.1252 48.5237 33.1311 32.6974 20.2997 14.3496 18.3297 12.1545 11.2614 19.7005 29.3133 30.4574 39.9141 49.5431 49.8514 46.4451 39.5613 28.8598 22.4858 13.9671 10.0061 11.715 15.9452 21.3477 25.4394 41.0241 37.1046 45.6228 43.5888
26.2397 35.0625 48.1225 49.9508 35.5473 40.5235 24.2953 20.7257 19.7114 21.3931 25.4068 31.6184 37.4725 35.7729 38.988 45.5345 37.1953 26.4065 18.7612 24.1489 11.399 20.8685 25.102 33.3568 36.6328 37.6404 41.7254 42.3735 34.15 32.2145 22.9206 17.1164 13.9889 15.9621 21.1623 38.3149 35.8308 46.3728 47.7459 33.0552 34.9289 22.7822 13.3693 21.9965 16.9057 20.1066 32.4563 43.1964 42.6509 47.7389 41.3981 40.8245 25.2424 17.258 14.7021 17.7653 17.2865 28.6266 31.6516 38.961
26.8911 43.6161 46.4914 41.6352 42.2098 34.4329 20.8029 13.0554 14.9234 15.4818 30.7871 38.131 39.0141 41.8578 40.0218 35.1921 23.0421 22.3659 11.7988 18.6745 24.8879 34.3958 38.6106 45.1564 43.4375 38.2177 28.1738 24.7151 20.4831 17.3737 22.7272 36.1049 44.4373 42.9198 43.5772 42.3916 35.5608 27.7454 15.8291 21.8644 18.4122 29.6449 39.5166 44.5715 38.6288 40.5667 35.2902 22.6827 16.1952 19.2354 24.257 22.5919 34.7132 44.7643 39.4429 40.6234 36.0594 24.6428 23.8761 16.2003
25.7836 34.1285 42.6593 37.1762 35.9612 34.3068 32.1078 29.7494 25.0472 17.4549 24.6516 25.3114 22.9948 30.2558 25.9548 28.426 34.5555 40.3858 39.6422 40.5662 32.6122 34.0911 26.0326 25.6679 26.5453 17.3382 24.9795 20.1339 27.5418 36.6117 31.8551 37.9467 39.7359 33.5354 36.6071 37.4791 32.6121 22.2615 20.662 16.1235 24.5471 27.6863 21.7472 27.1976 31.2589 40.5694 37.0671 34.4648 34.7299 33.3714 23.0596 30.1622 22.0215 22.2164 14.8119 19.3567 24.5075 34.4315 32.155 34.8388
25.8699 39.1949 36.9079 47.0517 47.3839 40.7405 42.4937 30.2818 25.8342 17.65 16.0044 17.895 13.3209 19.0447 27.4401 31.9108 39.2084 43.6215 41.5669 44.8149 44.9214 35.4217 35.4772 23.1904 17.8589 14.6844 23.5036 23.1408 21.7455 30.816 31.3605 37.0151 38.0939 46.6881 47.6813 43.777 39.6516 31.7013 23.7666 22.265 22.6536 22.3271 19.1945 21.1628 29.6024 27.5627 36.2438 38.8592 44.2335 42.3517 42.1601 40.1721 30.0935 21.092 25.1925 13.0963 18.1111 14.7535 27.3859 27.0259
30.889 32.4894 37.0183 39.6446 45.9137 31.5081 21.6369 21.9437 16.3393 11.6047 23.1959 26.4595 42.8419 40.7642 45.4687 45.2996 37.1222 23.2974 21.2917 12.3005 12.0308 23.3942 28.8808 37.3818 37.3172 45.0726 35.7872 39.5548 28.4235 14.6857 18.1118 15.1853 26.3777 27.795 35.0796 37.0053 37.8553 37.9298 36.4397 25.0217 16.1311 18.6636 18.4888 25.0112 23.5126 42.7319 42.5988 47.6508 36.1755 39.0345 25.0577 21.8179 10.8131 22.5345 21.1824 31.8022 31.9355 37.5677 46.9366 35.429
28.0747 41.7835 42.1198 38.7345 44.3196 34.3157 32.2124 31.8679 24.3011 14.5474 17.1777 22.2789 24.3573 31.0105 31.4443 34.837 46.5501 48.3011 38.8587 42.3626 35.6567 31.4985 19.7938 12.1236 15.3712 12.4359 15.7626 24.6788 32.5973 43.0044 36.6163 38.9346 42.954 34.9566 36.1832 28.1765 16.3258 14.9877 10.6797 22.7278 24.0753 24.0577 36.6162 43.9824 39.1977 40.1177 40.0776 34.7518 34.0178 23.7495 18.3743 12.2511 15.5389 18.6989 28.9726 24.0444 39.4043 38.0344 46.4582 44.4323
33.6696 38.6754 39.7419 41.9887 37.2908 43.9746 31.9092 25.8783 31.0801 15.8582 13.9495 23.0965 19.983 21.6921 31.5791 38.5696 33.3758 38.8434 41.936 33.5336 39.1946 32.8967 25.3429 18.5227 15.0894 17.771 22.6142 25.3127 23.6868 29.0099 41.995 35.7116 40.8716 41.6692 32.1562 25.1622 24.9799 23.7053 18.4134 20.9754 14.9059 26.171 30.1646 27.8182 35.0828 39.5136 37.8505 33.9673 32.3375 34.9768 26.5887 28.0785 19.597 24.6693 23.098 25.685 28.2153 34.9395 36.9095 39.7494
30.5729 41.0741 44.9793 44.9217 43.2718 39.713 33.0965 31.0122 26.0301 22.1912 16.8196 21.0894 29.1007 27.7625 41.4299 42.2451 35.9468 44.8676 35.8214 24.7753 29.2435 20.6863 12.3807 25.885 18.8727 26.3807 39.6961 40.6656 40.6931 35.2486 31.4581 28.821 24.0146 19.608 13.0171 13.5915 26.8407 26.265 26.931 41.8942 38.723 42.7303 39.0364 30.8168 24.1798 25.6181 14.1642 16.6744 14.1068 24.7889 29.0875 31.4823 36.3266 46.8327 46.544 38.8168 32.5324 24.353 19.7201 12.7513
35.3258 27.6795 31.4366 24.8255 26.8885 31.2295 24.7069 24.8145 28.5994 29.3596 31.7395 25.9837 35.1201 25.9859 34.9615 32.3359 30.1722 28.6115 33.5874 35.2112 30.668 31.745 34.6949 35.5461 33.4754 27.7038 34.3589 35.7896 29.1378 33.135 35.8513 28.9296 8.17668 13.2678 9.46672 14.0368 16.2853 17.4075 9.72671 17.9264 18.9289 13.9402 8.9214 11.3065 13.3677 11.7743 8.34633 8.51195 16.2496 16.6484 10.254 10.5702 19.1878 15.4891 18.1441 11.8522 18.4401 15.2299 18.0872 15.4924
28.2421 28.916 26.0876 26.2705 28.6475 24.5306 34.5803 33.2326 35.5898 26.0965 30.1329 24.0378 27.6803 32.4251 25.8581 32.987 24.0474 35.1881 25.925 31.8071 30.4517 31.6558 24.9445 35.2861 24.7242 27.7776 24.2982 35.7363 34.5396 28.9714 25.1773 31.3984 29.646 15.7261 5.96756 16.535 12.2092 11.2541 13.771 7.35345 16.9254 6.01053 13.0571 15.9868 15.8535 6.40161 9.94712 14.2289 8.82049 8.6031 10.8909 15.8505 17.5996 16.7513 5.69362 14.7085 8.35853 6.35314 6.59587 7.3898
25.2155 34.8513 30.5831 27.609 35.7995 31.2794 33.399 29.5344 26.846 31.972 24.3959 32.7843 29.4558 31.4586 27.2282 34.9086 31.9488 31.6268 33.4221 27.656 33.7478 31.9782 33.0997 32.6532 24.083 28.8477 30.8736 25.1391 24.2513 22.4225 20.1968 24.3886 17.9222 17.0123 20.4285 26.3988 19.3092 28.2253 20.315 24.1433 16.6854 19.5439 25.6291 16.8297 16.9924 22.6292 18.5748 24.8329 28.0685 17.6608 17.4419 26.5438 20.9713 17.7948 17.2708 23.5686 24.6853 21.1835 26.9937 21.0572
34.9791 24.3371 32.2926 32.4824 25.0987 34.0783 33.1805 28.2513 28.8873 30.0837 32.9455 35.931 25.8383 24.9717 26.1218 28.8954 26.3642 33.457 29.2553 34.1499 26.3524 26.4278 26.6147 24.9435 16.9506 26.6885 25.5005 19.1524 19.9133 17.996 23.6564 21.9855 26.2111 18.8498 22.1357 23.0725 22.3983 16.7368 18.4837 23.4155 18.5432 20.4476 19.7528 15.8937 23.9806 20.0088 19.8189 24.7367 26.6624 20.0547 21.0932 23.8451 23.1055 17.6692 18.277 17.1103 19.5971 18.3196 24.2579 16.3828
28.9736 29.0261 31.4039 27.894 35.9853 35.848 27.6997 24.6584 29.0643 32.8158 28.3908 34.4742 27.9906 35.545 32.5136 24.8685 25.7006 35.7367 27.0861 34.111 35.7576 34.7515 32.2859 31.1689 32.6759 25.5967 24.6305 33.3579 33.6564 32.0006 17.4412 19.4437 26.4396 22.0884 16.8382 22.7681 18.0541 24.0809 27.261 17.3439 20.4634 23.8727 26.3107 26.6349 16.2555 17.0413 22.7483 19.8281 21.2115 23.7706 24.1867 16.2786 25.1705 21.0818 25.2986 20.1036 21.2845 19.0195 21.4333 22.9591
30.8222 26.5915 32.7472 31.6264 31.8526 32.2577 34.7195 25.6051 24.2148 29.8303 28.2697 30.5189 27.139 32.9532 29.2079 27.2649 31.0025 24.6011 27.7456 29.2567 25.3745 9.39669 11.8541 18.1791 11.058 12.507 14.945 19.7963 9.56524 19.1522 11.9404 16.0224 17.441 10.9629 10.9959 8.92922 15.0328 8.99128 20.548 17.1395 13.2231 14.9814 10.4121 19.5543 19.1923 13.2969 15.7992 11.8174 12.9246 12.8273 13.1023 13.4493 11.5398 17.9393 8.5429 13.9943 15.7654 16.0962 16.6618 8.96814
24.2141 33.1496 31.5207 31.9863 29.0636 32.6267 24.7859 35.9475 32.9363 24.5281 30.5545 25.9279 29.5979 24.9562 26.3766 33.8169 35.7749 25.5919 25.9341 34.346 25.7939 28.8444 35.2608 35.8127 33.9498 25.0198 26.4758 34.0368 29.4011 26.2 30.1777 20.5013 17.7457 13.8517 21.5174 17.7538 15.9695 16.9213 19.7676 22.6507 20.505 23.5015 18.7412 20.5619 21.7091 24.569 20.9791 23.3087 16.0403 13.2014 21.6838 19.6938 23.6065 23.6745 13.2653 17.5235 23.7681 19.3229 22.4329 24.0799
27.2609 33.5668 26.9679 27.569 24.0499 31.1479 28.0045 25.8464 28.747 31.4663 29.0618 25.3077 32.547 31.4006 25.8332 25.7403 33.3667 27.3112 28.8198 26.9767 27.9557 34.1973 31.4322 35.8392 28.6596 30.8905 31.5155 33.1588 31.5129 27.2033 35.9743 27.5815 14.9621 23.9846 22.5161 18.2725 14.9474 24.624 15.5445 16.0182 25.7197 20.3503 16.551 24.025 17.8113 16.6351 23.2744 24.6633 15.0674 23.0512 22.3736 17.8455 23.7746 20.723 16.3795 19.8868 25.545 15.2555 22.8437 25.4462
33.3153 32.9826 29.2722 27.5899 25.5475 27.085 35.6023 26.7314 33.6366 35.1866 32.1963 29.3669 27.5374 26.6506 34.0703 34.6145 27.8106 24.4341 25.2882 33.7662 31.5853 33.887 29.6636 34.331 26.1637 33.5316 31.6352 28.1679 25.9613 28.1892 34.9821 27.424 26.3678 12.0637 21.2486 18.8826 12.4306 12.7369 13.4283 10.701 14.3247 18.6267 9.85565 13.1808 13.6663 17.9558 14.8487 16.1726 14.4474 11.9382 15.2743 21.3592 10.4491 16.7219 12.3318 14.5965 21.5953 9.98087 14.815 17.7127
31.1828 32.9833 32.655 30.6349 27.1144 31.9591 35.6754 32.6612 27.1875 27.4096 31.9756 30.3999 29.6107 34.1848 26.789 33.2815 32.9859 29.953 28.3148 30.6496 33.4699 31.3951 25.2001 30.741 29.6713 26.8735 33.609 35.2938 28.1349 17.4125 18.9937 24.1329 13.9595 14.3128 20.7138 17.6655 25.181 17.4338 20.6906 15.6873 19.5152 14.1692 15.8055 24.0121 20.2305 23.1576 15.7222 15.4636 25.1946 19.0029 17.5248 25.5185 22.2752 13.9246 14.9723 23.7617 15.4813 22.9523 20.1872 24.8083
31.6969 28.1591 25.4696 31.185 33.5712 32.6778 32.5617 35.4165 30.9588 27.2121 25.9973 35.8381 27.0876 35.3889 33.5169 32.4064 31.2577 31.8743 33.1709 29.848 26.1471 35.9497 35.0904 28.494 32.9073 32.0395 32.6091 21.4746 22.7103 11.8553 19.6294 22.8708 22.7335 21.359 16.1007 13.998 13.459 18.5027 14.3557 20.3014 20.792 21.9594 12.1561 13.5071 11.9082 19.8651 21.1265 12.5887 15.0163 15.1449 16.5157 13.3811 19.1641 20.756 13.1373 20.966 22.9766 17.2545 13.6749 19.7571
27.2873 35.6034 32.7002 28.5708 33.8999 25.4061 27.3439 29.169 27.3061 32.7211 27.1206 35.7668 29.1411 24.5898 29.0551 31.9386 26.359 28.5675 27.3366 27.1529 18.5555 14.7511 12.1938 11.9485 11.4476 13.4111 21.903 20.302 11.1248 21.9772 16.7715 12.3719 13.8165 13.4831 18.0586 13.0608 21.7205 21.3651 15.9409 15.0158 16.9459 20.5939 14.7735 18.8327 10.8751 15.7352 11.0642 10.3863 17.4031 20.4584 20.3556 20.0717 21.1212 16.105 10.4979 17.6448 17.5383 19.0453 13.9377 16.0668
25.7094 31.6547 35.516 32.1148 32.5929 33.912 34.7808 32.5922 35.3372 28.2175 35.1554 24.6489 33.8676 29.2064 27.7115 32.4196 29.9104 31.918 32.6961 33.2209 31.5001 29.8583 34.8135 26.8577 27.052 28.1044 29.6489 24.2049 33.1607 27.7589 35.7106 30.6393 25.477 24.2479 28.8414 20.1419 11.702 18.2863 12.9212 21.0551 17.2184 19.1085 12.4214 10.8486 16.1359 17.0818 10.5604 15.2714 21.1341 11.2394 13.3487 12.9822 15.9108 20.7136 10.585 19.3365 18.1897 11.5427 16.4524 20.2542
32.1552 25.8262 25.626 32.265 34.4845 27.1713 28.2968 29.3526 24.4697 27.5723 24.7653 31.9147 25.7682 30.0242 30.8229 32.5606 30.8512 31.9011 27.7034 29.1458 34.9729 26.836 30.141 32.6807 25.9764 30.7877 21.5786 16.0024 18.9295 21.2283 17.9126 20.9664 14.9198 22.2532 19.0125 19.455 19.2842 18.1539 14.976 12.5307 12.4837 14.3205 22.963 23.1962 20.9316 12.2487 18.8942 20.0286 22.7115 23.1455 18.4587 18.6012 17.8308 21.1188 14.4982 12.119 21.2253 19.8159 13.3154 14.4197
33.5316 35.3441 34.8032 28.5443 32.4861 30.1888 35.2145 35.8373 34.7819 30.1454 29.4062 27.2914 29.0247 24.3026 34.985 25.5574 27.6931 28.7437 29.6526 25.6896 26.5 35.4907 33.6828 31.9984 27.7005 34.3277 33.9208 28.84 17.4846 14.1808 15.4778 11.6198 10.2802 13.2693 12.3913 17.8717 13.8249 16.2265 10.0528 19.7853 15.986 20.2806 19.9828 15.3081 15.6401 8.52301 15.3529 10.737 17.9231 19.8213 11.5562 15.1488 16.3382 17.4747 16.5111 16.5236 17.7608 14.263 18.0219 15.144
28.5778 30.8534 33.1823 33.4085 33.3894 30.7579 30.802 35.7896 30.6797 31.062 24.9041 33.4941 33.9146 30.6452 27.363 31.5394 32.4648 30.0731 28.1679 30.7521 33.2583 34.4904 24.3489 32.7387 35.3353 29.1778 34.6376 27.4901 32.4416 27.4302 14.3078 14.9386 9.24233 16.4453 10.1758 19.9038 9.42484 16.3748 16.2199 10.622 15.914 9.29668 10.9312 13.9516 19.0214 10.1582 9.87505 12.558 12.7541 12.3846 16.1898 16.7009 9.58165 11.2639 12.1004 12.9913 15.1784 15.0433 11.3689 19.1143
33.3759 25.4986 31.0451 31.5695 35.6331 33.6964 29.5351 27.6017 35.1682 29.35 31.9022 27.9102 25.6668 30.5846 28.3358 30.5119 29.111 25.6338 29.982 32.3142 29.921 33.5327 32.7604 15.9175 16.374 23.8153 19.4491 19.9845 22.3854 25.9992 16.4742 18.0155 25.3661 24.3555 15.9851 22.4188 19.2611 21.7556 25.1667 18.3886 22.2183 24.5131 17.2825 19.2772 20.275 26.3209 17.4643 21.3076 20.4894 24.834 18.3687 23.4584 16.8598 23.14 25.4043 19.6389 15.3025 22.5099 19.8174 20.6888
27.9461 34.2957 33.1339 30.1454 31.2886 30.78 31.0363 29.6511 30.8784 32.2606 30.0966 33.2672 31.8552 35.4304 33.9913 30.654 33.0927 25.7876 25.5489 32.7435 33.2951 27.0395 24.6089 26.0164 25.2687 29.5373 17.6273 19.5431 21.5698 25.9569 18.4054 15.4824 24.9493 24.0147 18.1851 14.7512 17.7092 18.5934 17.4705 26.1159 20.9381 14.8474 18.1473 21.948 20.98 24.4914 18.6867 20.3084 25.517 25.4002 16.5131 25.1927 15.7034 16.4665 25.438 17.8509 21.8503 14.6624 25.8089 17.5994
33.2069 31.6576 31.9569 30.0918 26.4795 35.0867 27.302 28.6909 24.0672 27.7879 27.4919 24.4473 25.5622 27.5132 31.9712 35.4147 29.9258 28.4316 30.9287 34.5583 28.9604 28.2296 33.8 28.1944 26.1908 27.1272 25.5974 26.0619 31.889 26.2547 33.4401 13.4183 10.7662 18.4694 18.0875 11.4907 11.5646 12.8138 15.2481 11.7665 9.8232 13.4704 12.8094 14.8714 17.9612 18.5112 12.8491 19.6779 18.0243 19.4535 17.2719 12.8869 18.5208 18.7705 12.8821 9.29587 19.339 10.2929 19.6522 10.7809
27.8716 27.0351 28.2645 31.3723 34.9079 24.3547 30.2067 28.6332 31.3477 29.7808 31.127 30.1451 26.8996 28.2241 28.1624 26.427 25.9911 24.2912 32.0388 25.9925 31.4333 26.7832 30.8351 27.1702 18.0266 10.5709 17.142 11.8599 17.0972 13.3703 18.0387 13.4584 11.2103 11.0131 10.6385 13.8579 18.3769 15.2075 9.26989 8.22185 16.8713 13.3214 14.5134 16.5085 8.07055 16.0117 16.2155 9.74617 10.5052 10.3958 15.1428 9.02496 17.0803 11.6774 14.0122 11.6318 13.6148 15.0496 18.8822 18.4548
29.8509 25.7777 28.8859 30.3456 25.2192 26.2419 25.7909 26.3381 24.029 24.1634 28.4092 30.86 28.9116 28.0824 28.002 25.5056 30.4142 25.7292 32.8533 28.8833 28.8396 34.3192 27.1845 34.8657 28.4742 29.1341 30.4943 34.6255 33.1504 24.5082 24.5538 26.565 29.993 33.8554 8.14042 14.0027 7.82791 7.85876 10.0092 6.12952 12.232 10.011 12.1005 14.8451 11.741 11.4403 5.80527 10.0716 5.59265 16.672 12.9455 6.65538 15.1547 10.5637 10.2817 9.57184 9.1488 9.65777 5.58567 9.82632
27.0112 25.9264 27.6876 29.5579 24.5461 25.7461 33.5892 35.8428 30.105 31.7403 32.8812 31.1013 26.3127 32.5162 27.6913 26.8885 26.969 27.7838 33.9384 32.5874 31.0536 29.4719 31.351 32.3777 33.1537 25.9264 24.2515 27.0002 32.0399 35.9067 25.4641 29.3871 33.2462 24.1322 34.418 29.5748 35.5054 33.7306 10.2381 18.4345 16.8686 14.4413 19.7054 13.9584 19.1803 15.3105 10.1617 13.972 12.6012 18.9622 10.1662 8.74318 9.08396 11.19 15.4343 13.4542 10.2326 8.17509 16.7229 16.1463
30.1384 31.0337 25.8581 28.2601 31.9617 31.4175 33.9594 28.1129 32.8107 25.6044 31.235 30.2446 27.551 28.7885 26.8673 29.3206 31.7204 25.8346 25.9863 28.5017 34.3409 24.0878 29.1701 24.3893 32.5456 29.216 34.2285 25.0659 18.355 23.495 21.9064 24.4688 19.8364 17.1847 18.7274 27.0313 24.3521 17.2508 19.5474 16.2758 25.0318 26.7071 26.0005 21.4529 18.1707 27.1316 19.5151 24.9822 17.6903 27.0357 22.2714 27.754 17.1678 26.8708 23.1928 25.9913 24.6481 18.3715 17.5144 20.3839
25.6319 35.9824 25.3374 33.038 25.8299 31.8243 30.7579 31.0036 34.1176 34.2737 32.4012 27.1364 30.614 29.5828 32.9737 26.6495 25.8666 33.8936 27.2029 30.2086 33.2554 27.1188 33.2429 31.4641 29.765 30.0158 31.4127 27.8661 33.3468 7.21769 8.93921 7.27754 17.238 16.2329 11.7896 8.52352 10.5506 13.9565 10.7338 7.35319 14.7802 11.9203 18.6573 9.18488 7.8023 15.8925 13.5603 15.8863 13.9606 13.4119 13.5607 12.8505 11.9824 16.9031 9.2172 11.0882 14.764 12.3386 10.7492 9.34499
33.3017 28.7812 27.331 26.5088 32.666 32.5911 27.6087 34.5748 30.2097 33.9803 32.0946 35.0394 35.8634 29.9335 35.6923 31.4707 31.9698 28.0923 25.12 28.7735 30.4256 27.2488 26.8966 29.1113 26.2496 31.8019 29.3831 32.6499 32.9587 25.3426 27.4298 31.4579 30.1671 27.0824 35.0882 27.0318 32.854 35.9681 9.4212 18.9869 11.7552 17.6025 16.2687 11.4997 10.7722 7.61632 9.94449 15.6316 16.8824 11.8184 8.44844 15.3915 18.182 10.9084 12.1074 8.04045 10.1064 14.8006 8.53106 8.78371
35.6754 32.2518 33.3593 31.0572 24.0617 29.028 24.791 27.4603 25.8592 28.45 30.4352 27.9619 28.9479 27.2363 28.649 29.5072 35.8707 31.6073 25.4083 30.5079 32.4538 26.5801 27.5932 34.2766 27.1449 33.9384 27.0156 12.5934 10.9097 4.92989 4.46316 5.0015 11.7723 15.0861 10.5252 13.9345 10.9001 15.1514 8.88485 14.3744 13.3638 13.3539 6.82695 14.9072 4.36401 15.2003 14.2543 8.83894 13.1549 7.69542 8.30023 15.678 14.1644 10.8017 9.08425 5.79139 10.1422 16.0185 12.784 12.4366
35.2219 27.0711 28.0901 26.0436 26.4435 32.5371 28.1613 30.5909 28.5282 33.4629 33.2962 35.4716 25.535 30.6459 31.7516 25.7421 26.2933 27.3843 26.5658 31.7087 32.2085 25.2709 25.6114 33.9182 34.992 26.4971 24.1528 35.043 31.1465 34.0189 29.9196 14.4376 20.182 21.0748 16.4456 17.2821 20.3814 16.6733 21.9983 20.5952 19.6503 12.5116 13.8071 21.8599 16.8962 19.7443 12.9867 16.6134 11.3188 17.1606 15.63 20.6458 21.5459 21.6208 11.6321 21.0601 17.3684 11.5832 11.053 12.9937
33.5866 33.9476 34.1544 34.5028 34.0945 28.7952 35.986 35.1256 33.9193 24.264 28.5778 24.2997 32.5518 35.5446 27.6601 29.646 29.5307 27.3836 26.2808 31.1097 33.2782 27.4735 29.1738 33.8393 24.4524 27.309 26.7938 33.2642 26.1229 31.8846 28.2304 32.1842 29.9445 35.9941 25.5122 35.0346 13.686 22.597 19.3735 21.5416 10.9106 20.769 22.1556 12.486 18.5124 13.4404 19.0776 20.7914 20.1906 13.6288 12.5477 17.1225 19.8674 15.1461 22.453 16.0675 21.7741 11.7181 18.2682 22.6025
34.5543 34.7485 29.278 30.6412 34.4845 32.5705 35.5696 34.7015 31.2695 34.7089 29.6085 33.1974 27.6898 27.8206 24.307 26.6253 30.9111 30.6268 29.3588 35.0048 32.1141 21.3446 18.5244 23.8171 26.3899 26.7204 21.9528 16.5561 22.4852 20.9499 26.4071 21.1059 17.072 19.084 18.3735 25.2048 18.8329 25.2368 21.3814 25.1351 24.8262 24.336 25.9852 26.6987 19.0609 17.9908 16.0376 22.0589 19.4145 23.6214 20.9271 21.0329 21.352 22.1947 21.193 16.8873 17.8168 26.402 22.2432 25.3885
24.126 25.8214 34.2616 27.0655 28.7518 34.1312 32.1938 33.3318 32.4438 31.9415 35.7253 33.1911 33.5837 26.3913 34.6303 29.7598 27.2936 24.7179 35.4051 33.2359 32.2937 33.3994 29.245 32.1328 34.3049 30.9059 27.161 27.8066 28.3729 28.7478 34.7702 33.3759 35.642 28.6666 25.7939 28.3872 24.2681 26.7633 19.1327 26.7448 22.8413 20.5208 19.4849 22.3731 20.8249 26.8645 26.5781 22.2064 20.5267 23.0348 25.4706 23.2955 23.6998 19.0329 18.597 23.3014 16.4539 16.9816 15.9533 21.3618
24.4028 30.7811 32.6458 32.5786 33.2319 32.9671 25.5453 27.7074 29.2795 30.7925 30.6639 26.7428 30.6694 26.4589 34.1176 26.9954 28.0827 33.9017 30.1601 27.778 35.2443 31.1035 33.3762 25.4116 33.2088 26.4692 25.4707 35.9886 35.9387 26.0381 22.9376 23.8366 21.2525 23.1624 21.3953 25.4248 27.4155 26.6271 21.5892 16.4165 21.7405 26.897 18.5196 21.5231 27.305 18.0808 26.341 26.8897 17.8983 23.4238 27.1687 20.8636 25.8541 19.9852 18.0566 17.0129 26.3583 16.4775 19.6404 23.6849
32.3814 34.765 25.5724 25.9437 31.9679 29.4209 30.0793 32.547 31.2441 24.7429 33.7559 24.9768 30.159 31.3499 27.5007 28.45 25.4986 28.0765 28.8466 25.9797 27.5708 27.7445 30.545 35.9108 33.6645 31.9345 29.4572 32.7641 26.3546 31.5644 26.3267 17.6677 24.654 25.6242 15.4155 18.8108 15.0832 22.0203 22.7066 20.1192 24.0786 21.7254 23.9181 14.9645 21.6593 17.6005 24.867 14.6432 14.0381 21.1225 15.1019 20.6913 19.8768 20.7978 21.9638 14.6179 18.3694 25.1145 19.3356 22.5814
24.8141 27.7141 29.1789 27.1889 29.5351 28.6137 33.3024 30.8486 29.4334 35.982 27.3531 32.5929 35.5876 33.9575 24.842 27.9248 31.6007 35.0504 32.099 28.718 27.6388 33.8444 32.2411 34.6053 27.4419 29.2553 28.1992 31.7461 33.5249 28.479 32.3737 31.3818 29.2773 20.8048 13.6481 19.0315 11.863 9.94244 9.24031 14.2793 9.65527 12.398 18.6312 19.3381 17.3023 10.6927 15.8124 16.6534 19.2243 9.61929 9.95896 10.3177 10.5766 19.4648 13.037 10.4316 9.57155 14.5301 9.3178 11.7536
34.1378 30.3624 29.4841 26.095 31.8357 29.2028 31.5199 29.0386 29.8098 33.3131 29.9078 35.3985 25.4582 28.5319 30.7561 33.692 26.6756 28.7125 30.3019 24.0984 24.1414 34.0203 33.2253 31.1971 26.8026 28.2671 26.0524 34.8506 30.0709 33.706 30.8652 33.1911 32.9289 31.1406 33.6274 24.5016 33.6237 28.49 32.677 11.9923 22.2168 11.8073 12.0621 20.7788 17.9556 11.7166 11.0284 15.2261 14.0627 20.0153 10.8642 18.0676 21.5478 12.7308 14.2114 18.6331 14.4692 18.9251 13.9838 20.4909
24.863 33.3355 28.3622 25.8464 32.2276 26.5889 27.1203 32.3693 32.7729 35.5145 32.7016 27.2492 24.0988 28.9398 31.1296 31.9485 33.2918 30.2203 29.5729 27.9076 28.9861 12.9491 11.3671 16.4028 9.65917 19.2234 21.3724 16.1197 17.8798 19.6644 19.6901 13.9949 10.3481 9.73188 20.8395 17.9249 19.5991 17.9638 12.0222 10.3022 19.7764 15.0232 10.8897 10.8728 16.3246 13.1382 9.38853 12.049 12.9278 16.3723 16.1568 15.6805 11.0021 17.6422 18.8437 21.2442 10.5229 15.78 18.655 13.967
33.2969 34.0637 32.59 29.2138 24.5372 35.1256 30.9059 35.6115 31.8838 34.2682 28.5227 26.2544 35.1378 33.1735 34.6865 32.7993 31.8879 32.1493 27.1427 35.5994 33.4632 25.7215 27.0193 35.3658 31.9562 24.8571 33.6645 27.5499 30.441 33.9939 34.9002 27.2356 29.9736 25.3646 25.3844 33.6028 29.3978 22.0569 22.6841 24.3523 18.54 14.892 21.235 21.0327 16.2706 19.6773 20.7738 17.4203 16.268 21.394 18.6997 25.9061 21.7418 15.6122 18.721 21.9981 19.9204 16.6106 20.0276 20.4242
33.9953 33.5187 35.9523 30.899 29.5579 34.1485 27.1048 32.8419 29.397 29.4962 32.8944 26.4615 32.048 33.6212 24.2633 29.4885 30.2012 33.0865 33.3028 24.4579 26.3396 31.8027 32.2595 28.3824 29.783 31.3099 30.2901 26.6084 28.0005 28.1015 34.8649 35.9537 27.3233 31.3694 11.1374 13.8015 22.6181 13.3748 21.2293 16.2031 20.7199 18.0268 13.9044 19.8148 12.2577 13.9414 13.1615 16.3129 17.697 19.4259 19.7879 22.7316 17.9985 13.4578 12.3885 13.6954 15.0273 14.6796 12.7403 21.6696
31.7748 33.5099 25.6154 27.6997 24.8284 33.0674 34.3104 28.609 34.4904 35.7514 25.5625 26.6921 34.9699 30.5953 26.5448 35.8281 29.3379 24.6779 33.3226 33.9619 34.9277 16.2939 8.8783 12.9012 7.9059 6.08339 6.62394 11.3636 9.33549 11.3677 10.1111 15.2907 13.9206 10.5826 15.9774 16.3251 11.8146 11.6747 11.0107 16.201 9.24405 15.829 10.2763 16.1448 13.6753 9.32594 10.8492 6.77156 17.498 7.97347 16.4496 9.99097 6.17777 16.1107 17.548 13.86 10.8007 8.85076 10.0284 8.33224
27.1687 28.9556 26.5085 26.3256 27.7504 31.7931 28.0574 28.3714 35.3082 35.1807 27.07 30.5292 35.3126 27.5991 24.8788 26.1989 25.2922 29.1385 25.4729 33.2429 24.6147 33.569 30.2997 32.8713 30.7131 26.8592 32.3381 31.0422 28.9141 25.3708 35.3882 32.1761 24.6698 34.8245 34.2796 33.8587 8.65296 13.49 13.8715 8.6537 16.9885 18.4008 11.7839 18.7456 18.4008 18.2091 15.7576 10.1898 17.3572 18.9549 15.528 8.26224 8.73191 10.4277 16.2096 7.98976 18.4485 8.18916 9.99515 18.4427
28.3791 26.5147 26.3957 24.4697 29.1712 24.0264 25.4766 30.405 31.6547 34.696 27.0274 34.3336 27.3347 33.9322 32.4435 26.5999 31.5049 34.9182 35.552 27.8654 29.8953 27.5683 26.7567 16.1061 23.0778 25.6781 25.9406 23.8478 19.5345 17.5196 22.1017 25.3836 16.7859 20.2157 18.5584 22.5865 16.6896 23.8038 16.2526 21.2626 18.0509 25.3164 25.6887 27.2031 17.9338 20.3365 21.5814 21.2957 27.6614 22.6794 17.6716 19.3652 27.1708 16.3239 19.916 27.5891 28.0643 26.4683 19.3744 23.2283
31.5897 32.146 35.1469 31.8717 31.4891 24.289 25.4035 33.5925 33.9531 26.1912 27.6538 27.811 34.0284 24.5872 27.6935 32.6341 32.865 24.094 29.5839 24.249 34.5036 28.2715 29.7499 34.1878 32.3454 27.5664 30.5817 31.806 9.88283 11.1993 12.8327 9.13407 16.9257 8.5803 15.2912 11.9606 7.85137 7.71733 11.2555 15.7631 9.63165 10.0286 8.1804 17.1945 17.3668 8.85645 11.8981 11.1042 15.4914 17.5996 15.9181 18.1196 16.8659 8.0941 19.3336 14.3875 10.3279 15.3144 15.0404 10.5321
32.7497 31.8846 33.8753 31.0756 31.9044 28.2462 24.1403 35.2064 30.928 31.9213 26.2228 27.8242 26.1369 25.6011 26.7218 34.5432 26.5716 31.3594 34.4389 26.4975 35.9666 13.5685 15.1072 18.3347 15.9283 11.1845 13.6592 9.95838 14.2798 14.5101 13.736 12.1184 11.2767 17.2462 11.8672 12.0798 12.2755 11.6259 12.4632 11.1665 11.7578 12.8242 16.2569 18.8183 12.6674 20.4976 16.8577 10.2878 10.4266 14.0977 16.3168 19.8285 15.7032 12.414 16.4615 17.7787 15.535 17.2301 20.9724 20.155
31.2889 33.294 29.7194 33.7747 33.641 27.8815 27.9818 35.7793 28.1569 33.9311 31.3848 25.9933 29.4774 25.9264 31.1696 27.9017 29.6673 26.6219 28.4114 28.8153 29.0103 34.2098 25.3881 25.3121 33.5473 25.1909 30.5137 27.9983 30.2673 24.2919 13.3001 14.704 11.7883 16.9697 17.1706 8.34191 8.66543 16.0932 16.4347 14.6526 7.43488 9.00842 15.2354 9.29962 14.5538 13.5531 10.8772 10.3613 11.9877 17.3494 17.3274 15.3573 15.2677 15.7146 13.151 8.52479 17.0693 7.94935 14.318 14.6515
26.3036 30.6055 34.5858 28.7136 32.4178 32.1093 27.2444 33.4923 26.6928 32.4971 25.2309 27.255 30.4638 28.8047 28.7933 29.1701 28.7687 28.5322 25.3091 29.4253 31.6378 29.7257 26.4732 29.5814 26.7328 26.1864 30.1146 32.2801 35.7944 26.1416 25.8438 31.821 24.0845 30.6158 16.8249 18.5131 23.1804 23.5017 23.4892 27.294 26.828 18.8773 18.3357 15.814 21.1232 25.9647 21.4427 22.7173 20.6708 24.4815 17.0453 18.289 26.7707 27.3847 17.9846 19.4524 20.857 23.8421 21.6965 24.7628
33.6013 34.01 24.8024 32.366 27.3766 26.4148 31.7494 30.1091 29.0919 28.754 25.3352 26.5074 27.1368 27.9869 25.8387 35.3027 27.2962 28.1779 35.0327 27.3274 26.1736 29.44 28.6596 32.7982 30.7058 25.0444 26.7688 34.0886 32.3891 26.1016 33.2168 34.4169 22.654 24.2587 18.0105 23.3763 22.239 26.2186 26.6486 24.251 17.0175 20.9328 23.124 26.8131 27.2791 26.7632 21.4998 16.0712 22.4215 19.3049 16.4524 20.9997 26.9284 18.0637 25.5701 19.226 22.7491 25.8455 19.995 20.2674
24.7289 35.5575 32.6528 27.1184 25.427 33.8609 26.7005 35.4462 24.6357 24.9768 35.5406 24.5949 27.2224 31.9349 27.5999 30.8861 33.2319 34.4177 34.1287 31.6224 35.978 30.1399 26.7376 31.2012 29.9354 30.7234 27.5356 27.0152 30.314 34.5656 35.6005 33.0009 9.33617 6.57064 14.7383 13.2247 7.33519 7.02857 11.1271 15.1915 14.6194 9.94943 11.8296 10.0945 10.7926 6.60883 6.07967 14.7049 10.1775 6.80566 16.7551 14.1442 10.4602 7.92311 14.204 11.3327 14.3072 9.7941 5.51305 7.36751
33.9509 25.0987 26.4949 31.6951 35.7973 31.3558 30.7392 27.4041 31.5467 34.7731 26.0476 31.9654 24.8982 25.9268 29.6515 32.8217 26.3612 24.6948 26.2507 33.1302 28.3501 30.126 35.6702 24.7723 27.4948 33.2293 27.8742 26.5918 25.2243 28.2428 16.4867 23.563 21.3105 17.5255 23.6287 17.4029 16.8612 19.0293 19.7957 23.1286 28.2156 22.1675 23.7356 17.5211 19.9378 21.3622 20.8356 24.1432 24.2827 26.153 18.5343 26.8198 17.2079 19.5298 16.3993 18.7928 25.1038 18.2868 19.095 19.4685
29.5777 24.665 32.2536 25.4307 32.6352 25.3323 26.6073 35.8399 25.2504 35.3937 34.8881 33.4438 32.9062 24.2123 29.621 31.6455 35.9368 31.2599 29.1789 28.2381 32.651 32.4035 31.1358 32.3609 32.1589 29.1088 34.9556 28.0262 32.9341 4.45398 12.9926 14.4706 5.53103 14.0861 12.2078 9.41328 4.69965 10.841 7.8783 14.0424 11.1212 5.12635 13.6301 15.3806 10.1029 15.3872 8.91753 12.8163 15.7522 4.59352 10.732 15.0508 9.44522 12.1953 16.1731 15.3516 15.569 6.61212 13.2889 14.6796
30.4884 31.4006 28.7555 30.9588 27.8382 25.7381 27.2859 27.9616 30.7701 35.707 35.5891 26.0781 35.7139 34.49 24.083 29.0026 28.017 34.6295 31.3418 35.357 35.7947 30.2589 26.0403 27.1845 33.5789 28.9501 29.5101 30.9526 25.5467 26.1449 25.4909 34.8381 17.5912 21.0037 19.1206 20.57 20.3776 15.7679 17.3033 18.832 21.8979 13.8525 16.361 13.923 22.9125 18.3157 21.1789 15.1881 13.6289 21.8553 13.2929 12.6212 21.722 14.6608 13.07 14.4327 13.1643 12.6858 20.4566 15.7367
35.5314 31.9037 27.8117 34.1 35.5197 29.6273 24.9584 25.2926 24.6661 33.0263 31.8578 32.1075 34.234 33.8878 26.9972 34.9274 32.5984 31.5074 28.476 33.7743 31.214 35.1723 27.9002 25.5155 34.1742 30.4704 32.7883 28.5653 25.7729 24.1223 29.845 32.1207 28.0361 27.2343 16.2926 21.636 17.4189 20.0056 20.4602 18.2796 21.979 17.2378 24.9112 26.0963 26.5119 18.2356 19.4213 22.4402 24.2712 20.6126 24.8811 17.7611 23.2565 20.7033 21.3635 26.227 27.5504 16.9143 23.8088 26.6901
29.5329 27.7688 35.3357 35.4183 28.4147 35.328 33.6314 33.291 33.8852 29.3816 32.9778 27.9524 31.4924 32.2103 35.78 27.0714 31.7939 25.7538 25.2915 34.9464 33.3718 33.9917 32.8507 26.781 29.303 26.8173 30.6599 25.1744 31.8897 33.8628 9.51695 17.0233 8.78178 16.9447 17.4827 8.7502 14.8626 18.6556 13.1484 17.8763 15.5886 15.0998 19.7921 10.4137 11.4037 14.7061 12.9336 15.2753 19.076 11.6163 15.1806 15.7105 13.8454 10.3417 11.7379 17.779 14.2945 19.3228 19.3573 19.4837
25.2816 34.8095 27.1148 34.1062 35.9982 31.9404 27.15 26.4593 24.8993 24.4884 34.8054 25.2441 30.3408 30.249 25.2783 25.1332 24.7392 28.0269 31.0433 28.0515 35.1818 24.4891 27.0288 34.1775 27.5319 24.307 33.728 28.9233 31.2203 24.2938 27.9924 29.4484 25.2805 6.39126 7.8818 12.1342 7.20502 10.8188 14.6206 9.90334 14.5847 15.2203 16.4839 11.9668 7.36219 10.3029 7.51238 11.3663 14.736 9.84018 9.28274 13.3923 9.32754 16.1846 7.41176 4.9591 12.5837 12.4063 12.7394 7.20648
24.9092 29.6467 27.2106 26.2562 26.8518 34.8227 26.919 29.2028 24.8872 28.9512 29.1833 27.8727 25.9573 30.2009 24.9566 27.3424 26.8709 30.0786 27.7398 29.0687 35.7679 18.8752 15.1652 13.4782 21.9426 13.2659 10.6447 21.9154 14.9397 18.6644 19.585 20.8644 10.2786 16.0674 16.6965 14.213 13.6923 14.2952 11.764 14.2809 13.6107 14.011 14.6959 21.8317 18.5576 11.3421 14.1315 13.5388 12.0343 20.4197 19.6229 15.4858 10.2716 15.9408 18.8583 10.3961 17.161 15.7325 20.2651 21.9011
34.3765 29.176 30.2714 32.5658 32.5052 31.7671 32.2467 31.4457 27.5815 28.9211 28.5128 34.179 24.2266 25.9819 35.6603 31.4905 31.0447 24.7091 31.875 24.1307 29.2935 28.5282 26.908 13.8315 16.853 17.7086 21.0294 12.8114 16.1277 16.2236 21.3547 21.4256 18.0354 22.4094 18.515 20.9835 15.9026 21.9111 20.3258 15.5659 17.1879 23.4956 21.3635 12.9645 17.9356 22.8934 16.6745 15.1421 20.8638 16.2085 23.2176 21.5956 14.7503 21.1539 17.659 18.9212 19.2711 22.2588 18.0285 20.1359
24.495 29.9622 30.0562 27.3795 27.6645 28.6523 30.1895 24.1036 28.7511 31.5199 27.3865 26.7938 26.8625 27.5003 29.8884 31.4369 26.0531 34.4004 32.7409 33.8411 29.8796 26.4912 31.9621 19.2107 15.9762 20.2646 23.4289 20.6458 18.9415 17.9713 21.5238 19.6517 20.9267 18.2276 16.5245 16.1536 24.0407 15.0655 19.2434 17.0397 15.9946 14.2183 15.6376 12.8567 17.4418 18.9485 22.8568 21.7526 23.8656 19.3818 14.4552 20.5316 21.3788 12.7891 17.473 21.92 21.1621 16.0923 16.2645 21.6531
27.1599 35.3985 35.0878 28.0879 27.4486 32.0443 34.4962 31.9532 26.9958 31.9591 27.3516 26.5379 30.2732 28.7169 30.0239 25.6077 29.9743 32.5144 29.0386 24.2534 26.4012 31.5688 26.1875 27.5194 27.3189 24.1432 28.1925 28.7584 30.1594 31.3194 33.9528 31.3495 30.5729 30.7366 18.723 21.3788 23.585 22.7272 13.4872 18.1223 14.4056 21.7746 20.8988 20.417 23.9225 23.0136 15.7357 17.1425 14.9473 18.7414 23.9317 24.2996 13.0473 18.3962 17.4609 22.8223 17.845 21.3549 21.5128 17.5949
29.2465 34.0574 35.0592 32.2782 26.7112 34.609 26.485 30.6537 29.3269 33.7467 31.5478 34.0042 30.1417 27.8668 32.1589 32.8915 25.9852 30.6951 28.6512 28.1298 27.0156 28.0938 32.4688 24.1495 30.0088 29.6265 33.3046 26.7993 26.4468 27.7365 26.8059 27.9208 26.2411 30.3705 26.5096 9.82493 20.417 10.6593 10.4154 20.1614 15.9773 19.6859 10.6218 14.796 19.5482 18.5611 9.03834 11.126 17.3897 11.3555 14.6608 8.80112 8.86832 11.0437 9.48525 17.1142 10.014 12.293 19.622 17.646
24.6911 28.3233 25.7502 32.8885 30.2971 32.6418 27.1544 29.0533 30.6346 35.075 27.497 35.3923 30.9974 31.8982 31.5666 26.6172 25.7061 26.077 30.5652 34.8389 27.6223 30.4785 30.0819 25.0337 34.1371 33.0296 35.7892 29.711 33.7937 32.5015 31.8262 28.7481 31.3598 30.9772 28.9637 29.0173 27.0472 21.9028 15.3722 24.7139 26.3777 25.7575 16.9648 25.8012 25.9411 17.4841 25.7153 25.7832 25.2515 16.5454 17.18 26.2452 24.2097 15.276 20.1861 25.4814 20.2782 26.2085 24.502 26.2514
26.1783 29.9534 26.2624 28.3413 25.4142 29.1007 24.8358 24.6676 35.7833 25.3576 34.1867 26.3421 25.7399 34.6574 32.0417 29.6122 31.7439 34.4691 24.0048 29.1668 29.2164 33.5495 28.3207 35.2593 27.074 24.4979 27.1996 34.7313 29.7327 33.0619 24.9559 28.6762 33.919 10.652 18.0732 16.5279 12.8006 14.0455 18.8469 12.5777 8.0323 10.359 10.6741 13.5946 18.2616 15.2485 11.9759 14.8244 8.49757 10.7093 18.5326 17.1111 17.67 14.2699 14.0066 14.878 15.7013 9.91834 10.1982 15.2467
32.9043 32.7519 26.1078 25.2695 29.8061 28.5517 30.2365 28.7346 24.6213 26.6168 33.9135 31.4421 25.4131 27.6046 26.8056 35.3258 35.3632 25.1024 24.7741 33.0204 34.1297 32.9715 25.4402 28.3549 26.1637 32.1548 24.8773 29.8939 25.4986 35.8586 28.1261 10.6824 16.808 16.5986 12.0962 19.2276 16.0853 15.4985 15.3527 15.0651 19.3917 10.2094 13.8783 9.6806 9.80765 16.9211 8.65055 13.9429 15.6049 14.8701 8.19372 13.1692 18.0877 13.7332 8.39496 11.1216 13.6341 19.4215 12.3984 13.9594
27.4537 27.905 29.5909 31.2956 24.4315 24.7458 34.8767 30.2938 24.1645 31.8133 29.5836 26.6682 32.9433 25.1446 34.703 31.9297 27.4269 35.1649 35.6265 34.3732 34.8414 33.9516 33.0722 34.3189 28.7551 26.7993 34.6182 28.8972 9.09692 11.3142 9.56218 9.70026 13.9416 13.3313 14.8909 17.132 13.4499 10.1516 12.5675 16.8456 20.2171 19.7158 16.2272 12.2399 17.4732 9.77994 15.2993 14.0015 18.1944 16.8831 16.6921 18.8246 10.1189 18.0075 10.1721 12.5025 20.1701 9.54309 9.72266 9.80308
31.6011 32.4457 32.6017 34.3523 33.6953 30.2413 25.7784 26.5257 35.01 28.8906 33.2627 32.3443 33.6351 31.0495 26.2217 26.4181 26.2617 26.3675 30.3536 25.925 33.5132 31.3139 31.9804 30.8942 27.9065 24.0191 30.6298 30.4102 25.0348 27.2025 32.4141 29.9963 26.9954 32.7226 25.196 25.34 30.5167 32.8456 30.6779 14.3819 9.80343 12.6068 14.0738 6.6872 12.0148 9.57943 8.88061 15.2912 12.1349 12.6674 10.2588 12.5344 12.6325 9.32421 5.0887 15.5699 10.6076 12.9777 5.07878 7.77564
26.9043 24.3415 31.7311 26.81 31.0242 28.7302 26.3458 26.0406 28.7628 34.7694 29.7598 25.6819 29.4459 30.3507 24.672 27.9392 25.1476 25.1332 30.4781 28.0508 32.3194 29.44 35.7216 31.9297 28.342 35.5278 22.0342 25.3102 18.8615 25.0102 25.258 25.1141 16.1484 15.8135 18.1079 25.9627 16.6754 24.7796 20.6039 23.9489 26.1526 22.7264 18.0616 14.8356 15.6516 22.8153 17.3981 25.1861 22.2468 14.767 17.3518 16.6996 16.3566 21.4111 20.8393 25.1214 15.9681 16.2182 19.1336 22.7
25.6158 31.6723 30.26 33.3391 30.6467 27.9208 36.0004 31.3683 30.7851 33.1941 25.9811 35.5865 24.6966 28.024 26.745 31.8721 32.7075 35.5983 35.1025 29.2101 35.624 24.0305 24.04 25.4274 30.8997 34.1757 30.0599 29.451 27.5293 34.002 26.0168 29.1591 35.704 29.3467 35.5825 28.5377 16.1829 15.4657 12.0745 18.3293 18.8129 15.3592 14.9201 20.8551 18.405 18.4156 14.4735 13.5345 13.8162 16.7158 14.3806 15.6864 18.7814 12.7079 14.7317 22.7907 17.4865 15.5987 12.3517 13.1431
31.08 24.2622 33.9913 28.2289 31.5721 32.7692 33.1654 33.3571 30.7264 32.5129 28.1419 24.0867 28.0802 33.1375 31.4065 25.2228 33.1735 24.9001 33.6039 30.1726 31.3859 28.5197 35.989 31.4388 26.3157 35.7209 25.7461 29.9905 25.2181 24.3445 28.4169 29.8898 32.5489 33.3689 13.7694 15.6286 11.4497 9.48944 11.5455 20.4175 16.196 17.8426 15.8445 13.1003 17.1992 18.0971 15.557 17.8224 11.6917 20.1381 18.4022 13.6163 13.8836 13.0904 15.8827 10.9624 19.3199 19.6104 14.4432 13.9644
29.3574 33.8995 31.0488 33.5437 31.6025 28.5924 34.718 35.0636 26.0557 34.6817 28.4801 28.4276 29.6262 25.2526 27.656 25.5655 31.3936 24.6353 26.6638 27.5066 33.3079 29.9229 31.4127 20.8445 21.7412 15.1562 19.7252 17.8671 22.8381 19.225 21.8473 15.7339 19.2893 15.3681 17.4444 14.6524 23.404 18.109 19.1692 18.5769 23.9368 17.2204 15.125 16.4555 19.7825 16.5142 22.461 21.5029 23.9941 17.2861 18.2097 21.4728 21.9421 18.9882 23.0114 23.8057 17.8682 19.4531 17.7113 24.5604
26.7376 34.9821 33.457 29.3173 35.559 30.0481 28.9086 25.4538 25.5262 34.606 26.1688 29.4738 24.4913 33.4243 28.3993 33.1423 35.3559 29.0636 24.2108 27.601 27.2627 12.4383 16.5042 19.8161 19.3042 11.2228 14.3699 19.5169 16.17 8.86786 19.9748 8.98611 11.1659 18.4354 16.3713 14.465 17.423 19.7875 12.2276 14.7724 17.8291 11.4098 20.2241 13.6366 14.2737 14.5969 9.90416 20.2003 15.4345 9.31514 17.3532 16.2952 16.1249 15.7117 10.4814 19.1599 15.2119 11.7854 17.1751 17.3624
34.0736 24.1785 28.9501 31.1336 35.5046 30.9853 33.0707 24.3272 30.3511 29.5538 31.9404 31.7957 32.3058 33.3626 32.0384 31.734 35.671 26.1581 31.7432 29.7418 27.4618 13.5398 9.0325 15.5661 18.9698 11.8454 18.2402 19.0267 13.6 18.9559 17.8179 11.9255 17.2571 8.68107 10.7603 13.4652 14.1233 17.4099 11.3386 13.6213 14.1141 9.69203 16.6736 17.8201 16.6086 18.6279 8.22058 13.896 14.8188 19.9595 18.1487 9.10925 18.603 15.5389 12.8009 14.2602 19.3984 13.6921 13.2669 14.3825
28.6358 35.5542 28.9894 26.8827 30.2795 35.2942 33.5495 32.7218 30.094 32.9506 34.3556 33.5826 27.7563 33.0487 25.2184 31.8941 34.3178 25.636 32.5698 24.8171 27.4643 12.4077 9.31423 12.147 8.34257 7.50164 11.2227 12.91 10.2073 14.853 6.47893 11.3328 14.1615 5.53297 14.1417 15.0403 13.5064 5.2627 6.36142 13.7892 13.5016 8.49019 11.2223 15.3913 9.33039 15.9246 13.675 13.5071 12.0273 12.4 11.4213 8.0106 12.9512 8.77956 11.031 12.1238 12.0195 12.9097 8.29079 10.5966
34.179 27.0398 29.3324 31.8299 25.8882 28.2443 33.851 26.0531 31.6576 34.3626 27.1225 30.3713 33.3303 24.2152 28.884 26.7317 27.7743 28.6641 32.5742 35.4595 14.8257 16.1066 11.6691 17.7811 17.9148 13.6146 10.0265 16.432 9.32295 15.2855 10.7015 16.7353 15.4596 17.8777 18.0642 15.6215 9.39089 12.0668 11.5861 9.60608 10.2741 16.5601 13.4619 16.035 9.08389 19.6345 12.8002 19.2449 11.314 14.9928 15.9961 19.4938 12.0114 11.9761 17.5942 19.5911 13.3297 14.4956 16.8671 18.7888
34.2888 32.7982 32.1346 28.6556 27.8811 32.3877 28.4602 29.2266 24.741 24.1157 27.8782 29.7268 30.6665 33.1585 25.7013 30.2416 33.1856 31.2937 32.7586 33.2848 34.0706 27.3854 34.0736 30.8861 29.4121 26.3733 29.1686 35.6023 26.3855 34.6347 29.5197 35.5032 35.4084 30.8641 7.32031 16.1806 10.7828 12.4482 6.25941 12.3222 13.7063 10.6657 11.4412 7.07317 5.2602 4.2577 5.68838 14.6764 12.4753 9.69585 13.9075 8.19539 14.9203 12.9557 9.31468 15.8391 6.18927 9.16926 12.5833 11.525
26.529 28.9472 27.3931 35.8638 26.5434 25.9661 24.0228 25.9705 34.378 24.7767 30.1417 32.138 26.2775 30.6827 29.1859 27.7978 27.9436 26.3025 32.5059 35.101 26.9389 25.2864 28.0192 33.7754 31.0168 10.786 12.4528 18.9093 19.1935 19.9155 17.9321 14.6315 12.2079 14.2401 12.1256 11.6416 12.2064 11.0978 12.8722 17.6027 11.201 19.5343 19.741 19.8784 10.6777 18.0111 10.2051 16.558 14.2588 20.0388 21.0153 20.5236 17.0056 17.5249 18.8267 9.86283 11.2895 18.8145 16.2135 20.5375
31.1949 32.0851 32.9315 28.0141 31.3973 32.6458 32.7516 33.0957 35.5491 31.4028 35.299 27.8911 35.1286 34.7254 24.9045 31.0491 29.1917 30.8589 26.4486 29.1554 24.7054 32.5368 27.1669 26.3139 33.7152 32.8437 26.3296 34.9912 30.1054 34.1499 34.1775 26.561 27.2826 27.1467 28.0181 34.4419 25.9163 22.6036 26.7473 22.1034 23.4071 19.1602 21.2221 15.9496 20.1153 15.1663 23.4144 24.476 16.0891 26.7209 26.5369 21.7285 17.5635 15.3617 18.7419 21.8438 16.2602 17.8444 16.4457 22.7035
34.916 29.66 33.0619 27.9406 33.8525 33.0916 24.6089 28.0563 36.0235 34.0868 26.102 25.3947 28.8961 33.5172 30.795 34.5344 27.825 30.6617 31.1766 28.8278 17.5344 17.3497 17.5712 15.8761 24.1194 19.8053 20.2137 24.7621 23.0978 18.5586 23.6553 18.9269 16.3458 23.6163 17.1555 26.9088 19.5512 26.9584 21.9587 23.4992 22.8419 19.8736 16.7299 16.5639 20.6305 19.2486 16.6223 21.919 16.2859 24.9706 22.0736 19.9008 21.565 17.1206 16.699 17.3431 16.5855 23.4151 19.1675 19.7976
27.5947 33.8099 33.0553 29.3985 29.1936 35.8311 26.2125 29.3493 27.4515 33.0241 27.6399 31.0304 25.5056 26.7714 30.8927 30.5853 26.2834 28.2039 33.0887 35.3724 29.6177 11.7066 21.4985 17.4826 18.8039 13.4076 20.4204 13.1799 16.6494 9.61603 12.289 18.2743 15.9509 13.669 13.5537 12.5905 19.8005 14.1101 10.9718 16.2366 20.713 13.2603 15.8727 18.5696 10.6685 16.642 13.1516 18.3988 18.4407 12.7455 11.4433 13.3503 10.6384 12.7029 9.83893 10.9751 16.3196 20.8867 15.3906 19.8545
25.5353 35.6152 29.1837 35.0056 34.5186 25.275 30.6125 34.7221 24.9834 32.0406 30.2651 28.3945 28.9644 32.0355 33.5018 24.2747 26.9282 26.0755 24.7186 30.423 32.7281 32.984 25.0091 33.6494 25.9132 35.4561 27.4438 32.7262 34.1004 29.2623 31.4634 26.9642 24.3426 31.7682 21.9814 26.8779 17.664 23.2322 23.5083 17.1833 18.5861 18.8637 22.923 19.2354 25.5743 24.6702 15.3671 18.5406 18.896 18.7499 27.067 24.7716 23.3567 23.92 16.7471 26.0829 18.2369 24.4359 18.6728 24.7631
35.6838 28.1033 24.0815 33.7974 24.9717 28.8807 35.8513 27.6538 30.2916 33.6623 27.0854 26.3355 29.4077 25.0961 31.2776 27.1603 31.7817 24.6973 32.7262 32.9848 35.2439 25.7972 24.7925 29.3482 35.8935 31.5243 29.8241 28.4841 29.9409 32.7373 34.4992 30.1535 24.4069 31.575 28.9744 32.0465 14.3751 12.6632 14.2782 18.8622 10.3085 10.1668 16.3376 9.0666 14.002 17.3434 8.21723 17.2898 13.6076 18.1079 18.5765 10.3225 16.6335 7.59369 15.0651 15.4893 11.9001 17.5343 10.1738 15.1845
30.4227 31.0532 32.5713 31.8354 34.5932 30.7723 28.6126 34.6369 27.5819 28.8502 27.2205 35.6827 35.4565 27.4867 27.2528 28.0409 31.8765 24.5134 32.1207 28.8146 33.9267 34.2263 24.8854 29.0159 25.3807 24.3004 26.6653 30.4175 28.1419 22.4235 21.2234 16.9244 23.502 22.5333 23.8759 22.7955 16.4125 12.6283 13.5511 21.056 12.7219 22.6266 22.0534 14.8896 13.9286 20.8948 15.121 19.2599 15.9953 23.3342 23.9284 22.884 16.6303 18.8938 21.096 18.7631 21.4651 18.7234 15.3872 16.4059
26.4567 26.511 35.3419 32.0608 32.2632 31.0069 35.1903 32.0153 35.7125 29.3592 30.3217 27.1948 26.4049 25.7663 34.9854 32.698 32.1901 24.0911 34.0754 26.1857 12.0221 15.1641 17.9983 14.5431 10.63 8.4634 16.3208 19.5046 11.6795 18.6438 15.1031 16.0615 17.2822 9.83239 12.0236 10.0773 19.1623 9.00211 9.98038 12.1595 17.8411 7.80204 12.2674 11.5165 18.3434 19.0603 11.0071 18.1793 13.3313 14.5743 18.8495 11.5231 18.7154 18.3214 19.4741 12.0544 16.2246 9.51438 19.2659 18.1352
31.7568 28.7952 24.405 34.01 31.7494 25.6077 32.9976 30.9059 34.0743 24.9533 35.8594 32.2489 34.5998 27.0362 26.8342 31.011 28.6093 33.1555 34.5609 30.1921 35.1708 28.2531 31.9242 33.1856 31.2779 29.5792 32.2353 27.4934 26.2771 27.3608 28.0607 31.3532 31.781 34.4525 24.2754 26.175 12.9181 22.468 13.5321 12.5439 22.909 23.0956 14.9114 14.2471 13.5545 12.0239 20.3121 11.7558 20.6216 14.2507 21.117 18.3092 12.1554 12.1076 19.8534 15.3065 22.8595 18.9291 15.2562 16.6799
25.7762 30.9915 32.8919 35.744 28.5234 31.3657 33.4875 30.3309 26.995 30.8038 33.4317 27.0946 24.6584 32.4244 24.928 26.7053 33.5147 24.365 25.2831 26.0627 30.722 33.2058 26.4442 32.807 24.8553 28.9744 28.7918 31.6341 26.1126 34.0802 28.7004 29.1234 33.6546 24.4179 27.9366 33.0729 26.9168 35.1543 30.6694 13.99 7.05213 16.4724 17.0978 10.6266 8.21328 13.2894 8.94111 6.26077 16.7456 9.87091 11.4404 14.1589 6.58246 13.1406 7.07269 10.9604 16.8811 16.4445 14.2559 12.2281
32.3256 31.8243 27.8797 25.9253 25.1788 28.721 27.6487 28.002 24.3162 34.7852 24.5262 35.989 29.4312 25.8662 27.7974 25.0212 27.934 30.5505 33.4019 32.9271 27.9436 26.6723 35.0801 26.0113 29.259 22.1652 17.0866 17.8027 10.6772 18.1185 21.9181 21.3104 18.0876 15.0592 19.3858 10.8542 10.4763 13.0942 19.515 15.567 17.6301 10.5057 11.2019 15.2512 13.9906 11.5192 12.6106 13.3057 14.2311 11.8163 19.8749 17.6451 11.6764 10.2989 21.4422 17.2217 14.1404 17.398 10.7484 11.687
33.9193 27.1004 34.7235 24.78 26.3807 32.5125 28.1004 33.5069 28.6666 27.3266 30.1113 33.5415 29.8447 33.6994 24.2585 26.7439 28.8488 35.2567 28.1301 24.8692 31.5027 29.646 33.5128 18.0535 17.8258 17.4362 20.761 13.5246 17.4479 21.5674 19.7948 17.1343 19.8327 12.962 19.6263 18.157 18.9025 10.3029 16.9959 18.4111 15.036 13.0009 18.0491 16.4091 15.9915 17.9749 13.5635 17.0069 21.4976 13.2381 11.7259 12.7791 20.4628 17.8515 16.0404 21.7301 11.7116 15.205 10.3966 19.269
33.5073 31.6525 27.3711 27.3017 31.156 35.7246 30.798 34.2307 31.0572 33.7688 32.4468 26.7314 34.6332 27.1871 29.1547 29.223 26.1163 29.187 29.4337 34.1999 28.0783 26.0432 26.8063 29.5865 32.8952 33.7956 35.7672 30.7282 28.6174 28.1562 26.8114 30.1417 15.9122 9.7892 9.14326 9.88358 11.5096 12.381 18.8584 19.4768 14.0321 9.82629 15.5516 14.0159 16.889 16.2853 15.6893 13.9289 20.0482 10.546 20.494 16.2842 12.0513 9.52664 13.529 9.55161 11.4674 11.6033 11.8934 20.0655
34.4533 34.0717 31.214 34.2102 28.5297 33.8077 28.6978 31.4028 32.5999 32.6076 29.4664 31.2221 33.8422 29.6232 27.6582 34.3593 26.7101 33.8646 25.1567 26.6388 25.1575 35.0353 24.3235 32.4038 24.318 29.7642 35.0452 28.6993 30.827 34.4136 25.7726 27.4739 34.3229 33.7056 31.0165 25.3437 27.2881 24.9786 32.1167 20.0003 18.1161 23.2308 16.4277 20.5133 23.3079 17.3799 23.3519 24.1308 21.9418 21.81 18.9578 17.0383 12.5976 18.956 19.1447 19.8167 23.5054 21.2195 14.3048 20.614
33.2066 31.0572 31.0873 30.0793 30.1869 25.5423 25.4792 34.2329 28.4063 32.7082 29.2718 35.1877 24.7616 33.5984 33.7229 33.3942 29.0456 31.5798 32.7813 28.8455 29.5821 30.5916 29.675 23.749 22.311 15.0827 25.9116 24.0612 21.7176 23.0021 22.3966 26.3559 26.5414 24.5705 20.6424 25.9858 22.8567 18.8202 25.4368 20.9787 21.5233 24.5308 24.9146 15.7973 24.3384 20.8278 25.8624 19.2051 19.92 15.1888 19.6744 21.5622 17.2158 22.632 22.217 15.1102 22.2567 22.6525 24.0369 18.5095
27.3894 33.9344 27.811 30.647 35.8553 35.6214 31.1075 27.6704 24.3536 34.2418 25.3227 30.4509 24.3154 31.4648 24.3933 30.5809 26.9414 29.4187 28.5719 25.452 27.5565 25.4707 29.545 34.4882 26.5581 28.9406 34.0016 35.9592 27.9417 24.9078 29.3155 29.3228 34.2807 32.8988 25.5871 24.9203 31.0091 29.1906 25.5078 14.2669 11.7493 5.57373 12.8957 7.23834 9.14458 13.2251 11.6027 14.9731 8.52361 13.3547 10.89 10.5841 15.6293 14.9441 7.46308 11.2249 11.3468 8.38553 8.38737 6.82008
29.8314 24.632 31.6466 24.9283 30.3727 27.5176 33.4577 24.3999 28.6409 32.5334 25.2709 33.4809 32.5371 33.4923 27.2495 28.9839 29.7947 29.9016 26.4005 27.1214 34.0637 28.5972 33.3388 29.028 33.2481 25.7549 29.4613 30.3298 34.508 35.8336 26.0157 31.9536 33.3281 21.801 15.7077 17.8416 15.1925 19.5841 12.0186 15.0148 19.5955 11.4865 18.2728 10.3415 15.1562 20.7919 12.1013 18.7351 11.4307 18.391 15.9707 16.9632 11.799 18.615 15.754 14.9546 17.6444 14.0527 13.3847 13.6612
27.5775 28.9718 27.5752 29.3232 31.7035 30.8729 29.1638 32.7857 26.6436 24.2644 35.502 26.0531 34.3644 25.582 33.0582 32.6418 29.5424 29.2725 24.3503 33.276 26.9535 29.9097 35.2971 35.5865 30.3158 26.756 30.8431 33.9344 33.9898 26.1846 29.5256 34.2197 34.2891 27.2976 27.793 35.7503 16.1076 21.1194 15.646 15.5946 22.5023 19.2579 25.7842 18.547 25.1551 14.9596 21.4245 17.983 23.3322 19.9017 17.3187 18.8441 17.0689 19.4845 22.5357 19.8984 22.3819 18.944 23.9595 22.6375
24.4135 33.0384 34.179 29.7543 28.5208 26.0061 26.9256 29.606 30.5064 27.4845 24.1799 32.9826 34.3225 24.235 27.6861 34.2586 27.9432 24.7275 28.6795 27.8411 33.5591 24.3702 29.4694 35.1745 28.0655 20.0581 13.8429 21.0595 15.6177 19.5039 14.8168 20.7911 18.7335 20.5498 12.7691 11.0887 12.7658 18.4809 9.25485 19.0449 19.7114 16.5269 9.53614 14.0963 13.1477 9.09695 14.2237 12.8183 14.4686 13.4481 10.0003 18.0119 12.4107 17.8074 18.4651 12.0534 20.6034 20.798 15.4598 13.9105
35.4855 25.5996 29.9137 30.1998 27.6538 28.6468 26.5819 32.9414 34.728 29.0474 34.7059 34.7643 28.8161 30.2714 25.784 25.0345 35.436 29.075 24.2666 24.6254 28.1624 26.218 28.7728 28.9663 28.8018 34.2917 26.2114 33.3634 32.9198 31.8912 34.5039 32.6862 24.3272 35.9809 31.3899 10.8316 20.2375 10.0512 14.8765 10.5698 19.6034 14.5442 10.6671 16.4702 19.0074 10.352 13.4726 12.1958 10.684 16.6201 20.4344 17.0688 18.7441 9.5992 11.1951 12.0023 10.0171 17.1489 14.8504 10.8903
31.0216 28.1397 26.7303 26.5702 29.5608 26.9657 28.0493 25.6731 33.7207 26.2746 30.4102 31.1009 24.0187 35.6589 25.2526 25.9319 28.6178 32.4225 33.6656 33.7453 35.1183 29.1635 25.477 31.947 35.4907 30.73 25.8203 24.6514 25.5284 31.3429 29.0048 31.8251 26.8908 28.194 31.4289 16.9348 8.06973 16.6039 14.7428 10.3421 8.15492 10.3953 17.6887 16.7905 14.1377 15.7608 6.7874 13.0624 16.6601 15.0205 9.89077 9.21618 11.5499 8.87687 18.2204 9.47691 10.3424 16.4302 11.8976 15.366
29.6254 25.5034 31.5978 31.4663 33.5488 28.2935 28.9244 30.6922 25.3301 26.8728 31.817 24.2666 31.387 31.6536 34.8491 29.2509 28.2719 35.7808 31.4722 32.3223 28.5084 29.8671 31.474 29.1525 24.1245 25.3763 15.9175 22.2307 18.264 24.582 18.6793 26.37 24.1538 25.9022 24.7998 17.2729 25.463 22.2961 26.8757 24.5111 25.7024 21.3556 25.9675 15.5065 24.2809 25.0252 21.75 16.837 15.0791 17.3331 26.7468 18.8795 21.3321 23.6915 22.3097 19.1361 15.2851 22.5278 20.6572 24.1289
27.4144 25.3973 26.46 31.9782 26.1251 27.4629 30.4888 34.9292 27.558 30.6863 27.5106 32.2694 32.8335 27.1294 24.9908 32.6095 25.387 32.6741 34.6068 33.5194 29.0122 28.7052 32.1156 29.1209 26.424 33.4519 33.6234 29.4565 35.0254 26.6069 34.4423 34.8473 28.8965 34.4386 32.0105 34.8157 27.7728 11.5493 20.219 19.6781 14.7151 14.3835 15.5557 9.57331 10.6357 16.6386 17.2361 19.6428 18.3168 15.3225 19.1063 11.4546 16.888 18.2691 11.5831 14.1176 20.2289 11.1314 9.98019 10.7201
35.899 26.6719 34.1911 35.827 25.1009 24.8564 25.8141 30.6301 34.2124 32.5874 31.0315 34.3038 24.5549 35.8704 30.6834 29.0577 28.6365 29.8553 32.037 32.9785 26.1183 26.1073 25.0956 22.7028 17.6979 16.2812 18.186 24.0163 24.5528 21.4517 15.8358 21.3107 20.8788 22.5592 21.694 25.8561 20.5325 21.542 25.7658 26.0184 20.8204 24.9586 18.9593 23.3458 16.0682 22.8361 21.9393 25.7221 19.6707 26.2986 21.8787 16.0021 15.2879 16.9459 17.5338 16.8464 16.546 15.9268 18.0843 17.4747
24.5383 24.2802 28.2814 27.1316 26.6623 32.11 32.81 30.4829 35.8586 25.3866 31.3007 25.4285 26.8658 30.8516 24.4781 25.6653 25.2959 30.2629 29.657 25.2948 25.0223 35.2641 26.1089 9.59991 12.675 16.5749 19.7601 13.3489 18.1374 7.99333 16.7511 16.3406 15.3491 9.47579 9.94326 16.609 12.3313 8.64478 19.4568 10.8356 10.349 9.7255 14.5746 18.9589 15.8224 17.3644 11.9145 13.762 12.4022 19.6283 19.6441 11.5238 15.4185 12.6699 13.1164 8.23496 12.0419 19.3096 12.9985 17.4599
34.3354 30.9375 31.9529 31.1457 24.5189 24.3933 27.6961 29.8744 26.7666 33.0887 31.3705 26.2327 26.3833 35.6614 32.6631 27.685 29.2769 31.7612 34.6501 24.9401 33.4339 26.8485 28.7144 26.5812 34.8249 34.0258 8.8228 12.6338 12.6937 6.27907 13.6444 16.6505 18.0782 7.97526 9.27375 9.20801 12.8791 12.7293 6.97605 17.8322 13.3297 6.32571 12.1314 11.8421 16.7155 10.4253 9.44524 14.3998 15.6964 11.0276 10.6075 15.1897 9.07618 17.9085 9.84551 15.013 13.9132 11.7426 11.6989 10.1521
