76.18404	21.722464
79.658134	31.396694
-55.15265	2.3525724
86.663826	33.125427
84.61008	27.839243
82.110214	19.463196
67.218735	37.690388
71.71378	22.921118
78.0191	26.383535
94.420784	2.2082415
72.35428	35.997746
89.03925	26.533474
68.28185	25.065084
90.2715	11.107715
76.6688	16.925093
85.58683	23.048521
64.73053	34.155605
65.379555	34.901577
88.25626	31.83692
77.53893	20.337408
80.991875	30.420486
82.799484	24.686657
93.49362	5.94703
75.1888	27.03748
88.26648	28.993797
96.83647	9.446585
86.822784	21.37835
86.62799	35.064022
87.1498	7.0768003
68.50745	22.30496
82.39694	25.760214
68.77824	31.392218
65.054054	15.865502
69.28749	33.21434
67.552086	36.822895
73.24781	29.529013
67.8464	21.603823
68.70252	20.274721
83.94225	20.734297
93.50898	2.91408
94.073944	4.2285547
93.75551	6.691153
94.909935	7.6613703
85.18416	34.275272
74.85764	24.814705
83.59783	23.580397
91.41771	-1.3685807
4.9271216	26.484703
65.146515	39.246975
69.25793	34.063835
77.50588	33.591118
83.99914	36.357895
93.94872	7.890825
69.825264	26.375599
94.27921	9.546043
91.711494	1.1846489
66.27987	39.615406
65.964645	16.412731
-53.418617	4.9312916
72.82332	34.097145
84.33625	27.74194
83.8665	34.4808
93.186005	13.788159
73.458534	29.974241
92.63358	8.110396
89.76702	10.594331
69.201096	33.895332
85.32887	25.791893
69.724075	22.417128
75.17603	24.181149
78.144135	34.720467
91.43363	3.3785522
81.5781	24.71786
92.30404	-0.88565326
86.83561	24.414349
80.39485	21.845041
64.97193	20.881609
79.37132	19.570187
95.65673	9.611405
75.95149	28.312483
96.09941	4.7011805
75.317604	32.426
77.32062	25.179426
77.91657	33.2558
76.209885	22.515863
66.42581	32.294
90.80184	1.2352039
87.686134	35.473537
89.82347	7.3450823
79.659775	29.058546
74.42513	28.86147
76.307045	20.14706
67.84515	21.517624
73.67629	22.351824
78.23465	31.857944
82.501945	18.885134
67.30862	37.292583
78.10434	23.173037
78.09752	26.67835
92.608505	-1.8277006
7.1505203	26.791664
63.48069	39.212
87.068634	35.19989
75.505585	18.856955
64.96073	20.96371
96.30746	8.193725
70.000755	21.29151
84.92988	24.98124
76.84079	29.572708
74.12664	19.77394
63.44115	39.209095
7.221723	26.720964
88.9265	30.75575
64.93886	23.433254
77.73532	17.572275
76.569885	31.73206
88.32348	35.71006
73.74222	28.018368
80.51793	28.223518
91.334496	5.21425
66.54909	25.988317
80.391525	24.39092
69.64719	37.183197
72.88334	26.953516
64.74613	24.634462
83.8423	30.377768
69.39751	23.768734
82.758644	21.315557
76.95455	18.744577
65.32418	36.559216
93.44722	8.317017
63.14706	36.776134
86.86649	27.700718
65.195595	25.873814
85.14491	30.071009
66.79096	35.288715
92.42125	-0.40089917
89.37311	10.605888
80.563515	28.153225
70.99216	25.277792
93.39534	11.426484
-53.51328	4.8379545
76.35874	25.350826
82.894585	34.3518
91.64243	7.5750895
66.30413	35.539406
83.6884	25.00915
93.87263	3.8338218
89.73077	30.763578
68.287575	23.119263
68.210556	24.81532
92.317085	7.114603
67.695114	39.024418
70.40267	21.71896
92.84701	14.699781
67.634514	26.712599
64.84047	26.774109
74.579834	25.920021
90.89656	-1.1291536
88.429184	30.728891
81.43604	21.222355
69.40013	26.030478
90.395874	-1.0812637
93.03972	10.814044
71.862236	30.463928
87.889015	2.690395
85.48644	22.263762
78.951584	19.796515
76.92539	30.705276
65.872894	37.146317
92.31412	6.0589
78.13926	20.94439
-67.276855	-42.0421
78.318726	31.849108
94.473854	6.7592187
81.69879	20.882284
82.193275	23.069098
67.53151	22.934486
93.60054	13.257564
35.403656	65.45886
73.39888	31.646107
77.379944	23.075642
71.278984	28.56526
72.96957	31.83733
92.32237	4.6268826
72.93866	32.844368
96.320404	11.091822
75.219864	31.294783
90.08955	26.276209
89.01774	30.296793
80.1488	24.28172
85.06302	30.716703
94.95822	8.398154
90.98962	7.5919356
85.64889	27.970066
75.40852	18.83838
-75.156204	51.255684
-59.69061	58.13411
-53.150738	36.022034
-53.233685	32.613567
-60.485676	45.228615
-54.55809	49.399284
-67.58626	48.560196
-65.958694	49.98689
-55.438343	49.958736
-61.12527	42.097675
-60.292515	59.211845
-55.512135	32.478367
-62.965984	46.603104
-50.53843	35.897926
-54.154846	66.142586
-51.168537	36.094006
-49.252274	34.637527
-67.91293	49.13879
-66.61561	47.077858
-52.61013	34.241604
-48.58554	73.75893
-57.60419	61.62545
-58.88118	39.49791
-77.07526	50.00742
-61.657574	47.999115
-67.256485	53.089134
-54.227013	56.815876
-62.274902	54.207893
-60.732143	59.738827
-57.36018	71.25468
-49.00958	65.932785
-55.525368	50.240814
-52.534885	63.513313
-50.591873	68.96959
-51.139282	70.666794
-70.6717	48.725506
-78.10936	52.164326
-64.41611	55.155453
-74.69347	52.763054
-77.35742	49.384117
-51.40408	65.66459
-45.916553	69.319145
-70.5033	48.226044
-49.017967	34.48595
-47.306225	65.56346
-54.321205	34.879185
-57.17815	71.25824
-65.03534	53.4224
-51.911663	67.527306
-50.77089	61.35008
-74.605774	54.385647
-58.610615	52.82139
-55.102036	53.677998
-57.708622	59.94695
-70.11252	46.57858
-75.88856	48.784977
-63.014057	50.352676
-54.84378	63.905037
-48.110046	68.9566
-61.267315	47.53655
-55.64705	59.91644
-51.08842	68.875114
-18.533962	73.88493
-48.144485	61.68002
-65.11816	50.517338
-47.030533	67.425606
-49.38998	72.22807
-55.601692	53.700855
-44.042313	65.830574
-64.12221	46.419586
-66.564186	49.785423
-54.274773	65.621346
-56.563538	61.97141
-69.49327	52.168793
-54.843468	63.01367
-51.61147	74.571144
-59.92749	58.192257
-58.251923	62.695415
-76.029144	50.506733
-57.41016	52.07707
-56.735596	48.351807
-55.320442	37.24259
-61.91483	43.252876
-52.83078	68.66424
-56.780663	47.991573
-63.238964	48.48315
-62.229683	54.11081
-64.74047	48.200127
-58.5234	39.106594
-72.9764	57.716698
-72.58601	57.330074
-54.603626	68.76415
-45.7553	60.54997
-52.57838	40.264774
-55.605015	67.614075
-76.38622	51.205578
-63.686935	47.586327
-76.12869	51.83003
-74.03097	52.45324
-71.692245	56.13296
-72.030685	52.53406
-51.030033	65.81277
-67.28205	53.237457
-75.70331	48.9764
-55.33339	60.0846
-59.973217	43.781715
-71.08749	57.18161
-74.496	50.49454
-47.41467	62.274708
-51.515152	74.90226
-54.29191	31.996233
-50.795902	59.99866
-60.313663	56.10563
-50.905743	73.21138
-60.199444	41.306988
-49.688797	60.811028
-54.789318	31.162895
-51.448093	74.561424
-55.859283	62.195408
-57.459354	36.44678
-46.59616	60.949642
-52.73231	39.36251
-72.09766	56.63765
5.9971457	23.775677
-52.736515	36.69431
-66.74078	55.199745
-56.535694	58.578014
-54.567677	33.8521
-46.614616	65.5831
-58.09633	65.034195
-59.469303	50.72727
-67.81379	47.020847
-54.608593	31.48123
-53.292	63.89806
-58.111988	54.802013
-50.653656	62.511
-62.4584	47.05033
-70.972946	55.207737
-27.8682	35.719677
-48.503094	59.740147
-63.913525	55.64007
-63.67286	43.186214
-46.79745	69.6779
-62.12184	43.344364
-55.351036	31.334818
-54.832577	36.53629
-56.13795	55.205387
-54.162647	53.792313
-62.866585	44.646614
-75.22814	51.999355
-48.755486	60.206955
-61.02075	42.176872
-54.126266	60.867397
-54.05142	51.911255
-48.384457	66.66972
-73.2718	55.581318
-60.553406	62.684853
-66.98825	45.817547
-59.574303	50.890488
-45.593315	67.844635
-60.229618	66.05433
-69.27229	47.164986
-68.67889	45.261078
-54.639027	69.19663
-69.58202	56.24141
-70.99456	54.495197
-55.642097	67.32624
-51.30124	63.316353
-57.18408	54.871807
-58.22461	63.31499
-48.50686	74.00664
-59.736988	66.45644
-50.663937	75.226
-57.352318	56.75102
-73.29721	52.767525
-57.894398	59.788013
-53.940765	31.331738
-57.365017	52.157063
-49.87498	66.067116
-49.73936	62.912018
-65.76491	47.437523
-63.57211	56.156673
-52.32116	75.5547
-54.132534	35.977123
-61.304512	44.79467
-78.09217	52.50893
-61.108456	51.498436
-48.851788	59.107376
-55.577568	71.05843
-57.67978	38.20804
-71.05426	58.288757
-56.222378	63.734158
-53.616158	0.389131
-14.872158	12.508042
-20.119837	-10.491544
-22.761255	-4.7352014
-10.27368	1.0101854
-41.96413	5.586902
-9.89261	1.9068933
-31.766306	-2.7749527
-30.849028	-7.7783003
-43.964973	1.5287788
-15.303516	2.666327
-39.076275	-4.3916187
-45.070255	-3.9109013
-48.8414	-4.5538983
-22.09112	-10.653037
-19.470533	12.566574
-19.684717	12.312297
-32.09331	13.830366
-50.01942	-2.2674828
-17.45438	10.927296
-22.939222	-9.756042
-33.161186	12.855234
-30.216412	-6.8601894
-23.525919	-3.7020457
-34.402344	-10.153784
-33.476784	-6.3669834
-27.95566	12.393528
-36.212257	-9.719579
-39.718204	-3.862882
-20.006975	-8.501385
-16.281044	11.117114
-10.775889	3.3996747
-37.85484	1.9793917
-23.022686	1.0171996
-16.380852	-2.45758
-26.08731	12.47132
-19.559692	8.162586
-13.71949	-1.9915985
-53.666866	0.5236375
-24.30622	11.30662
-11.975338	-5.2271857
-37.540615	3.8020954
-42.741043	-2.9873207
-24.308283	12.06499
-40.089855	-2.6733503
-39.846672	2.499976
-37.47579	-9.831865
-19.192041	8.978157
-29.831038	3.4529061
-19.865698	-4.1343737
-39.643417	-0.7661126
-45.161503	5.0949855
-19.91515	-10.96358
-37.363964	-7.1650743
-56.83874	-0.028821455
-16.126064	10.124308
-35.566296	8.391092
-22.27577	8.994046
-42.132557	0.20248221
-27.409952	10.931007
-10.91967	2.6353421
-47.931416	2.1417842
-18.980213	-8.245282
-33.393772	-8.089994
-45.669376	1.5808799
-9.888427	2.0521526
-22.024864	1.0478777
-23.55992	-10.604667
-20.630377	7.515958
-14.33907	-3.2681074
-15.262791	-3.9115522
-27.559998	3.5358748
-34.548706	-10.167977
-25.92341	-9.231076
-32.09841	13.143057
-32.597946	-8.894214
-23.291298	-11.90265
-49.163776	-4.3709726
-27.905838	3.32934
-42.139294	-3.0087538
-12.916562	2.2399027
-50.606308	-1.9845283
-38.82335	-0.9887178
-48.7271	-2.189796
-36.073208	-1.3792784
-49.556557	-3.1557555
-37.721325	-10.10491
-27.517107	-6.859021
-21.056105	-10.079903
-11.089041	2.3178685
-23.18511	-4.348122
-34.1866	-8.155535
-38.44127	5.9721975
-13.942481	-2.9985297
-20.122942	7.6359773
-22.612207	-8.800345
-15.466712	-4.9824204
-44.76618	-1.8288813
-38.618935	-7.888852
-19.31853	9.884843
-12.294105	1.7076516
-43.973824	1.4798449
-16.66332	-6.234272
-15.995234	-5.484748
-20.900417	0.8404625
-15.076154	12.175243
-15.520211	-4.8246756
-25.99726	-9.622762
-22.203444	8.915495
-33.55259	2.9568884
-47.967495	0.53265357
-23.615284	-6.7869906
-25.586231	-6.6822667
-14.365295	12.647868
-19.03466	13.596843
-45.955307	0.64343566
-31.05089	-8.028218
-10.625836	0.678327
-21.89433	-10.019478
-25.514416	-6.90899
-42.37001	5.345533
-16.538492	-2.620491
-47.62884	-2.8700497
-23.014423	1.4996482
-21.905493	-3.257622
-18.729652	10.807605
-27.412819	-8.31112
-27.943138	-8.310083
-37.911137	0.10413569
-29.933443	-5.8501863
-31.305897	-9.290565
-48.1159	0.50197494
-26.943481	-10.947113
-9.075055	3.3362427
-12.022448	-4.8915434
-15.0574045	-6.1200514
-20.314638	12.165307
-19.969936	-4.1825347
-40.499485	3.843218
-24.756548	6.838389
-45.41354	0.6480586
-25.704088	11.824727
-34.441147	-8.327927
-37.262	-6.9035015
-40.36866	-4.293072
-36.3828	-6.4017434
-44.90057	-1.9566208
-12.505817	3.0960822
-16.155727	11.2370405
-22.050484	-11.527909
-30.40333	13.855316
26.08259	-14.967345
22.282534	-16.42397
22.411966	10.205795
22.229784	-15.913042
15.983605	-23.169159
24.437483	-30.300392
28.407038	-26.484297
13.868261	2.5236914
20.061247	-6.799796
10.249356	0.09274501
20.231024	-17.265856
15.606285	-18.369972
20.678669	-30.869217
17.721315	-17.727089
19.91249	-31.25556
15.897848	0.111840926
21.951923	8.728271
18.452847	-12.224703
17.462147	26.957035
17.417734	-1.5499002
5.402449	-5.332298
21.960512	0.4542454
28.951084	-12.343595
16.428238	-5.8976297
5.8740225	-6.0196185
22.73621	8.489636
16.61134	6.8518467
18.533325	-15.218063
22.322376	-31.620848
14.1988945	-6.509789
23.900757	9.657085
17.150864	-18.719673
27.289255	1.7952495
10.131472	-7.193442
18.442604	-3.641487
13.288502	-1.640044
22.726957	2.6673362
27.221085	-29.102013
31.095682	-0.50593674
7.2779884	-0.103976116
26.622757	-17.385757
28.504478	-16.903786
13.2785425	-2.7906315
20.200956	-20.562271
8.577637	-6.4425063
29.440502	-15.839533
54.370747	4.494644
19.472992	-18.51535
22.47583	6.9571686
22.406439	10.8134775
21.846664	-18.517094
19.353134	-5.460429
28.843102	-2.4393017
21.856804	-22.98479
22.978598	-18.5693
26.587418	-28.944033
24.206049	-12.001799
28.597874	-24.869574
14.487521	-12.406863
23.801584	5.547289
9.263994	-0.5540733
28.5652	-25.171133
21.166044	4.8214693
24.665125	-21.707794
31.322613	0.97137314
28.586334	-15.668926
30.62177	-17.842178
18.721487	-3.1568744
10.305619	-0.12437353
24.466482	-15.713292
5.9048667	-39.406723
14.139611	-0.7840222
32.399906	-0.58319736
23.623505	-22.833698
12.049843	0.38606453
22.70621	-11.309753
23.728746	10.117953
9.002495	-2.4423776
21.411144	-20.583204
8.385514	0.77823126
27.876583	-7.284943
15.030136	-11.786031
30.342934	-17.096466
11.504249	-2.0163662
-56.82843	0.1788166
29.234264	-1.7819052
29.01222	-0.5441893
18.01496	-6.600035
24.837582	-23.34231
23.785135	-10.930165
17.23472	-12.33041
17.08428	-13.18352
13.948711	-13.25994
20.520609	-15.486396
22.790934	-6.4209247
21.300314	9.129812
23.538616	-21.750898
15.29258	-16.010475
21.151005	1.7858391
22.060772	4.5434585
15.882899	-16.19431
16.377054	-8.237015
25.697111	-23.345564
16.712856	-16.45584
9.5488205	-6.68489
14.147268	0.62941736
26.25788	-3.2197704
28.192879	-19.737116
14.340881	-5.757397
24.967651	-19.089655
13.840512	-17.318867
19.102165	30.383053
16.42608	0.17287318
20.137983	8.832871
16.102629	28.91141
19.84268	-16.52116
29.11856	-12.297796
32.26203	0.052700017
17.09024	27.79536
20.317627	0.759163
10.032606	2.0779984
19.452698	-22.11
17.919779	-7.0886383
8.588014	1.0175533
20.839611	8.188066
21.18612	1.2357553
24.913296	-4.2576847
27.444315	-2.6565137
24.56066	7.9634037
20.920753	-9.261551
16.078808	-23.212154
22.517036	-11.135888
17.509682	-18.225405
10.398493	-7.368508
26.90392	-20.63369
32.506645	-0.5885024
21.604635	7.173726
17.760408	-5.318283
22.474504	-31.789516
10.217477	-2.9374754
23.55215	-3.8270588
13.95011	-11.7650175
16.796436	-3.9067888
21.598103	-22.94041
16.333973	28.695646
12.756441	-0.18279122
9.317574	-2.9346395
25.22104	-23.776361
12.602407	-3.423828
25.599403	-19.454937
25.41178	-10.1014805
22.162561	-14.5351095
5.83663	-5.989333
26.275942	33.71658
13.60067	-20.259047
26.274061	-20.773523
17.560707	-6.9505854
21.47773	-19.866234
27.820604	-6.7592406
22.440022	-26.546312
11.621304	-7.985879
24.221144	5.020848
19.828953	-13.56687
20.703577	-15.964741
23.567926	-20.299055
24.665478	-27.412836
25.06942	-4.470316
13.067941	-2.3420498
14.649694	-15.568594
27.331997	-15.080127
28.164917	-19.751125
14.879164	-0.35548514
25.985428	-23.374163
22.689636	-26.619324
16.187778	-13.565257
18.921753	4.6821055
26.003693	-27.458515
14.41637	1.6525667
25.767193	-28.226303
20.681578	-31.00591
51.694847	-17.540733
11.192164	2.1013439
17.946795	-2.7190938
17.446829	6.2388906
23.963928	-16.365877
17.79194	-12.309273
19.440819	5.324459
18.211475	5.78773
22.769299	-20.11572
21.38522	6.6445603
27.26617	-29.187864
21.91168	2.861042
28.893894	-2.15825
16.929205	4.8791695
19.92723	9.366038
24.910952	7.8875704
22.210844	-10.392365
25.73457	-3.3546214
