80 94 94 72 80 89 90 68 80 89 90 72 71 91 96 74 76 91 96 70 71 79 96 74 67 72 96 83 59 58 104 100 51 45 113 116
92 115 120 94 92 120 120 94 92 106 111 87 88 107 122 88 88 103 108 85 80 87 91 67 79 87 96 75 75 79 89 67 75 75 74 58
93 111 113 87 88 103 113 83 84 95 100 83 86 104 104 85 78 96 92 81 74 91 96 78 79 84 86 68 71 73 79 64 71 77 82 68
90 113 112 92 90 113 112 89 86 104 104 85 83 99 101 83 79 95 101 75 79 84 86 68 78 88 93 73 78 84 85 65 70 79 82 65
88 111 115 91 88 106 111 87 88 102 106 83 84 99 104 78 84 95 104 78 84 95 104 81 79 95 96 75 84 95 100 79 84 99 104 79
88 95 108 81 80 99 104 81 84 95 96 78 84 99 104 79 84 95 96 75 84 91 96 75 90 104 104 85 82 96 96 81 82 96 100 78
80 99 100 81 80 103 96 81 84 95 100 78 84 99 100 79 84 99 100 79 84 95 104 79 82 100 96 81 82 96 104 78 78 96 104 78
80 91 96 78 84 91 96 74 68 68 100 85 79 99 96 79 84 99 96 79 75 87 93 75 82 96 104 81 82 100 100 78 82 96 104 81
84 99 104 81 84 99 104 78 84 95 104 78 84 95 104 79 79 95 96 75 84 95 100 79 78 87 92 74 82 96 100 78 82 96 100 78
84 95 96 75 84 91 96 75 79 95 100 79 82 96 96 81 82 96 100 78 82 91 96 78 92 103 105 83 83 99 105 79 83 99 101 79
84 91 96 75 79 95 100 79 84 95 100 79 82 96 100 78 82 91 96 78 82 96 100 78 83 99 105 79 83 99 101 79 83 95 97 79
84 95 100 79 79 95 96 75 84 95 100 79 82 96 100 78 82 96 96 78 82 96 100 78 83 95 97 79 83 95 97 75 83 95 101 79
79 95 96 75 84 95 100 79 84 99 100 79 82 96 96 78 82 96 100 78 82 100 96 81 83 95 97 75 83 95 101 79 83 99 101 83
84 99 96 79 75 87 93 75 63 58 104 100 82 100 100 78 82 96 104 81 82 100 100 85 83 103 105 83 83 103 105 86 92 103 114 86
82 91 96 78 82 96 100 78 82 96 96 78 83 99 101 79 83 95 97 79 83 95 97 75 89 106 110 83 85 97 101 80 85 97 101 80
82 100 96 81 82 96 104 78 78 96 104 78 83 99 101 83 79 95 101 83 79 95 97 79 82 92 101 80 82 92 101 76 78 92 97 76
82 96 104 78 78 96 104 78 82 96 100 81 79 95 101 83 79 95 97 79 79 91 101 75 82 92 101 76 78 92 97 76 82 92 97 80
78 91 96 78 78 91 100 74 82 91 104 81 83 95 97 75 79 95 97 79 79 99 105 83 85 97 101 80 85 97 110 80 82 102 110 83
83 99 101 83 79 95 101 83 79 95 97 79 82 92 101 80 82 92 101 76 78 92 97 76 84 98 102 79 84 102 102 79 84 102 102 83
79 95 101 83 79 95 97 79 79 91 101 75 82 92 101 76 78 92 97 76 82 92 97 80 84 102 102 79 84 102 102 83 84 98 106 83
79 95 97 79 79 91 101 75 79 95 105 79 78 92 97 76 82 92 97 80 82 92 101 83 84 102 102 83 84 98 106 83 88 98 106 87
74 84 97 76 74 88 97 76 74 79 89 73 72 85 98 79 68 89 94 83 68 85 98 87 76 99 108 88 76 95 108 92 76 103 108 92
84 106 111 83 80 106 106 79 80 106 102 79 84 107 113 85 84 107 113 85 88 103 108 85 88 107 113 87 84 107 113 87 88 107 109 87
84 107 113 87 88 107 109 87 84 99 100 79 90 109 112 89 82 100 100 81 78 91 96 70 87 103 105 83 79 88 93 72 71 84 82 64
90 113 122 92 90 109 112 89 82 100 100 81 92 112 114 90 87 103 105 83 79 88 93 72 89 106 110 83 82 97 101 80 78 88 97 73
87 112 119 90 92 112 114 90 87 103 105 83 89 111 114 83 89 106 110 83 82 97 101 80 88 102 102 83 84 98 102 79 80 98 94 72
92 112 114 90 87 103 105 83 79 88 93 72 89 106 110 83 82 97 101 80 78 88 97 73 84 98 102 79 80 98 94 72 76 85 94 68
67 92 105 87 67 84 97 80 67 84 93 76 68 94 102 87 64 89 102 79 64 81 86 72 71 87 100 81 71 83 91 74 71 83 87 70
76 99 104 85 92 116 122 99 92 116 122 96 67 83 85 67 79 103 109 87 88 107 113 92 66 75 76 59 63 71 73 59 66 79 84 63
92 116 122 96 88 107 118 92 88 107 113 88 88 107 113 92 84 107 109 87 84 107 104 83 66 79 84 63 78 100 104 85 82 104 108 89
88 107 118 92 88 107 113 88 84 107 108 88 84 107 109 87 84 107 104 83 84 103 104 83 78 100 104 85 82 104 108 89 82 96 108 81
88 107 113 88 84 107 108 88 84 103 108 85 84 107 104 83 84 103 104 83 84 103 104 83 82 104 108 89 82 96 108 81 82 100 104 81
84 99 108 85 84 99 104 81 84 95 100 78 88 99 104 83 84 95 100 79 79 95 93 75 82 100 104 81 86 100 100 81 82 96 96 78
86 100 100 81 82 96 96 78 78 91 96 74 87 99 105 79 79 99 101 83 79 95 101 75 85 102 105 83 82 97 105 80 82 92 97 76
84 102 98 83 84 102 102 79 84 94 98 79 80 95 100 81 84 99 104 85 80 99 100 81 79 95 96 75 84 95 100 79 84 95 100 75
79 95 104 79 75 99 100 79 79 99 104 83 74 91 100 78 78 96 104 81 82 100 104 81 75 88 97 72 75 91 101 79 79 99 105 83
78 92 97 80 78 92 97 80 78 92 101 83 80 98 102 76 80 98 102 76 80 94 102 79 80 91 100 78 80 95 104 78 80 95 104 81
86 100 108 81 82 104 112 89 82 104 112 89 75 84 90 75 79 95 105 83 83 103 110 86 70 84 89 69 78 92 97 80 82 106 114 87
67 88 101 86 67 91 105 83 67 91 97 79 67 88 110 90 63 88 105 83 70 88 105 83 72 94 111 94 76 89 115 94 72 89 111 91
63 97 110 87 63 92 110 87 67 92 110 90 64 98 111 87 64 85 111 87 68 89 115 94 60 99 104 85 64 91 108 88 71 91 118 92
64 98 111 87 64 85 111 87 68 89 115 94 60 99 104 85 64 91 108 88 71 91 118 92 63 95 104 83 63 95 109 92 75 99 118 96
68 89 115 94 72 94 111 94 76 89 115 94 71 91 118 92 76 95 122 99 76 99 122 96 75 99 118 96 75 99 118 96 75 99 118 96
80 95 96 74 71 75 83 59 64 68 75 63 84 95 109 83 79 87 96 71 67 75 81 62 82 96 100 81 86 96 100 81 82 91 92 81
64 91 108 88 71 91 118 92 76 95 122 99 63 95 109 92 75 99 118 96 75 99 118 96 66 91 112 89 70 96 112 92 70 96 117 92
71 91 118 92 76 95 122 99 76 99 122 96 75 99 118 96 75 99 118 96 75 99 118 96 70 96 112 92 70 96 117 92 74 91 112 96
63 95 104 83 63 95 109 92 75 99 118 96 59 87 100 81 66 91 112 89 70 96 112 92 49 51 101 101 56 73 97 79 63 88 105 83
47 37 106 124 50 43 98 109 53 55 98 91 56 61 96 88 56 61 91 85 56 64 91 85 55 58 96 87 59 58 93 83 59 61 89 79
53 51 104 114 50 36 113 128 43 36 118 128 63 79 100 87 59 68 96 92 55 61 100 96 70 100 108 89 66 79 96 85 63 71 104 92
56 71 96 85 56 68 91 81 56 64 91 81 59 75 96 87 59 72 96 83 59 75 96 75 66 83 100 85 63 83 100 81 59 87 96 81
80 107 113 85 80 95 100 78 80 95 100 78 79 103 104 79 79 95 100 79 79 95 96 75 82 100 108 85 78 96 96 78 78 91 92 70
92 108 119 90 92 103 105 83 83 99 101 83 85 97 105 76 82 92 101 76 78 88 93 73 80 89 94 76 76 81 90 65 72 77 78 65
67 73 79 64 63 66 75 60 63 63 72 57 63 60 70 62 60 60 70 65 53 53 82 83 53 46 94 94 47 34 111 116 44 29 115 124
97 115 119 94 93 115 114 90 93 106 114 90 88 106 111 87 84 94 102 76 76 94 98 72 80 91 96 78 76 87 96 74 76 91 96 74
53 53 85 76 60 60 74 55 57 60 70 58 44 37 98 94 53 52 78 57 57 52 71 61 40 31 122 132 46 42 96 78 53 48 71 59
84 99 104 78 84 95 104 78 84 95 104 81 79 95 96 75 84 95 100 79 84 99 104 79 82 96 100 78 82 96 100 78 82 91 100 78
84 95 104 78 84 95 104 81 84 103 104 81 84 95 100 79 84 99 104 79 84 95 96 75 82 96 100 78 82 91 100 78 78 87 96 78
82 96 100 78 82 96 96 78 82 96 100 78 83 95 97 79 83 95 97 75 83 95 101 79 85 97 101 80 85 97 101 80 85 97 105 80
78 91 96 78 78 91 96 78 78 91 100 74 79 95 105 79 83 95 97 75 79 95 97 79 82 92 101 83 85 97 101 80 85 97 110 80
89 111 114 87 93 111 110 87 93 111 114 90 84 106 111 83 84 98 102 83 84 106 111 83 84 99 104 81 84 99 108 85 84 107 113 85
92 107 118 88 88 103 104 85 84 99 104 81 84 99 109 79 79 95 100 79 84 103 109 79 86 104 104 85 86 104 104 81 86 100 108 85
85 106 114 87 85 111 114 90 89 111 114 83 84 106 111 87 88 102 111 87 88 102 102 83 84 99 108 85 84 99 104 81 84 95 100 78
85 111 114 90 89 111 114 83 89 106 110 83 88 102 111 87 88 102 102 83 84 98 102 79 84 99 104 81 84 95 100 78 80 91 96 74
89 111 114 83 89 106 110 83 82 97 101 80 88 102 102 83 84 98 102 79 80 98 94 72 84 95 100 78 80 91 96 74 80 87 91 78
88 120 120 91 84 111 111 91 88 106 111 87 88 107 118 92 88 107 113 88 84 107 108 88 84 107 109 87 84 107 104 83 84 103 104 83
88 102 111 87 88 102 102 83 84 98 102 79 84 99 104 81 84 95 100 78 80 91 96 74 84 95 100 79 79 95 93 75 79 91 96 75
75 91 100 75 79 95 93 71 79 87 85 67 78 96 100 74 82 100 104 81 82 100 104 81 79 91 101 79 83 103 105 83 83 99 105 83
82 100 104 81 82 100 104 81 78 91 96 74 83 103 105 83 83 99 105 83 79 91 93 72 85 102 101 83 85 102 110 80 82 88 101 76
83 103 105 83 83 99 105 83 79 91 93 72 85 102 101 83 85 102 110 80 82 88 101 76 84 102 102 83 84 102 102 79 72 81 90 65
78 88 97 76 85 102 105 83 85 102 101 83 76 94 94 76 80 102 102 79 84 102 102 83 76 91 96 74 76 91 96 74 76 91 87 70
75 88 97 72 75 91 101 79 79 99 105 83 82 92 101 76 78 92 105 80 82 97 105 87 80 98 111 83 80 98 106 83 84 98 111 87
70 88 93 73 74 88 89 73 78 92 97 80 80 98 106 83 88 106 111 87 88 106 111 87 76 87 91 78 88 103 113 85 88 103 113 88
80 98 106 83 88 106 111 87 88 106 111 87 76 87 91 78 88 103 113 85 88 103 113 88 71 83 89 67 79 87 96 79 75 83 96 79
88 103 113 88 84 99 108 85 84 95 104 81 75 83 96 79 75 91 96 83 79 87 96 75 78 91 96 78 66 71 84 78 59 63 88 74
67 95 105 86 67 88 101 86 67 91 105 83 67 92 110 90 67 88 110 90 63 88 105 83 68 89 115 94 72 94 111 94 76 89 115 94
64 62 82 65 76 89 102 87 84 106 111 94 76 83 96 74 76 95 113 88 80 107 118 96 84 103 109 92 84 107 118 96 79 111 118 96
76 89 115 94 72 89 111 91 76 89 106 83 76 99 122 96 80 95 118 96 80 95 118 92 75 99 118 96 75 95 109 96 75 95 113 96
80 95 118 92 76 83 100 78 64 64 83 74 75 95 113 96 79 99 109 83 71 75 93 79 66 83 117 100 70 87 112 100 82 91 108 85
67 84 105 94 67 88 110 98 67 88 119 98 63 84 97 80 70 88 105 87 74 92 114 94 57 73 86 72 64 85 98 79 64 85 102 91
44 31 115 131 47 31 111 124 47 37 106 124 50 48 104 107 50 57 96 96 56 61 96 88 59 64 100 92 55 61 100 87 55 58 96 87
47 31 111 124 47 37 106 124 50 43 98 109 50 57 96 96 56 61 96 88 56 61 91 85 55 61 100 87 55 58 96 87 59 58 93 83
43 36 118 128 46 39 108 114 50 48 104 107 55 61 100 96 55 64 104 92 59 64 100 92 63 71 104 92 59 67 104 96 59 63 104 96
46 39 108 114 50 48 104 107 50 57 96 96 55 64 104 92 59 64 100 92 55 61 100 87 59 67 104 96 59 63 104 96 59 60 100 92
50 52 82 79 57 66 82 72 60 77 90 83 53 64 83 78 56 68 87 74 60 71 91 81 59 75 89 75 59 79 89 71 63 79 93 75
56 68 91 81 56 64 91 81 53 64 83 78 59 72 96 83 59 75 96 75 59 75 89 75 63 83 100 81 59 87 96 81 63 83 92 74
