79 103 104 79 79 95 100 79 79 95 96 75 82 100 108 85 78 96 96 78 78 91 92 70 79 95 101 79 83 95 93 75 83 91 97 72
75 87 93 71 75 83 85 71 71 75 85 67 86 100 112 85 82 96 100 81 78 83 84 70 83 103 105 83 87 103 105 83 79 88 97 72
82 92 93 73 78 88 93 73 78 84 93 69 80 85 90 68 72 85 94 72 72 81 94 72 68 68 100 88 56 54 108 103 56 54 104 92
84 102 102 83 80 98 98 79 84 98 106 83 84 99 104 81 80 95 91 74 76 87 96 70 79 91 93 71 71 79 77 62 75 83 85 67
84 95 100 78 80 99 100 74 80 95 100 74 79 99 100 75 84 91 100 75 84 95 100 79 78 96 100 81 82 96 96 78 82 91 100 74
88 107 109 87 88 103 113 87 88 103 109 87 90 109 108 85 82 96 100 78 70 79 84 66 75 84 90 68 67 73 79 60 63 66 72 60
86 104 108 85 86 100 108 81 86 104 108 85 83 95 101 79 75 91 93 72 75 84 93 72 67 79 78 62 63 71 78 58 67 71 78 58
92 108 114 90 92 103 110 86 92 99 101 83 82 92 97 76 78 88 89 73 70 84 82 65 60 69 67 54 60 66 67 57 64 69 71 57
89 111 114 94 89 111 110 90 85 97 105 80 80 98 102 76 76 85 90 68 64 77 78 61 68 71 75 59 60 57 60 45 53 54 53 38
84 95 100 85 80 95 100 74 64 64 104 96 84 99 100 79 84 95 96 79 71 83 93 79 82 96 104 81 82 96 100 81 82 91 92 78
86 104 108 89 82 96 104 78 82 96 104 81 83 99 101 75 79 91 97 75 83 91 97 79 78 92 93 80 78 92 101 76 82 92 101 80
52 45 110 109 67 70 101 83 79 95 97 75 70 79 97 80 78 92 97 76 82 102 105 76 68 77 82 61 68 81 90 68 76 85 94 76
50 40 105 115 53 46 110 111 60 63 97 94 64 69 94 79 68 77 86 65 68 77 78 61 68 75 75 59 64 68 75 56 64 71 75 56
76 89 98 76 80 89 94 79 80 89 98 79 80 103 96 81 84 95 100 78 84 95 100 78 84 99 100 79 84 95 104 79 79 95 96 79
80 89 94 79 80 89 98 79 84 94 98 76 84 95 100 78 84 95 100 78 80 91 96 81 84 95 104 79 79 95 96 79 79 91 93 75
80 89 94 76 72 81 94 76 57 49 115 113 80 91 96 78 84 91 96 74 68 68 100 85 79 99 96 79 84 99 96 79 75 87 93 75
88 115 120 94 88 111 115 91 88 106 111 87 84 99 104 81 84 99 104 78 84 95 104 78 84 95 104 79 79 95 96 75 84 95 100 79
76 87 96 74 76 91 96 74 80 95 100 81 84 95 100 79 79 95 96 75 84 95 100 79 82 96 100 78 82 96 96 78 82 96 100 78
76 91 96 74 80 95 100 81 80 99 100 81 79 95 96 75 84 95 100 79 84 99 100 79 82 96 96 78 82 96 100 78 82 100 96 81
84 95 100 78 84 95 100 78 80 91 96 81 84 95 104 79 79 95 96 79 79 91 93 75 78 96 104 78 82 96 100 81 78 91 96 78
92 112 118 92 88 107 108 88 84 99 104 81 79 99 96 79 79 95 100 79 84 95 104 79 74 87 92 74 82 91 96 78 78 87 92 74
53 48 71 59 56 51 71 59 60 54 75 63 51 45 85 71 51 45 74 62 55 51 74 62 43 29 117 133 49 40 96 89 52 46 80 63
84 95 100 79 79 95 96 79 79 99 96 79 78 91 100 74 82 91 104 81 82 96 104 81 79 95 97 79 79 99 105 83 83 103 105 83
56 53 84 63 56 49 84 70 52 43 104 100 56 48 79 64 59 54 82 72 59 48 90 90 53 49 78 73 50 49 89 87 47 37 105 115
49 40 96 89 52 46 80 63 52 46 76 66 46 32 105 113 49 45 82 72 52 42 79 72 50 37 101 104 47 40 93 94 50 40 82 80
47 37 119 133 53 43 114 119 53 56 101 97 60 69 102 87 68 73 78 65 64 73 74 54 68 71 79 59 64 71 75 56 64 71 75 59
53 53 74 65 53 53 74 69 57 53 78 65 57 55 82 68 53 46 90 83 44 37 94 98 53 45 96 96 46 36 100 107 43 31 108 117
63 54 100 92 48 37 100 104 48 37 104 104 70 79 92 70 74 87 96 78 63 56 104 100 71 77 79 64 75 81 86 72 71 81 93 83
93 111 114 87 89 106 110 87 85 97 105 80 80 106 106 79 80 106 102 79 80 98 98 76 84 107 113 85 88 103 108 85 84 99 104 78
70 84 89 76 74 79 97 94 53 43 105 115 72 81 86 72 76 85 98 79 68 66 106 98 68 79 83 67 71 83 96 74 71 87 96 81
80 106 102 79 80 98 98 76 80 94 94 72 88 103 108 85 84 99 104 78 76 87 91 74 88 107 109 87 84 99 100 79 79 91 93 71
72 85 90 76 72 81 86 72 72 85 86 72 71 95 104 81 76 91 100 81 76 91 96 81 75 99 104 87 75 103 109 87 75 95 104 83
88 103 108 85 84 99 104 78 76 87 91 74 88 107 109 87 84 99 100 79 79 91 93 71 82 100 100 81 78 91 96 70 74 83 88 66
46 32 108 122 52 43 92 92 66 67 80 59 59 63 90 75 67 70 86 64 67 77 86 60 74 88 85 73 74 84 85 73 70 84 93 65
76 91 100 81 76 99 104 81 80 99 104 78 75 87 96 79 79 99 100 79 79 95 100 79 63 67 66 55 63 67 73 59 70 83 88 70
84 95 100 79 79 95 93 75 79 91 96 75 86 100 100 81 82 96 96 78 78 91 96 74 87 99 105 79 79 99 101 83 79 95 101 75
79 95 93 71 79 87 85 67 71 79 81 62 82 100 104 81 82 100 104 81 78 91 96 74 83 103 105 83 83 99 105 83 79 91 93 72
71 83 93 71 71 79 93 71 71 79 85 67 74 83 96 74 66 71 73 59 63 63 66 52 79 91 97 79 71 81 86 64 63 66 62 57
75 84 93 75 79 91 101 79 83 103 105 83 78 88 97 76 85 102 105 83 85 102 101 83 76 94 94 76 80 102 102 79 84 102 102 83
85 102 101 83 85 102 110 80 82 88 101 76 84 102 102 83 84 102 102 79 72 81 90 65 76 91 87 70 71 79 87 70 68 75 87 67
80 95 100 81 84 99 104 85 80 99 100 81 79 95 96 75 84 95 100 79 84 95 100 75 82 87 96 78 82 96 100 78 82 96 104 78
79 95 96 75 84 95 100 79 84 95 100 75 82 87 96 78 82 96 100 78 82 96 104 78 71 88 93 72 79 99 101 79 83 103 105 83
74 91 100 78 78 96 104 81 82 100 104 81 75 88 97 72 75 91 101 79 79 99 105 83 82 92 101 76 78 92 105 80 82 97 105 87
80 95 104 78 80 95 104 81 84 99 104 85 79 91 96 75 79 95 100 79 84 103 104 87 74 87 96 70 78 91 100 78 86 91 96 81
53 57 75 63 56 68 87 63 64 79 87 67 51 58 81 75 55 68 89 71 63 87 89 71 56 63 88 78 59 71 88 78 63 87 92 78
59 57 82 68 59 60 86 75 59 60 93 79 67 75 101 87 70 84 101 87 82 92 105 90 84 106 111 91 92 115 120 102 97 115 125 102
60 56 78 69 60 60 93 80 63 63 97 90 64 69 98 87 72 81 102 87 80 94 111 91 80 99 108 88 84 107 118 96 84 112 118 96
76 89 90 68 64 73 71 54 60 66 74 61 84 103 108 88 71 75 83 59 60 68 71 59 88 116 123 100 84 99 104 79 71 91 93 71
78 83 100 78 82 96 104 85 82 91 96 78 79 91 101 83 83 91 101 83 87 95 97 79 78 92 97 87 78 97 101 83 82 102 105 87
78 92 97 87 78 97 101 83 82 102 105 87 76 85 98 79 80 94 102 83 88 106 106 87 76 83 91 78 80 95 100 81 88 103 108 88
76 85 98 79 80 94 102 83 88 106 106 87 76 83 91 78 80 95 100 81 88 103 108 88 75 83 96 79 88 95 109 87 93 103 113 92
76 87 91 78 88 103 113 85 88 103 113 88 71 83 89 67 79 87 96 79 75 83 96 79 86 104 108 89 90 104 108 85 78 91 96 78
67 83 89 71 71 79 81 67 67 72 81 62 70 83 92 70 78 91 92 78 82 100 108 85 87 99 110 86 87 112 114 90 96 108 119 94
67 99 110 86 67 95 105 86 67 88 101 86 63 92 110 87 67 92 110 90 67 88 110 90 64 85 111 87 68 89 115 94 72 94 111 94
67 88 110 90 63 88 105 83 70 88 105 83 72 94 111 94 76 89 115 94 72 89 111 91 76 95 122 99 76 99 122 96 80 95 118 96
84 98 106 79 72 81 82 65 64 73 78 65 80 95 96 74 71 75 83 59 64 68 75 63 84 95 109 83 79 87 96 71 67 75 81 62
76 95 122 99 76 99 122 96 80 95 118 96 75 99 118 96 75 99 118 96 75 95 109 96 70 96 117 92 74 91 112 96 70 87 112 100
80 95 118 96 80 95 118 92 76 83 100 78 75 95 109 96 75 95 113 96 79 99 109 83 70 87 112 100 66 83 117 100 70 87 112 100
63 95 109 92 75 99 118 96 75 99 118 96 66 91 112 89 70 96 112 92 70 96 117 92 56 73 97 79 63 88 105 83 67 84 105 94
75 99 118 96 75 99 118 96 75 99 118 96 70 96 112 92 70 96 117 92 74 91 112 96 63 88 105 83 67 84 105 94 67 88 110 98
79 99 109 83 71 75 93 79 51 51 81 79 70 87 112 100 82 91 108 85 63 63 88 78 79 91 119 98 79 99 110 86 71 77 86 75
70 96 112 92 70 96 117 92 74 91 112 96 63 88 105 83 67 84 105 94 67 88 110 98 50 63 97 90 63 84 97 80 70 88 105 87
70 87 112 100 82 91 108 85 63 63 88 78 79 91 119 98 79 99 110 86 71 77 86 75 70 88 114 97 74 88 110 94 78 84 93 80
63 84 97 80 70 88 105 87 74 92 114 94 57 73 86 72 64 85 98 79 64 85 102 91 60 64 91 81 60 75 96 78 64 68 104 88
59 68 96 92 55 61 100 96 55 64 104 92 66 79 96 85 63 71 104 92 59 67 104 96 67 88 105 86 63 73 97 86 59 70 105 94
78 97 114 97 70 92 110 83 60 75 101 83 88 111 120 94 76 89 102 76 64 77 94 76 84 112 122 96 71 83 96 85 64 79 96 81
57 67 93 83 53 60 93 80 47 49 82 83 60 73 90 83 53 62 86 83 50 52 82 83 64 79 100 85 56 71 96 85 56 68 91 81
60 73 90 83 53 62 86 83 50 52 82 83 64 79 100 85 56 71 96 85 56 68 91 81 63 79 100 87 59 75 96 87 59 72 96 83
50 52 78 83 50 52 82 79 57 66 82 72 56 64 91 81 53 64 83 78 56 68 87 74 59 75 96 75 59 75 89 75 59 79 89 71
57 66 82 72 60 77 90 83 60 66 102 91 56 68 87 74 60 71 91 81 60 64 104 99 59 79 89 71 63 79 93 75 63 68 109 92
76 94 102 76 76 94 102 76 76 94 102 76 80 95 100 78 80 95 100 78 80 91 100 78 79 95 100 79 79 95 96 75 79 95 100 75
67 79 81 62 71 79 85 62 71 75 81 67 66 79 88 66 70 79 88 66 66 71 88 70 63 73 97 83 59 60 110 98 49 45 119 116
82 104 108 85 82 100 108 85 78 96 96 78 79 99 105 83 79 95 101 79 83 95 93 75 82 102 101 80 78 102 105 80 78 97 101 80
70 83 88 70 70 83 84 66 66 79 84 63 75 88 93 72 67 81 86 64 63 77 86 72 67 75 93 80 57 63 97 90 53 49 110 108
78 88 93 73 78 84 93 69 74 84 89 69 72 85 94 72 72 81 94 72 64 69 102 83 56 54 108 103 56 54 104 92 53 45 113 114
80 98 102 76 84 94 98 76 80 94 94 72 80 99 100 74 84 95 100 78 80 99 100 74 84 99 100 75 79 99 100 75 84 91 100 75
82 100 100 81 82 100 96 78 78 96 100 81 83 99 101 79 83 95 101 79 79 91 105 79 89 106 101 80 74 75 97 83 53 49 114 108
88 102 111 83 76 77 102 83 53 40 115 116 84 95 100 85 80 95 100 74 64 64 104 96 84 99 100 79 84 95 96 79 71 83 93 79
76 85 90 68 64 77 78 61 60 69 67 54 60 57 60 45 53 54 53 38 53 54 53 34 55 51 50 29 55 54 57 37 59 54 63 42
84 95 96 79 71 83 93 79 55 51 113 108 82 96 100 81 82 91 92 78 78 83 96 74 83 91 101 79 79 95 93 75 79 95 93 75
63 67 69 59 59 63 66 55 59 63 73 59 63 60 72 60 59 63 75 64 63 63 72 57 50 43 97 101 44 37 101 108 53 53 85 76
84 98 106 83 88 98 106 79 84 98 98 79 84 103 104 81 84 95 96 78 80 87 91 74 84 95 96 75 71 83 85 67 71 79 85 67
76 87 91 78 80 91 96 78 84 91 96 74 79 95 96 79 79 99 96 79 84 99 96 79 82 91 104 81 82 96 104 81 82 100 100 78
84 95 104 79 79 95 96 79 79 91 93 75 78 96 104 78 82 96 100 81 78 91 96 78 79 95 97 79 79 91 101 75 79 95 105 79
79 95 96 75 84 95 100 79 84 99 104 79 82 96 100 78 82 96 100 78 82 91 100 78 79 95 97 75 83 95 97 75 75 84 93 72
82 96 96 78 82 96 100 78 82 100 96 81 83 95 97 75 83 95 101 79 83 99 101 83 85 97 101 80 85 97 105 80 82 92 101 80
78 96 104 78 82 96 100 81 78 91 96 78 79 95 97 79 79 91 101 75 79 95 105 79 78 92 97 76 82 92 97 80 82 92 101 83
95 109 117 89 90 113 112 92 90 109 108 89 87 99 105 83 83 95 97 79 75 84 90 68 82 88 97 73 78 84 89 69 67 71 74 55
93 111 114 90 93 111 114 87 89 106 110 87 84 106 111 83 80 106 106 79 80 106 102 79 84 107 113 85 84 107 113 85 88 103 108 85
80 94 98 76 76 85 90 76 72 81 90 76 80 91 100 78 80 91 100 78 80 91 96 78 79 95 100 79 79 99 109 83 79 103 109 87
72 94 86 72 76 94 98 76 76 98 98 76 76 99 104 81 80 99 104 78 76 95 96 78 79 99 100 79 79 95 100 79 75 91 96 75
79 103 109 87 88 107 113 92 84 107 109 87 63 71 73 59 66 79 84 63 78 100 104 85 67 73 79 57 63 77 82 60 71 84 90 72
82 102 105 83 82 97 105 83 82 97 101 83 76 94 102 79 84 98 102 83 84 98 102 83 68 83 87 70 80 91 91 81 84 95 100 78
84 98 102 83 84 98 102 83 84 102 98 83 80 91 91 81 84 95 100 78 80 95 100 81 75 87 89 71 79 91 93 75 79 95 96 75
80 98 98 83 84 98 102 83 80 98 106 83 76 91 100 78 80 95 100 78 80 99 104 81 71 87 85 71 75 95 96 79 79 95 104 79
84 95 100 79 84 95 100 75 79 87 93 75 82 96 100 78 82 96 104 78 82 91 96 78 79 99 101 79 83 103 105 83 83 91 101 79
80 98 102 76 80 98 102 76 80 94 102 79 80 91 100 78 80 95 104 78 80 95 104 81 75 87 89 75 79 91 96 75 79 95 100 79
75 84 90 68 63 66 68 49 56 54 65 49 74 92 97 80 70 79 82 65 60 63 74 55 84 102 111 87 80 94 102 83 76 89 90 68
60 69 86 76 60 66 98 83 64 69 98 87 64 75 91 78 71 87 100 81 80 99 108 88 75 99 109 83 75 107 113 92 75 103 113 96
75 87 89 75 79 91 96 75 84 103 109 83 82 91 96 78 78 91 96 78 82 104 112 85 87 95 97 79 83 99 105 86 87 112 114 94
88 103 113 85 88 103 113 88 84 99 108 85 79 87 96 79 75 83 96 79 75 91 96 83 90 104 108 85 78 91 96 78 66 71 84 78
63 71 73 59 63 75 76 59 66 75 76 63 75 88 90 72 79 95 101 79 83 99 101 83 85 102 110 87 89 106 110 87 89 106 110 87
64 66 78 65 64 66 82 65 64 62 82 65 76 87 100 81 84 95 100 85 76 83 96 74 84 103 113 92 88 103 109 92 84 103 109 92
64 66 82 65 64 62 82 65 76 89 102 87 84 95 100 85 76 83 96 74 76 95 113 88 88 103 109 92 84 103 109 92 84 107 118 96
64 85 111 87 68 89 115 94 72 94 111 94 64 91 108 88 71 91 118 92 76 95 122 99 63 95 109 92 75 99 118 96 75 99 118 96
76 99 122 96 80 95 118 96 80 95 118 92 75 99 118 96 75 95 109 96 75 95 113 96 74 91 112 96 70 87 112 100 66 83 117 100
66 91 112 89 70 96 112 92 70 96 117 92 56 73 97 79 63 88 105 83 67 84 105 94 47 37 114 122 50 63 97 90 63 84 97 80
71 95 119 94 67 88 105 86 63 73 97 86 78 97 114 97 70 92 110 83 60 75 101 83 88 111 120 94 76 89 102 76 64 77 94 76
63 73 97 86 59 70 105 94 63 66 101 90 60 75 101 83 60 75 101 83 60 75 97 80 64 77 94 76 60 77 94 76 57 81 90 76
59 70 105 94 63 66 101 90 59 66 97 86 60 75 101 83 60 75 97 80 57 71 97 80 60 77 94 76 57 81 90 76 60 85 94 79
59 66 97 86 59 63 90 83 59 63 86 83 57 71 97 80 60 71 93 80 57 67 93 83 60 85 94 79 60 81 90 83 60 73 90 83
