76 91 91 74 76 95 104 81 84 103 104 85 67 75 96 79 75 83 96 83 79 99 104 83 49 40 112 114 46 34 122 125 49 40 117 114
75 88 90 68 75 91 97 75 75 88 93 72 74 84 89 69 74 88 93 76 67 75 93 80 64 69 102 83 57 49 111 109 50 40 125 128
82 100 96 78 78 96 100 81 82 96 96 78 83 95 101 79 79 91 105 79 71 73 101 90 74 75 97 83 53 49 114 108 47 37 119 126
88 103 108 85 84 95 100 85 80 95 100 74 88 95 104 83 84 99 100 79 84 95 96 79 82 96 104 78 82 96 104 81 82 96 100 81
92 112 118 92 92 112 118 96 88 107 122 88 88 103 113 83 84 95 100 83 79 87 96 75 78 96 92 81 74 91 96 78 74 87 92 74
88 107 109 87 88 95 104 83 84 99 100 79 86 104 108 89 82 96 104 78 82 96 104 81 83 99 101 75 79 91 97 75 83 91 97 79
88 95 104 83 84 99 100 79 84 95 96 79 82 96 104 78 82 96 104 81 82 96 100 81 79 91 97 75 83 91 97 79 83 91 101 79
80 89 94 76 76 89 98 76 80 89 94 79 80 99 100 81 80 103 96 81 84 95 100 78 84 99 100 79 84 99 100 79 84 95 104 79
88 106 111 87 88 102 106 83 84 98 106 83 84 95 104 78 84 95 104 81 84 103 104 81 84 95 100 79 84 99 104 79 84 95 96 75
88 102 106 83 84 98 106 83 88 98 106 79 84 95 104 81 84 103 104 81 84 95 96 78 84 99 104 79 84 95 96 75 71 83 85 67
80 95 100 81 80 99 100 81 80 103 96 81 84 95 100 79 84 99 100 79 84 99 100 79 82 96 100 78 82 100 96 81 82 96 104 78
84 99 104 79 84 95 96 75 84 91 96 75 90 104 104 85 82 96 96 81 82 96 100 78 92 108 110 86 92 103 105 83 83 99 105 79
84 99 100 79 84 99 100 79 84 95 104 79 82 100 96 81 82 96 104 78 78 96 104 78 83 99 101 83 79 95 101 83 79 95 97 79
84 99 100 79 84 95 104 79 79 95 96 79 82 96 104 78 78 96 104 78 82 96 100 81 79 95 101 83 79 95 97 79 79 91 101 75
79 95 96 79 79 99 96 79 84 99 96 79 82 91 104 81 82 96 104 81 82 100 100 78 79 99 105 83 83 103 105 83 83 103 105 83
79 99 96 79 84 99 96 79 75 87 93 75 82 96 104 81 82 100 100 78 82 96 104 81 83 103 105 83 83 103 105 83 83 103 105 86
82 96 100 78 82 100 96 81 82 96 104 78 83 95 101 79 83 99 101 83 79 95 101 83 85 97 105 80 82 92 101 80 82 92 101 76
79 91 101 75 79 95 105 79 83 95 97 75 82 92 97 80 82 92 101 83 85 97 101 80 84 98 106 83 88 98 106 87 88 106 106 87
93 111 114 94 89 111 114 87 93 111 110 87 88 106 111 91 84 106 111 83 84 98 102 83 84 99 104 81 84 99 104 81 84 99 108 85
93 111 110 87 93 111 114 90 93 111 114 87 84 98 102 83 84 106 111 83 80 106 106 79 84 99 108 85 84 107 113 85 84 107 113 85
88 106 111 87 88 106 111 91 84 106 111 83 88 103 104 85 84 99 104 81 84 99 104 81 79 95 100 79 84 103 109 79 88 107 109 83
88 106 111 91 84 106 111 83 84 98 102 83 84 99 104 81 84 99 104 81 84 99 108 85 84 103 109 79 88 107 109 83 88 107 109 87
84 106 111 83 84 98 102 83 84 106 111 83 84 99 104 81 84 99 108 85 84 107 113 85 88 107 109 83 88 107 109 87 88 107 113 87
84 98 102 83 84 106 111 83 80 106 106 79 84 99 108 85 84 107 113 85 84 107 113 85 88 107 109 87 88 107 113 87 84 107 113 87
80 106 106 79 80 106 102 79 80 98 98 76 84 107 113 85 88 103 108 85 84 99 104 78 84 107 113 87 88 107 109 87 84 99 100 79
72 89 94 79 72 85 90 76 72 81 86 72 76 103 108 92 71 95 104 81 76 91 100 81 75 99 104 87 75 99 104 87 75 103 109 87
92 107 118 88 92 112 113 92 92 107 118 88 93 107 113 87 88 107 109 83 84 99 109 79 86 109 104 81 86 104 112 85 86 104 104 85
92 112 113 92 92 107 118 88 88 103 104 85 88 107 109 83 84 99 109 79 79 95 100 79 86 104 112 85 86 104 104 85 86 104 104 81
88 103 104 85 84 99 104 81 84 99 104 81 79 95 100 79 84 103 109 79 88 107 109 83 86 104 104 81 86 100 108 85 86 104 108 89
84 99 104 81 84 99 104 81 84 99 108 85 84 103 109 79 88 107 109 83 88 107 109 87 86 100 108 85 86 104 108 89 86 109 112 89
84 107 113 85 84 107 113 85 88 103 108 85 88 107 113 87 84 107 113 87 88 107 109 87 90 113 122 92 90 109 112 89 82 100 100 81
84 107 113 85 88 103 108 85 84 99 104 78 84 107 113 87 88 107 109 87 84 99 100 79 90 109 112 89 82 100 100 81 78 91 96 70
93 107 113 87 88 107 109 83 84 99 109 79 86 109 104 81 86 104 112 85 86 104 104 85 92 108 110 90 83 108 114 86 83 103 105 86
88 107 109 83 84 99 109 79 79 95 100 79 86 104 112 85 86 104 104 85 86 104 104 81 83 108 114 86 83 103 105 86 87 103 105 83
84 99 109 79 79 95 100 79 84 103 109 79 86 104 104 85 86 104 104 81 86 100 108 85 83 103 105 86 87 103 105 83 87 103 105 83
79 95 100 79 84 103 109 79 88 107 109 83 86 104 104 81 86 100 108 85 86 104 108 89 87 103 105 83 87 103 105 83 83 103 114 86
88 107 109 83 88 107 109 87 88 107 113 87 86 104 108 89 86 109 112 89 90 113 122 92 83 103 114 86 87 112 119 90 92 112 114 90
88 107 113 87 84 107 113 87 88 107 109 87 90 113 122 92 90 109 112 89 82 100 100 81 92 112 114 90 87 103 105 83 79 88 93 72
90 109 112 89 90 104 108 85 86 109 104 81 92 112 119 90 92 108 110 94 92 108 110 90 93 120 124 97 93 120 119 97 89 115 114 87
90 104 108 85 86 109 104 81 86 104 112 85 92 108 110 94 92 108 110 90 83 108 114 86 93 120 119 97 89 115 114 87 85 111 114 87
86 109 104 81 86 104 112 85 86 104 104 85 92 108 110 90 83 108 114 86 83 103 105 86 89 115 114 87 85 111 114 87 85 106 110 87
86 104 112 85 86 104 104 85 86 104 104 81 83 108 114 86 83 103 105 86 87 103 105 83 85 111 114 87 85 106 110 87 89 106 105 87
86 104 104 85 86 104 104 81 86 100 108 85 83 103 105 86 87 103 105 83 87 103 105 83 85 106 110 87 89 106 105 87 85 106 114 87
86 100 108 85 86 104 108 89 86 109 112 89 87 103 105 83 83 103 114 86 87 112 119 90 85 106 114 87 85 111 114 90 89 111 114 83
86 104 108 89 86 109 112 89 90 113 122 92 83 103 114 86 87 112 119 90 92 112 114 90 85 111 114 90 89 111 114 83 89 106 110 83
86 109 112 89 90 113 122 92 90 109 112 89 87 112 119 90 92 112 114 90 87 103 105 83 89 111 114 83 89 106 110 83 82 97 101 80
92 108 110 90 83 108 114 86 83 103 105 86 89 115 114 87 85 111 114 87 85 106 110 87 88 120 120 91 84 111 111 91 88 106 111 87
83 108 114 86 83 103 105 86 87 103 105 83 85 111 114 87 85 106 110 87 89 106 105 87 84 111 111 91 88 106 111 87 88 106 111 87
83 103 105 86 87 103 105 83 87 103 105 83 85 106 110 87 89 106 105 87 85 106 114 87 88 106 111 87 88 106 111 87 84 106 111 87
87 103 105 83 83 103 114 86 87 112 119 90 85 106 114 87 85 111 114 90 89 111 114 83 84 106 111 87 88 102 111 87 88 102 102 83
71 88 97 83 67 84 93 72 71 81 90 72 67 92 105 87 67 84 97 80 67 84 93 76 68 94 102 87 64 89 102 79 64 81 86 72
89 115 114 87 85 111 114 87 85 106 110 87 88 120 120 91 84 111 111 91 88 106 111 87 88 107 118 92 88 107 113 88 84 107 108 88
85 111 114 87 85 106 110 87 89 106 105 87 84 111 111 91 88 106 111 87 88 106 111 87 88 107 113 88 84 107 108 88 84 103 108 85
85 106 110 87 89 106 105 87 85 106 114 87 88 106 111 87 88 106 111 87 84 106 111 87 84 107 108 88 84 103 108 85 84 99 108 85
92 120 120 98 88 120 120 91 84 111 111 91 92 116 122 96 88 107 118 92 88 107 113 88 88 107 113 92 84 107 109 87 84 107 104 83
84 111 111 91 88 106 111 87 88 106 111 87 88 107 113 88 84 107 108 88 84 103 108 85 84 107 104 83 84 103 104 83 84 103 104 83
88 106 111 87 84 106 111 87 88 102 111 87 84 103 108 85 84 99 108 85 84 99 104 81 84 103 104 83 88 99 104 83 84 95 100 79
84 106 111 87 88 102 111 87 88 102 102 83 84 99 108 85 84 99 104 81 84 95 100 78 88 99 104 83 84 95 100 79 79 95 93 75
92 116 122 99 92 116 122 96 88 107 118 92 79 103 109 87 88 107 113 92 84 107 109 87 63 71 73 59 66 79 84 63 78 100 104 85
84 107 108 88 84 103 108 85 84 99 108 85 84 103 104 83 84 103 104 83 88 99 104 83 82 96 108 81 82 100 104 81 82 100 104 81
84 107 109 87 84 107 104 83 84 103 104 83 78 100 104 85 82 104 108 89 82 96 108 81 71 84 90 72 83 99 105 83 83 103 105 83
84 103 104 83 84 103 104 83 88 99 104 83 82 96 108 81 82 100 104 81 82 100 104 81 83 103 105 83 87 99 105 83 87 99 101 83
88 99 104 83 84 95 100 79 79 95 93 75 82 100 104 81 86 100 100 81 82 96 96 78 87 99 101 83 87 99 105 79 79 99 101 83
82 104 108 89 82 96 108 81 82 100 104 81 83 99 105 83 83 103 105 83 87 99 105 83 74 92 93 76 82 102 105 83 82 97 105 83
82 96 108 81 82 100 104 81 82 100 104 81 83 103 105 83 87 99 105 83 87 99 101 83 82 102 105 83 82 97 105 83 82 97 101 83
82 100 104 81 82 100 104 81 86 100 100 81 87 99 105 83 87 99 101 83 87 99 105 79 82 97 105 83 82 97 101 83 85 102 105 83
82 100 104 81 86 100 100 81 82 96 96 78 87 99 101 83 87 99 105 79 79 99 101 83 82 97 101 83 85 102 105 83 82 97 105 80
87 99 105 83 87 99 101 83 87 99 105 79 82 97 105 83 82 97 101 83 85 102 105 83 84 98 102 83 84 98 102 83 84 102 98 83
87 99 105 79 79 99 101 83 79 95 101 75 85 102 105 83 82 97 105 80 82 92 97 76 84 102 98 83 84 102 102 79 84 94 98 79
79 91 101 79 83 103 105 83 83 99 105 83 85 102 105 83 85 102 101 83 85 102 110 80 80 102 102 79 84 102 102 83 84 102 102 79
82 97 101 83 85 102 105 83 82 97 105 80 84 98 102 83 84 102 98 83 84 102 102 79 84 95 100 78 80 95 100 81 84 99 104 85
85 102 105 83 82 97 105 80 82 92 97 76 84 102 98 83 84 102 102 79 84 94 98 79 80 95 100 81 84 99 104 85 80 99 100 81
79 88 93 75 75 88 97 72 75 91 101 79 82 97 101 83 82 92 101 76 78 92 105 80 84 98 111 83 80 98 111 83 80 98 106 83
78 92 97 80 78 92 101 83 82 97 101 83 80 98 102 76 80 94 102 79 84 98 111 83 80 95 104 78 80 95 104 81 84 99 104 85
79 95 100 79 84 103 104 87 79 107 109 92 78 91 100 78 86 91 96 81 86 100 108 81 75 81 93 68 75 84 90 72 75 84 90 75
82 96 104 85 82 91 96 78 78 91 96 78 83 91 101 83 87 95 97 79 83 99 105 86 78 97 101 83 82 102 105 87 85 106 114 90
88 106 111 87 88 106 111 87 88 102 111 87 88 103 113 85 88 103 113 88 84 99 108 85 79 87 96 79 75 83 96 79 75 91 96 83
74 83 88 78 78 91 100 81 86 104 112 92 75 91 101 83 87 103 114 90 92 108 114 98 78 88 97 83 89 106 114 94 85 106 114 94
66 104 108 92 66 91 104 89 66 87 104 85 67 95 105 86 67 88 101 86 67 91 105 83 67 92 110 90 67 88 110 90 63 88 105 83
64 98 106 87 64 98 111 87 64 85 111 87 64 95 108 85 60 99 104 85 64 91 108 88 63 95 100 83 63 95 104 83 63 95 109 92
72 94 111 94 76 89 115 94 72 89 111 91 76 95 122 99 76 99 122 96 80 95 118 96 75 99 118 96 75 99 118 96 75 95 109 96
64 95 108 85 60 99 104 85 64 91 108 88 63 95 100 83 63 95 104 83 63 95 109 92 56 71 104 89 59 87 100 81 66 91 112 89
63 95 100 83 63 95 104 83 63 95 109 92 56 71 104 89 59 87 100 81 66 91 112 89 46 34 110 124 49 51 101 101 56 73 97 79
59 87 100 81 66 91 112 89 70 96 112 92 49 51 101 101 56 73 97 79 63 88 105 83 44 29 114 133 47 37 114 122 50 63 97 90
63 79 100 87 59 68 96 92 55 61 100 96 70 100 108 89 66 79 96 85 63 71 104 92 71 95 119 94 67 88 105 86 63 73 97 86
70 100 108 89 66 79 96 85 63 71 104 92 71 95 119 94 67 88 105 86 63 73 97 86 78 97 114 97 70 92 110 83 60 75 101 83
66 79 96 85 63 71 104 92 59 67 104 96 67 88 105 86 63 73 97 86 59 70 105 94 70 92 110 83 60 75 101 83 60 75 101 83
67 88 105 86 63 73 97 86 59 70 105 94 70 92 110 83 60 75 101 83 60 75 101 83 76 89 102 76 64 77 94 76 60 77 94 76
76 89 106 87 76 89 98 79 72 89 98 79 71 87 108 88 71 91 100 81 76 95 108 88 75 99 104 83 75 95 100 79 71 91 100 83
76 89 98 79 72 89 98 79 76 85 98 79 71 91 100 81 76 95 108 88 80 95 104 85 75 95 100 79 71 91 100 83 71 95 104 87
56 64 91 81 53 64 83 78 56 68 87 74 59 75 96 75 59 75 89 75 59 79 89 71 59 87 96 81 63 83 92 74 59 83 96 74
53 64 83 78 56 68 87 74 60 71 91 81 59 75 89 75 59 79 89 71 63 79 93 75 63 83 92 74 59 83 96 74 59 83 92 74
68 75 108 96 71 87 108 88 71 91 100 81 67 95 109 92 75 99 104 83 75 95 100 79 66 87 104 89 63 87 104 89 70 100 104 85
71 87 108 88 71 91 100 81 76 95 108 88 75 99 104 83 75 95 100 79 71 91 100 83 63 87 104 89 70 100 104 85 70 91 104 85
71 91 100 81 76 95 108 88 80 95 104 85 75 95 100 79 71 91 100 83 71 95 104 87 70 100 104 85 70 91 104 85 63 91 100 81
80 98 106 79 76 94 102 76 76 94 102 76 80 107 113 85 80 95 100 78 80 95 100 78 79 103 104 79 79 95 100 79 79 95 96 75
80 95 100 85 80 91 100 81 80 91 100 78 84 99 104 83 79 95 100 75 75 87 93 71 86 100 108 85 86 100 112 85 86 100 112 85
95 113 112 92 86 104 108 85 86 100 108 81 92 99 101 83 83 95 101 79 75 91 93 72 70 84 82 65 67 79 78 62 63 71 78 58
92 106 115 91 88 102 111 83 76 77 102 83 88 103 108 85 84 95 100 85 80 95 100 74 88 95 104 83 84 99 100 79 84 95 96 79
88 107 113 88 88 103 108 85 84 95 100 85 88 107 109 87 88 95 104 83 84 99 100 79 86 104 108 89 82 96 104 78 82 96 104 81
80 103 96 81 84 95 100 78 84 95 100 78 84 99 100 79 84 95 104 79 79 95 96 79 82 96 104 78 78 96 104 78 82 96 100 81
84 95 100 79 84 99 100 79 84 99 100 79 82 96 100 78 82 100 96 81 82 96 104 78 83 95 101 79 83 99 101 83 79 95 101 83
83 95 101 79 83 99 101 83 79 95 101 83 85 97 105 80 82 92 101 80 82 92 101 76 88 98 102 79 84 98 102 79 84 102 102 79
84 99 104 81 84 99 108 85 84 107 113 85 88 107 109 83 88 107 109 87 88 107 113 87 86 104 108 89 86 109 112 89 90 113 122 92
84 99 108 85 84 107 113 85 84 107 113 85 88 107 109 87 88 107 113 87 84 107 113 87 86 109 112 89 90 113 122 92 90 109 112 89
93 111 118 92 93 107 113 87 88 107 109 83 90 104 108 85 86 109 104 81 86 104 112 85 92 108 110 94 92 108 110 90 83 108 114 86
84 103 109 79 88 107 109 83 88 107 109 87 86 100 108 85 86 104 108 89 86 109 112 89 87 103 105 83 83 103 114 86 87 112 119 90
88 107 109 87 88 107 113 87 84 107 113 87 86 109 112 89 90 113 122 92 90 109 112 89 87 112 119 90 92 112 114 90 87 103 105 83
86 104 104 81 86 100 108 85 86 104 108 89 87 103 105 83 87 103 105 83 83 103 114 86 89 106 105 87 85 106 114 87 85 111 114 90
83 103 114 86 87 112 119 90 92 112 114 90 85 111 114 90 89 111 114 83 89 106 110 83 88 102 111 87 88 102 102 83 84 98 102 79
89 106 105 87 85 106 114 87 85 111 114 90 88 106 111 87 84 106 111 87 88 102 111 87 84 103 108 85 84 99 108 85 84 99 104 81
84 103 108 85 84 99 108 85 84 99 104 81 84 103 104 83 88 99 104 83 84 95 100 79 82 100 104 81 82 100 104 81 86 100 100 81
84 103 104 83 88 99 104 83 84 95 100 79 82 100 104 81 82 100 104 81 86 100 100 81 87 99 105 83 87 99 101 83 87 99 105 79
78 96 100 74 82 100 104 81 82 100 104 81 79 91 101 79 83 103 105 83 83 99 105 83 85 102 105 83 85 102 101 83 85 102 110 80
83 103 105 83 87 99 105 83 87 99 101 83 82 102 105 83 82 97 105 83 82 97 101 83 76 94 102 79 84 98 102 83 84 98 102 83
87 99 101 83 87 99 105 79 79 99 101 83 82 97 101 83 85 102 105 83 82 97 105 80 84 98 102 83 84 102 98 83 84 102 102 79
82 96 100 78 82 96 104 78 82 91 96 78 79 99 101 79 83 103 105 83 83 91 101 79 78 97 101 83 82 102 110 87 78 88 101 83
80 98 102 76 80 94 102 79 84 98 111 83 80 95 104 78 80 95 104 81 84 99 104 85 79 91 96 75 79 95 100 79 84 103 104 87
79 91 101 83 83 91 101 83 87 95 97 79 78 92 97 87 78 97 101 83 82 102 105 87 76 85 98 79 80 94 102 83 88 106 106 87
74 88 89 73 78 92 97 80 82 97 97 80 88 106 111 87 88 106 111 87 88 102 111 87 88 103 113 85 88 103 113 88 84 99 108 85
82 97 97 80 82 92 93 83 78 92 101 80 88 102 111 87 80 98 102 83 80 94 102 79 84 99 108 85 84 95 104 81 76 87 96 70
75 83 96 79 88 95 109 87 93 103 113 92 74 83 88 78 78 91 100 81 86 104 112 92 75 91 101 83 87 103 114 90 92 108 114 98
72 89 111 91 76 89 106 83 72 85 98 79 80 95 118 96 80 95 118 92 76 83 100 78 75 95 109 96 75 95 113 96 79 99 109 83
72 85 98 79 64 81 98 83 64 73 90 79 76 83 100 78 64 64 83 74 60 61 79 70 79 99 109 83 71 75 93 79 51 51 81 79
64 99 113 88 64 95 108 85 60 99 104 85 59 87 104 83 63 95 100 83 63 95 104 83 46 46 112 114 56 71 104 89 59 87 100 81
56 68 87 74 60 71 91 81 60 64 104 99 59 79 89 71 63 79 93 75 63 68 109 92 59 83 96 74 59 83 92 74 59 83 92 70
