0.46 -2.24 -0.01 0.68 1.01 2.45 2.31 0.52 1.4 3.52 2.97 1.87 5.68 6.38 4.48 4.96 0.66 1.91 0.88 0.45 -0.22
-1.8 0 0.69 1.16 1.68 2.34 2.54 2.06 3.74 3.56 3.88 5.12 3.81 4.15 1.78 2.24 0.15 1.43 0.92 0.95 -0.21
-0.78 -0.38 -0.35 -1 0.37 1.72 1.42 3.55 2.94 6.02 7.17 5.13 5.17 2.41 3.24 -0.41 -1.02 0.71 -0.1 0.13 0.41
-0.28 -0.11 -0.18 0.73 -0.74 1.32 0.43 -0.05 1.56 2.63 2.24 2.48 3.31 3.83 7.12 3.69 3.45 1.17 1.35 0.7 1.92
-0.38 -0.09 -0.17 0.32 0.27 1.34 1.93 -0.92 2.02 3.64 2.1 1.69 3.67 3.69 4.74 3.13 3.06 1.25 1.22 0.85 0.5
-0.79 2.45 0.7 0.2 0.54 0.61 0.88 3.22 1.53 4.12 6.56 4.69 3.91 5.31 2.53 -1.34 1.55 -0.73 -0.39 -0.34 -0.55
-0.42 0.37 -0.18 2.25 0.42 -0.16 1.24 2.76 4.3 4.47 6.78 5.78 2.99 4.35 3.88 1.18 -1.37 0.52 -0.72 -0.13 0.77
0.35 -0.29 -0.21 -2.05 -0.55 1.22 3.09 3.37 4.01 5.72 3.68 3.46 4.15 3.52 0.96 1.32 -0.4 -0.46 2.95 1.3 0.78
-0.73 0.33 -0.81 -0.26 -0.45 0.39 -0.7 0.76 2.02 1.37 2.2 2.85 4.67 5.25 6.76 5.24 3.61 1.99 -0.41 2.19 -0.57
-0.29 0.58 1.13 -0.92 2.32 0.41 -0.59 0.08 -0.85 1.17 2.7 3.6 4.11 4.38 4.87 2.44 3.26 2.66 2.28 1.23 0.61
-0.49 0.92 -1.58 -0.1 -1.81 2.28 0.41 -0.28 -0.94 1.45 2.14 3.08 4.49 5.6 6.41 2.35 3.73 3.46 -0.34 2.07 -1.53
1.42 1.35 -0.14 -1.02 0.66 -1.49 1.65 2.59 4.11 4.11 5.16 3.6 4.51 1.99 1.83 0.49 2.9 -0.9 0.76 -1.72 0.84
0.58 -0.24 0.24 -0.75 -1.41 1.07 1.78 3.54 1.97 3.02 2.46 2.12 3.56 2.78 4.16 5.3 2.85 3 1.63 1.79 -0.98
1.31 -0.25 2.02 -0.27 0.92 -0.82 -0.75 1.76 -1.13 1.29 1.93 3.09 4.78 5.07 5 2.97 4.8 3.7 3.3 1.29 -1.06
0.28 0.42 1.03 1.04 -0.31 1.58 -0.15 -0.18 0.85 2.16 0.9 0.71 3.43 6.82 5.3 4.9 3.87 2.13 1.83 1.05 -1.06
0.71 -0.85 -0.62 1.41 -1.15 -2.48 1.49 -0.51 0.15 2.16 2.79 1.69 6.05 4.44 5.76 3.84 2.82 2.47 0.91 0.63 -0.04
1.7 1.59 1.3 1.86 0.18 0.33 -0.27 0.34 0.49 2.19 1.84 2.64 5.72 5.6 6.19 3.76 3.4 0.13 1.87 0.12 -1.22
0.3 -1.42 0.37 0.62 1.34 1.39 2.81 1.78 4.81 5.26 6.14 3.56 2.86 2.84 1.52 -0.16 1.32 1.48 0.99 -0.15 0.73
0.25 -0.02 -0.98 0.01 -0.63 -0.97 0.32 0.84 -1.64 0.42 1.41 3.11 3.74 3.82 5.83 5 2.8 2.07 2.39 0.51 -2.22
-2.17 1.33 0.33 -0.5 1.01 1.07 1.06 2.59 1.13 3.5 3.72 3.24 4.86 2.07 3.05 1.5 2.08 2.45 -1.74 2.05 1.72
1.21 0.42 0.51 -0.88 -0.02 0.3 -0.17 1.08 0.69 2.5 2.51 2.74 4.5 5.38 8.72 4.34 4.05 2.22 0.54 -0.44 -1.01
-1.28 0.23 -1.18 0.83 1.96 2.63 2.98 2.45 3.05 4.53 5.99 3.5 4.2 2.86 3.52 0.76 1.56 1.37 0.02 -0.62 1.5
-0.69 -2.1 0.58 1.85 -1.32 0.63 0.53 0.48 -0.21 -0.17 1.75 3.47 5.7 6.93 5.49 4.63 4.46 1.94 4.32 1.34 0.52
0.39 -0.6 0.42 1.2 -1.95 -1.27 1.79 2.8 4.84 6.82 4.38 6.2 2.49 3.49 1.76 1.08 0.81 -0.58 -1 0.83 1.21
-1.32 -0.47 1.28 -0.08 -0.13 0.1 0.76 -1.91 0.77 1.24 3.1 2.9 3.41 4.96 3.83 4.75 4.09 2.89 1.57 2.22 0.71
-0.17 -1.75 -0.67 1.15 1.55 0.84 2.38 2.26 2.71 3.38 5.7 5.91 4.99 3.33 3.21 0.42 1 -0.04 0.05 -0.9 0.82
-0.26 0.32 0.07 0.86 1.09 -0.56 1.79 0.19 -0.67 0.84 2.51 3.56 3.99 3.09 5.16 4.5 4.98 2.42 1.51 0.26 -0.73
1.11 -0.59 0.5 1.34 1.29 0.83 1.14 3.54 2.48 1.57 2.38 4.35 6.75 2.72 3.15 2.25 2.77 3.31 0.73 0.01 0.07
-0.74 -0.26 1.25 -1.29 0.52 -0.26 -0.2 1.89 3.62 5.97 9.06 5.57 5.97 3.59 2.4 1.61 0.29 -0.55 -1.21 0.34 0.13
0.42 0.4 0.07 -1.03 -0.16 1.97 0.28 0.92 0.96 -0.55 1.01 3.71 4.91 4.15 4.98 3.62 4.9 2.25 3.41 2.35 -1.34
1.72 0.23 0.1 0.48 0.51 0.11 2.09 3.82 3.93 4.93 4.05 6.53 5.26 3.68 0.51 2.2 -0.46 0.7 0.6 -0.06 0.76
-0.33 0.32 -0.51 -0.85 -0.06 1.3 1.11 5.17 3.89 4.7 5.55 3.68 2.78 1.77 2.8 3.98 -0.73 -0.95 -0.05 -0.14 0.59
-1.03 -0.45 -0.34 2.08 -0.81 0.12 3.35 2.78 3.53 5.27 5.78 5.88 2.35 3.46 2.84 2.43 1.66 -0.39 0.03 0.6 -1.71
-1.8 0.76 -1.21 1.21 0.85 -0.43 0.65 2.94 4.78 4.45 7.09 3.36 3.08 2.61 2.33 2.05 -0.46 0.34 -2.02 1.67 0.77
-1.42 -0.39 1.67 0.09 -0.46 0.08 0.64 5.01 5.94 5.17 6.21 6.03 2.62 2.74 2.7 2.15 0.02 1.71 -0.23 3.09 -1.57
-0.86 -0.68 0.71 1.93 0.15 0.92 0.3 -0.83 -0.61 3.42 1.61 4.47 2.56 4.14 5.41 4.51 2.52 4.34 2.61 1.93 -0.3
0.5 0.68 0.36 -1.76 1.28 0.1 -0.17 0.77 -1.25 1.35 2.5 3.52 3.77 4.63 5.32 3.78 4.02 4.62 4.04 0.36 0.51
-1.26 0.21 0.91 1.04 0.94 2.15 2.31 3.96 3.96 5.78 5.14 2.25 4.45 2.43 1.79 -0.24 -1.03 -0.34 -0.82 1.92 -1.11
-0.88 -0.57 0.73 -0.96 -0.11 0.36 2.01 1.68 2.38 2.2 1.52 3.26 2.39 3.16 6.43 4.72 3.68 2.1 0.4 1.23 0.8
0.72 1.53 0 0.5 -0.31 0.41 2.53 1.75 1.07 1.79 2.55 3.29 3.23 5.6 5.18 3.38 3.39 1.82 2.7 2.28 0.18
0.92 -0.77 -1.21 0.56 -0.96 -1.26 1.05 -0.52 0.05 0.77 0.73 2.93 3.52 4.53 7.77 4.93 3.83 3.29 0.43 0.32 -1.28
0.07 -0.98 -0.89 -0.72 0.15 1.45 3.7 1.37 2.84 4.47 5.22 3.96 3.35 3.47 1.68 0.82 0.07 -0.47 1.83 -0.43 -0.68
0.55 -0.82 -1.8 1.89 -0.27 0.22 1 1.04 2.57 1.36 2.61 3.55 2.76 3.73 4.85 4.75 2.82 2.33 2.53 1.64 0.8
-0.02 1.25 0.21 1.55 -0.3 2.03 2.68 3.3 3.65 2.88 5.26 4.07 3.83 2.11 2.04 1.72 0.33 1.09 -0.37 -0.59 0.43
-1.12 0.62 -0.03 -0.59 0.28 1.17 0.05 0.57 1.35 1.6 3.88 2.41 3.02 6.54 5.33 5.26 4.13 3.77 1.27 1.25 -0.16
-0.49 0.48 0.16 -0.29 -0.33 0.69 4.03 2.35 4.54 6.29 6.03 7.3 2.38 3.03 2.98 0.47 -0.4 -1.35 0.32 -0.48 0.2
-1.52 0.05 0.35 0.48 -0.77 -1.77 2.06 -0.48 -0.18 0.5 2.61 2.02 4.02 5.15 5.84 3.94 4.69 1.56 1.3 0.63 0.56
-0.3 1.46 0.33 -1.94 0.35 0.11 0.1 -0.41 0.94 1.71 3.5 0.91 4.67 4.44 6.56 4.93 2.74 2.56 1.03 1.36 -0.5
0.69 -0.25 1.35 0.97 -0.22 1.66 0.99 -0.18 0.77 2.09 3.49 3.28 2.52 4.38 4.07 3.54 3.05 3.15 -0.1 0.2 1.04
-0.23 -0.61 1 0.14 -1.56 1.55 2.34 3.92 5.61 4.71 6.14 4.36 1.95 4.85 1.95 0.68 -0.64 -0.69 -0.27 -0.74 0.56
1.21 1.49 1.94 -0.92 -2.85 1.41 0.53 3.86 3.83 6.84 5.68 5.82 3.35 2.41 2.44 1.84 0.85 -0.4 1.01 -0.42 -1.34
1.22 -0.71 -0.44 -1.03 0.77 1.24 0.33 -0.65 1.97 -0.46 2.24 4.89 3.71 4.41 4.89 5.18 4.7 2.76 1.85 1.4 0.9
0.1 0.07 -0.21 -1.14 -1.23 1.49 0.16 -1.07 -1.36 -0.11 0.73 3.16 2.77 5.53 6.56 4.61 3.92 2.89 0.1 0.41 -2.56
0.32 -0.3 -1.28 -0.06 1.71 1.93 2.34 0.24 2.57 0.55 4.04 3.13 3.11 2.96 6.34 2.91 3.03 2.04 1.84 0.06 0.97
-0.69 0.42 -1.21 -0.31 0.29 0.17 1 4.13 2.17 5.3 6.61 5.6 4.03 2.86 3.44 2.52 1.61 0.7 -1.24 0.46 2.53
-0.24 0.61 1 -0.25 0.92 1.01 1.76 2.02 4.12 6.26 5.31 4.22 4.98 0.92 1.02 1.14 0.04 -1.2 1.18 0.44 0.81
-2.05 0.16 0.22 -1.62 0.87 1.98 3.94 3.54 3.85 5.59 7.82 4.12 3.6 3.71 4.57 1.07 1.23 0.32 0.26 -1.07 0.97
0.33 1.76 2.64 1.24 -0.82 0.24 -0.91 -0.47 0.63 1.4 2.62 1.06 4.15 5.21 5.62 3.18 3.55 4.32 1.25 0.07 0.37
1.9 -1.87 -0.39 -0.2 -0.22 0.27 1.9 2.11 4.09 5.96 7.14 4.03 2 3.38 2.32 1.39 -0.22 -1.03 1.39 2.24 1.49
-0.51 1.21 -1.09 0.83 0.36 0.97 1.58 3.24 4.22 3.18 5.67 5.08 2.95 3.58 1.56 2.15 0.48 0.07 -1.1 -0.92 -0.56
-0.17 -0.24 -0.81 -1.56 0.83 1.64 0.8 -1.27 -1.08 1.63 0.68 2.68 3.1 4.52 5.8 4.07 2.57 1.97 0.99 0.19 -0.12
0.91 0.13 -0.01 -0.66 -0.46 0.98 1.74 2.37 3.56 5.37 4.91 5.05 4.23 0.58 3.69 -0.34 -0.74 0.65 0.53 1.13 -0.16
1.44 0.36 -0.61 0.83 -0.62 1.94 3.33 2.45 3.67 4.36 4 5.54 1.18 3.34 2.35 2.67 1.92 1.49 -1.25 0.84 -0.19
0.83 -0.17 -0.02 -0.11 0.65 1.39 0.04 -0.18 0.14 1.55 3.15 2.64 3.22 3 6.23 2.88 4.72 1.85 1.67 2.02 0.79
0.86 -0.81 0.8 0.74 1.6 2.34 0.5 2.05 2.14 2.25 3.45 2.93 3.28 4.82 3.93 3.61 1.91 1.15 0.23 0.7 -1.13
-0.89 2.01 -0.28 -1.34 -0.44 -0.24 2.46 0.45 -0.18 1.2 0.39 4.3 4.77 5.64 7.19 5.28 4.88 3.1 2.87 0.2 0.75
1.78 2.86 -0.78 -1.09 0.39 -0.23 2.61 1.35 4.22 4.26 7.28 3.37 3.75 2.62 0.24 1.35 0.36 2.39 -0.33 2.49 0.35
-0.21 0.47 -0.65 -1.32 0.66 0.26 2 1.26 0.8 -0.06 0.68 3.4 6.09 4.92 6.34 5.47 3.53 3.59 1.84 1.59 0.36
0.06 0.68 0.27 0.14 1.14 1.64 0.69 2.87 2.9 0.91 4.42 2.95 4.48 4.5 8.04 4.1 2.81 3.49 0.66 -0.49 0.61
1.46 1.21 0.39 1.61 -0.17 -0.22 1.1 1.29 1.08 0.58 2.16 3.38 3.9 4.82 4.51 5.24 3.3 4.27 0.27 1.33 -0.87
-1.53 0.41 -0.54 -0.86 0.19 1.41 2.49 3.15 3.51 4.68 6.44 3.75 5.9 4.84 0.63 2.01 -1.17 1.17 1.2 -0.2 1.23
1.11 -1.33 0.93 0.87 0.93 -0.31 1.27 1.49 2.39 3.97 1.41 3.72 3.13 4.62 6.5 4.83 3.23 2.98 1.96 0.81 -0.06
-1.25 -0.01 -1.32 -0.24 1.17 2.11 0.7 0.81 1.8 5.45 5.25 6.51 3.16 2.6 1.15 -1.61 2.12 0.56 0.53 -0.79 0.32
0.35 -0.24 1.27 -1.16 0.84 1.42 1.91 3.99 1.32 5.21 6.82 4.45 3.57 2.69 1.74 0.36 -0.42 0.07 -0.8 -0.48 -0.5
1.36 0.41 0.4 -0.67 -0.65 1.77 2.96 2.5 2.39 5.4 4.27 4.9 3.55 4.24 3.29 0.66 -0.81 -0.93 2.15 -0.51 1.35
1.61 -0.07 -1.05 -2 1.8 -2.16 2.19 0.07 -1.18 1.34 1.14 3.86 3.94 4.01 5.74 3.34 4 3.43 1.66 -0.47 -0.11
-1.58 0.27 1.8 1.14 0.57 -1.02 0.77 0.48 2.93 1.23 4.56 3.17 3.03 3.67 5.27 3.26 2.28 2.29 2.16 2.25 0.03
-0.02 -0.87 0.25 0.32 0.76 0.99 2.82 3.01 3.34 3.49 6.67 6.46 4.63 3.21 2.97 2.3 1.66 -1.47 1.51 1.09 -3.22
-0.13 -0.72 -0.21 0.71 0.77 2.29 1.38 -1.16 0.66 3.5 2.51 5.15 5.78 3.9 7.16 4.84 3.93 2.29 -0.99 0.51 0.1
0.67 -0.27 0.88 1.34 0.57 1.04 1.55 0.91 -0.78 1.53 1.66 2.39 4.01 4.87 4.29 1.98 2.1 2.35 1.28 1.65 0.7
-1.84 0.53 -0.62 -2.62 0.45 0.67 1.24 5.26 5.53 4.09 6.11 4.48 4.83 3.2 4.3 2.64 -0.09 -1.31 1.47 1.32 -0.59
0.73 0.35 0.01 0.97 0.81 2.9 1.39 1.05 -0.09 1.14 0.93 3.61 3.93 5.46 5.99 6.44 3.76 2.38 2.84 1.21 -0.5
0.9 -0.01 1.48 -1.2 0.4 1.35 3 0.01 2.75 1.62 1.94 3.58 4.15 5.04 6.01 5.21 3.67 2.46 1.46 1.27 -0.95
-0.23 0.73 -1.23 1.27 -0.34 0.36 1.2 -0.95 -0.79 1.08 3.5 2.4 3.05 4.41 6.59 6.33 3.83 3.56 2.46 1.26 -0.25
0.36 0.19 1.01 1.14 0.96 -0.32 0.02 0.06 -0.5 0.49 3.7 2.81 4.72 4.16 4.11 5.88 3.89 1.39 3.03 0.82 -0.66
-1.05 -0.1 1.58 -1.02 2.58 -0.85 2.2 3.18 4.13 5.01 5.15 4.73 5.28 4.07 2 1.09 0.05 0.94 -0.22 -0.67 1.12
-0.61 -0.84 0.43 0.15 0.06 1.92 1.22 1 0.25 2.23 2.14 3.52 5.59 6.92 6 4.75 4.18 1.81 1.18 1.6 -0.68
-1.2 0.51 -0.41 0.66 0.92 -0.24 1.92 -0.31 0.76 0.88 2.49 2.6 4.54 5.68 4.27 5.84 4.24 2.09 1.99 2.11 -0.06
-2.15 -1.55 -0.59 0.65 -0.94 -0.14 1.16 -1.55 0.74 1.09 3.71 4.54 3.93 4.43 6.69 6.14 3.08 5.21 3.16 1.33 -0.29
0.57 0.4 -0.6 0.62 -0.02 0.13 3.38 3.97 2.54 5.4 3.91 3.68 5.14 3.99 1.84 2.99 0.92 -1.49 0.88 0.83 -2.22
-0.71 0.14 -0.58 -1.09 2.77 -1.53 -0.93 0.77 -0.39 0.76 2.61 2.29 3.54 6.85 6.1 5.03 1.96 2.48 1.92 0.37 -0.27
1.04 0.02 2.24 1.51 1.25 1.13 1.94 0.31 1.56 2.17 4.24 1.43 3.66 4.3 5.04 2.67 2.78 2.11 1.34 0.98 -1.63
-0.92 0.44 1.44 -0.03 -0.28 1.09 0.4 0.63 2.09 0 1.46 4.35 5.89 3.66 2.96 5.26 3.1 3.33 2.58 1.77 1.39
2.05 1.55 0.74 -0.13 -0.8 2.49 1.92 3.37 4.4 5.18 6.91 3.02 3.47 5.77 2.37 0.74 -0.94 0.04 1.39 -0.16 -2.48
-0.96 -0.49 -0.8 0.73 -0.56 -0.77 1.56 0.35 0.26 1.41 2.81 1.47 3.72 4.91 5.15 4.4 2.88 1.71 0.05 -0.42 -0.2
1.69 -0.28 0.06 1.11 0.6 -0.58 -0.21 -0.22 -0.91 1.53 2.99 1.66 2.36 5.25 4.68 7.09 3.51 1.8 5.28 0.76 1.18
-0.04 0.37 1.18 0.86 -1.07 0.78 3.1 3.09 3.8 4.79 6.81 4.68 4.69 1.88 2.66 0.13 -0.43 -0.6 0.39 1.97 -0.4
0.29 0.72 -0.07 0.09 1.01 0.76 1.9 1.63 4.71 4.5 6.96 5.65 3.84 2.12 3.39 1.87 1.09 -0.09 -0.88 -0.99 -0.52
1.74 -0.78 -0.29 1.35 -0.07 -1.06 0.03 -0.36 0.34 1.28 2.31 2.28 4.59 3.51 4.78 4.15 5.5 2.17 1.41 0.37 1.16
-0.3 0.25 0.33 0.03 2.42 0.76 -0.77 -0.2 0.7 1.84 2.28 3.94 3.1 4.05 4.59 3.3 1.79 3.74 0.55 0.77 -0.11
0.22 -0.5 -0.14 -1.12 1.04 1.28 -2.3 0.52 1.35 2.41 1.25 2.31 5.1 4.65 5.87 2.81 5.46 2.98 2.36 -0.02 -0.12
-0.76 0.06 0.04 -0.06 1.62 1.32 2.38 4.95 5.99 6.46 6.79 6.34 4.75 2.46 1.17 0.97 -0.5 -0.29 0.22 1.26 0.23
2.72 1.13 0.68 -0.53 0.43 -2.35 2.01 1.73 1.13 1.13 1.3 4.93 3.89 4.86 4.58 3.56 4.35 0.58 0.99 0.66 2.07
-0.28 -0.67 1.17 -1.02 -1.67 -0.3 2.6 2.17 2.7 6.08 6.7 4.81 2.49 1.12 1.84 2.43 0.61 -0.65 1.03 1.17 -0.6
-1.03 -0.51 0.05 0.8 -0.52 0.06 -0.09 -0.71 -0.15 -0.06 2.3 2.63 3.46 5.28 4.97 4.46 2.96 2.78 1.24 0.3 0.14
0.41 -0.96 0.14 0.61 0.63 1.12 1.37 2.57 2.93 5.5 5.46 4.98 3.66 1.98 2.45 1.48 -0.56 0.98 -0.87 1.51 -0.32
0.33 0.34 -0.09 -0.91 -0.74 0.62 1.59 3.33 4.52 3.81 5.45 5.23 2.92 3.25 1.67 1.69 -0.48 -1.57 1.36 1.17 0.34
-1.29 -3.1 -0.17 -1.32 -0.07 0.34 1.17 1.41 0.27 0.59 1.37 3.27 4.92 5.05 5.68 4.45 3.79 3.66 2.56 2.28 1.74
0.52 0.16 -0.4 1.51 1.14 0.55 0.08 0.7 1.51 1.46 1.98 2.51 3.19 5.46 5.2 6.42 3.97 2.51 2.84 1.75 -1.12
0.22 0.46 0.07 0.07 1.89 1.62 -1.05 2.86 2.02 0.87 3.8 2.06 3.53 4.5 4.92 5.02 2.11 1.37 0.58 0.08 -0.22
0.84 0.33 -1.64 1.97 1.66 -1.04 0.42 2.08 1.75 0.91 1.2 2.68 3.22 1.97 5.36 3.9 2.16 3.11 2.76 1.71 -1.45
0.04 0.75 0.08 0.21 -0.46 3.11 1.91 3.5 5.24 3.15 5.01 3.69 3 3.31 -0.82 1.46 0.43 -0.77 0.24 -1.51 0.65
1.24 -0.19 0.04 0.05 -0.29 -2.04 -0.05 0.62 -0.89 0.1 2.69 3.42 5.23 6.28 7.8 4.88 4.66 3.36 2.06 2.74 -0.93
1.86 1.5 0.42 1.3 0.92 0.68 2.04 3.25 2.89 3.77 3.9 3.16 3.93 3.47 2.92 0.1 1.81 0.61 -0.68 1.46 -0.66
0.25 -0.99 0.22 0.98 0.27 2.48 1.92 1.9 3.44 6.1 6.48 6.89 2.1 3.77 3.27 1.99 -0.51 0.53 -0.01 -0.92 1.09
0.91 -0.29 0.35 1 -0.19 0.92 2.07 1.08 3.05 2.54 6.43 5.73 4.08 3.73 1.53 1.34 -0.66 -1.64 0.01 -0.79 -0.71
0.29 0.27 -0.16 -0.46 -1.24 1.4 1.26 0.87 -1.75 0.49 3.42 3.85 2.38 4.6 7.39 5.07 5.13 3.26 1.14 1.02 -2.08
0.91 -0.5 1.04 -1.26 0.73 1.98 0.27 0.45 1.27 2.18 0.81 4.21 3.22 4.53 5.47 4.4 2.53 0.4 0.06 1.17 -0.72
-0.33 -0.09 0.16 -1.03 -0.03 1.35 1.73 0.21 0.35 2.42 2.29 2.28 2.81 4.75 5.03 3.74 3.16 1.97 1.46 0.14 -1.06
-0.42 0.45 -0.6 1.53 1.25 1.28 -0.53 -0.05 1.63 2.74 2.11 3.44 6.16 4.55 2.29 6.02 3.78 3.12 4.17 2.14 0.55
1.31 0.11 0.21 1.78 0.26 1.52 -0.16 4.1 3.83 4.61 7.09 4.29 3.24 1.8 3.91 1.22 0.73 0.19 -0.63 -0.59 1.74
-0.03 1.51 1.33 -0.08 -1.2 0.91 2.16 3.48 4.21 4.4 6.02 5.73 4.52 4.24 0.63 -0.7 -0.9 -0.06 0.15 -0.89 1.09
0.39 1.54 0.56 1.62 0.35 0.96 1.25 2.34 2.23 0.94 3.2 2.1 3.74 3.91 5.5 2.52 1.55 1.88 2.2 0.58 -1.92
-1.85 -1.65 0.15 -0.81 -1.24 1.83 0.52 0.21 0.5 1.7 0.93 3.28 2.98 2.83 5.91 6.34 4.07 4.24 2.15 2.44 -0.16
-1.47 0.61 0.52 0.99 0.37 1.96 2.47 0.54 1.68 4.25 4.52 2.96 3.14 3.89 1.1 2.42 2.01 0.78 -0.33 0.35 -0.7
0.25 0.92 0.18 -0.54 -0.12 0.32 1.79 -0.03 0.95 1.72 2.88 2.38 3.72 4.58 5.94 6.31 3.49 2.1 2.61 2.66 0.72
-0.77 -0.44 -0.92 1.06 0.44 -0.2 1.36 1.46 0.23 1.99 3.43 2.85 4.4 3.26 4.69 5.56 2 2.83 0.01 4.28 -0.06
-2.81 -0.43 1.16 1.68 0.21 -0.49 0.46 0.88 1.05 0.64 3.9 4.34 2.14 4.69 3.23 0.77 0.63 2.42 0.7 1.24 0.11
1.64 0.37 -0.21 1.23 1.69 0.24 2.25 0.1 0.83 3.29 3.27 3.36 3.17 6.46 4.91 5.08 2.78 1.19 1.09 -1.11 -0.41
-0.29 -0.79 -1.03 0.18 -0.94 1.28 2.75 2.9 2.75 4.26 4.23 4.4 4.67 2.57 1.17 2.11 -0.4 -1.72 0.6 0.88 0.13
-0.37 -1.05 0.05 -0.33 1.77 -0.49 1.3 -0.21 0.77 0.48 2.03 2.11 4.35 5.53 4.66 4.93 4.01 4.46 2.12 0.22 0.12
0.41 -0.65 -0.83 -0.67 0.38 1.84 1.07 1.1 4.1 6.2 6.17 4.3 4.55 2.67 0.56 0.03 0.87 0.28 0.17 -0.4 -0.95
-0.64 -0.49 0.41 -2.64 -0.83 -0.6 2.07 -0.14 1.92 1.11 3.63 1.6 2.72 4.11 6.82 4.08 2.71 2.71 1.44 1.76 0.87
-0.98 -0.34 0.67 0.5 1.39 0.2 3.1 1.28 3.52 1.72 4.97 5.05 3.99 2.84 2.92 1.75 -0.57 -0.48 -0.58 0.92 0.64
0.34 -2.33 1.46 -0.32 2.1 -0.77 0.23 -0.01 0.19 1.1 0.75 3.92 3.96 2.57 4.8 3.28 3.56 1.96 1.49 1.22 -0.6
-0.49 0.09 -0.86 1.6 2.26 -0.25 -1.93 -0.53 2.03 1.06 2.92 3.02 3.39 5.02 6.35 4.19 4.02 2.57 0.75 1.72 -0.08
-1.07 0.38 -0.04 0.83 0.07 1.18 -1.8 0.02 -0.1 2.55 1.24 3.36 4 4.4 5.58 6.61 1.79 3.24 1.79 2.6 1.52
-2.04 0.96 -0.24 1.01 0.44 -0.1 2.87 1.31 4.51 7.21 4.49 2.92 4.61 1.34 1.6 1.89 -0.38 1.31 0.16 -0.65 -0.25
2.26 0.25 2.39 -0.06 -1.16 1.43 2.43 3.08 5.01 3.53 4.92 5.6 3.67 2.87 1.79 1.57 -0.07 1.9 -0.22 -0.03 -0.43
-1.59 -0.45 1.61 -0.76 1.61 0.54 0.85 1.72 1.62 1.61 3.27 4 2.96 4.82 5.2 5.44 2.46 1.52 0.5 3.27 2.35
0.45 -1.79 0.12 -0.6 -0.79 1.19 3.23 1.62 5.43 5.53 7.14 3.6 4.72 4.39 2.33 1.25 0.34 -0.55 -0.68 0.63 2.17
-1.45 0.62 -2.01 -1.37 -1.01 1.22 2.6 2.81 3.95 6.31 5.9 5.8 4.68 1.62 2.42 1.53 -0.3 -1.41 -0.16 0.08 -2.26
-1.54 -2.91 -0.58 -0.38 0.02 0.06 1.18 1.31 0.2 4.01 2.56 2.4 6.34 3.99 7.17 3.79 2.63 4.1 2.64 2.08 -0.94
0.76 0.01 -0.39 -0.71 1.29 1.65 2.99 2.68 3.52 5.75 7.09 3.59 4.92 3.02 2.56 0.51 1.15 -2.12 0.66 -1.71 0.25
0.72 0.16 -1.22 1.15 1.14 2.88 -0.37 1.55 -0.96 0.94 3.43 3.77 4.69 6.46 6.04 4.6 3.39 2.97 2.48 2.09 -0.09
-1.01 -1.36 1.06 -0.35 -0.64 -0.4 -0.02 1 -0.39 -0.32 3.1 2.51 3.05 6 6.41 3.28 4.31 3.12 1.23 0.15 -0.42
-0.64 -0.87 1.51 -0.84 0.43 2.82 1.77 2.75 3.54 3.6 5.9 3.89 4.92 2.85 3.83 -0.02 2.21 -0.41 1.59 -1.82 2.1
0.77 -0.16 0.8 1.23 -0.58 1.14 1.63 1.51 1.27 1.23 1.71 3.75 2.26 4.37 4.56 4.45 2.83 2.58 2.1 0.88 -1.74
0.48 -0.1 0.42 -0.36 0.52 0.72 2.82 1.07 4.08 5 7.37 5.65 4.91 2.56 0.72 0.64 0.92 0.32 1.16 -0.99 -2.24
-1.46 -0.89 1.13 -0.61 -1.21 2.18 1.47 1.51 2.38 3.47 6.88 5.54 2.6 2.83 0.36 1.55 0.48 0.97 0.67 -0.93 1.66
