-0.75 1.1 -1.9 1.43 0.47 0.4 0.86 3.51 2.62 4.5 6.83 6.94 0.75 3.23 1.08 -0.25 0.73 -0.41 -1.5 0.46 1.47
-0.95 -1.28 0.68 -0.31 -1.04 1.86 -0.13 0.16 -1.05 -0.24 1.47 2.3 4.23 4.7 7.4 6.18 3 3.84 2.33 1.28 0.08
1.66 -0.55 -0.4 -0.63 0.88 0.82 1.45 1.61 1.73 2.7 3.92 0.51 5.15 4.14 4.24 5.35 2.93 4.78 1.77 1.12 -0.94
-1.85 0.05 1.25 1.62 0.54 0.22 0.05 -0.19 0.32 3.64 1.91 3.03 2.77 5.21 4.89 3.3 5.68 3.59 0.98 1.46 -0.7
0.08 2.22 2.23 0.41 -0.21 2.27 0.78 0.11 3.39 0.57 -0.18 5 4.08 4.03 6.77 4.89 4.26 4.63 1.78 1.87 -0.1
0.96 0.28 1.14 0.87 -1.34 1.36 2.24 2.16 3.21 3.56 8.38 6.84 4.3 1.79 2.99 2.46 -1.25 0.62 -1.96 0.48 -0.28
0.61 -0.46 1.77 -0.14 -1.54 0.64 3.73 2.81 2.75 4.78 6.39 5.63 3.18 3.09 4.21 1.15 -0.2 1.4 -1.42 -1.89 -0.75
0.08 -0.27 0.38 1.11 1.29 1.05 0.11 0.77 2.61 2.65 2.33 3.81 2.56 4.45 4.82 3.3 3.18 3.33 0.73 0.17 -0.53
1.56 0.24 -1.22 0.09 -0.53 1.41 1.44 3.5 4.03 4.8 4.88 6.36 4.25 3.35 1.23 1.75 -0.16 0.91 -0.38 0.75 1.54
2.5 0.68 -0.2 0.02 2.07 -0.59 1.12 0.71 1.07 3.27 4.01 2.32 2.96 5.33 4.86 2.82 2.05 1.15 -0.31 0.66 1.96
0.14 0.65 -0.79 0.71 0.93 0.79 2.81 2.22 4.06 6.43 6.56 4.81 2.58 3.71 2.32 2.48 -1.76 2.34 0.23 0.09 -0.48
-0.53 0.56 2.06 -1.11 0.43 1.05 0.92 0.71 1.11 0.76 1.41 2.54 5.32 5.38 5.77 2.04 1.65 1.39 1.42 0.19 0.28
1.98 -0.58 0.06 2.05 1.95 -1.45 0.45 -0.65 2.08 0.52 2.84 3.31 4.14 4.54 5.95 5.14 3 1.5 3.67 -0.6 -0.27
0.44 -0.42 1.08 0.23 0.69 0.81 0.55 -0.36 0.87 0.45 3.48 3.7 3.83 4.68 6.35 3.51 3.29 2.73 1.41 -1.01 -0.59
0.12 0.74 -1.08 -0.03 -1.7 -1.74 0.85 1.36 -0.83 2.39 2.52 3.42 6.13 4.18 7.16 1.99 4.58 4.24 -0.21 0.24 0.43
-0.88 0.51 0.51 0.64 0.71 -1.33 -0.2 0.48 0.51 1.66 1.32 4.89 3.38 5.64 5.27 5.89 2.71 3.92 0.23 1.15 -0.09
0.89 -0.61 0.18 2.46 -0.43 1.13 1.35 3.04 4.48 4.17 5.15 4.53 4.62 4.37 2.27 1.75 1.11 -1.87 -0.37 1.67 0.59
3.31 0.29 1.6 -1.46 -1.16 1.06 -0.98 -0.87 3.22 3.17 3.21 2.53 5.38 2.65 4.88 4.89 2.67 1.46 0.79 -0.08 1.32
0.74 0.22 -1.22 0.53 0.99 1.46 3.03 2.42 3.59 6.1 5.94 4.1 3.84 2.98 0.99 0.88 1.37 0.97 0.07 -0.88 0.66
-0.33 -1.88 -1.13 1.78 1.25 0.78 -0.03 0.59 -0.74 1.73 0.94 3.07 3.32 4.85 4.37 4.07 3.71 3.32 2.52 -0.85 -0.54
-0.88 0.45 0.01 -1.89 3.25 -0.36 0.69 -0.47 1.26 0.98 2.28 3.07 3.46 4.77 4.3 4.72 3.19 1.65 0.88 0.86 -1.8
-0.11 2.26 0.23 -1.1 -2.4 1.97 2 3.45 3.65 4.96 5.88 4.77 1.84 2.69 1.56 1.28 -0.31 1.93 0.42 -0.04 -1.07
-0.95 0.49 1.01 -1.76 -0.54 0.37 1.15 -0.66 0.73 1.46 2.04 2.04 4.05 4.19 7.38 5.78 5.8 4.35 1.59 2.63 0.17
-1.03 0.82 1.02 -0.1 -0.91 1.73 0.92 1.6 -1.25 3.59 2.95 3.69 3.4 5.08 5.07 4.12 4.37 2.06 2.25 2.08 0.33
0.85 0.07 0.28 -1.99 -0.12 -0.31 0.95 1.35 2.71 0.36 2.8 3.92 3.83 4.09 5.55 4.5 3.24 4.19 3.3 1.6 -1.24
0.76 -0.86 1.93 0.3 0.46 2.19 -0.75 0.99 0.71 2.15 1.02 2.94 6.06 5.25 4.84 4.45 2.66 4.41 2.87 0.86 -1.2
0.25 -0.75 0.47 -0.35 1.38 0.25 0.95 1.19 0.67 0.26 3.47 2.76 4.16 4.61 5.35 4.89 2.97 3.79 1.96 -1.5 0.61
0.37 2 1.04 0.65 1.12 1.24 0.99 0.05 0.43 0.89 3.87 3.54 2.43 4.29 5.65 5.83 2.22 1.7 1.21 2.78 -0.83
0.72 -1.23 0.01 -1.14 -1.49 -1.55 3.71 4.11 4.65 5.85 6.1 4.5 3.74 3.05 2.11 1.73 0.48 -0.41 -1.11 -0.66 1.69
-1.15 1.39 2.78 -0.17 -0.7 -0.38 0.98 -0.27 1.07 2.34 2.7 2.93 4.58 4.17 5.93 5.63 3.74 3.26 2.15 1.69 -1.59
-0.56 1.96 1.78 0.6 1.18 -0.33 0.09 3.07 1.92 2.76 2.07 3.02 3.76 2.84 5.7 3.88 3.43 2.08 0.73 0.35 0.91
-0.13 -1.82 0.57 0.51 -0.12 2.69 2.98 1.05 4.9 4.55 4.87 5.87 4.2 3.85 3.84 2.18 0.96 0.89 1.03 0.71 -2.72
-0.98 1.05 -1.22 2.34 -1.89 1.2 -0.62 0.41 -0.58 -1.24 0.75 3.35 4.19 5.91 6.12 5.02 3.93 3.87 0.58 0.47 -0.63
0.71 0.23 -1.21 0.97 1.29 0.96 3.21 1.77 4.7 5.45 5.69 5.3 4.63 4.64 2.64 1.45 -2.88 0.24 0.52 1.01 -1.5
-0.44 0.89 1.12 0.18 2.17 -0.33 -0.75 -0.37 -1.01 2.64 2.08 2.52 4.32 5.49 5.44 5.09 3.74 3.02 1.94 -1.39 -1.96
0.49 1.79 0.13 0.05 0.82 2.14 2.4 3.1 4.62 3.91 4.88 4 3.35 5.86 2.13 1.23 1.14 -0.54 0.95 0.06 0.73
0.26 1.2 0.27 1.74 -0.87 0.86 0.67 1.86 -0.6 1.4 2.83 2.19 5.45 5.45 5.61 3.82 3.73 4.09 1.99 -0.16 0.05
-0.35 -1.48 1.05 -1.28 0.25 1.59 0.8 3.45 3.74 4.44 5.45 4.05 3.59 3.09 2.16 0.97 0.15 1.74 0.25 0.07 0.87
0.9 -0.38 -0.68 -1.56 1.03 -0.26 0.97 -1.09 0.98 0.46 3.34 3.82 3.78 6.31 5.27 5.11 2.33 4.04 2.07 2.13 -0.15
2.5 0.46 0.63 -0.98 -0.73 3.69 2.94 3.04 1.57 4.09 5.52 5.02 6.06 2.72 2.31 0.42 -0.36 0.31 -0.3 -0.7 1.01
-0.46 0.39 -0.84 -0.82 0.08 -0.03 0.61 -0.5 1.07 1.51 0.94 2.12 6.32 5 4.64 5.51 3.11 2.82 1.14 1.85 0.78
1.75 -0.3 -0.77 0.54 -0.04 0.72 3 2.19 4.11 4.22 5.34 2.78 5.34 2.56 3.07 0.52 1.02 0.2 0.91 0.3 1.76
-1 1.59 -0.79 1.62 -0.33 -0.26 1.08 1.55 0.11 0.55 4.66 3.36 3.51 6.92 3.69 4.02 3.45 2.38 0.13 1.55 2.36
0.93 -1.73 1.06 0.69 -0.12 3.32 0.78 2.17 2.57 4.26 2.83 2.35 4.36 2.22 3 3.01 2.43 2.54 1.73 -0.12 1.42
1.22 -0.8 1.28 0.8 0.35 0.82 4.75 2.34 3.39 4.17 3.61 2.61 5.55 4.92 2.41 2.69 -0.92 -0.14 1.72 0.47 2.23
0.16 -1.65 -0.55 1.54 -0.12 -2.49 -1.3 -1.51 0.69 2.39 2.59 2.15 4.21 4.63 6.21 3.97 4.16 2.87 3.15 3.83 -1.1
-1.16 0.56 0.36 -0.93 0.12 0.64 -0.73 0.55 0.1 0.96 1.82 2.56 3.16 6.98 6.74 4.98 4.55 1.27 2.12 1.63 -0.65
-0.84 -1.49 1.01 -2.73 -0.32 -0.83 2.95 0.36 3.45 3.35 2.46 3.3 4.35 2.37 2.89 0.71 1.59 3.24 0.06 1 1.11
-0.74 0.33 -0.79 0.29 0.09 0.36 -0.2 0.09 0.1 0.27 1.62 3.09 5.59 4.95 5.37 4.17 4.31 2.68 2.38 1.58 0.44
-0.54 0.17 1.43 -1.22 -0.74 -0.54 1.69 3.95 3.13 5.3 5.3 4.26 5.26 2.62 1.26 0.1 2.1 0.6 0.18 0.85 -1.82
-2.93 1.04 0.85 0.22 0.35 0.67 -0.22 1.32 0.69 2.24 2.24 4.56 3.51 3.28 7.12 2.33 2.39 2.26 2.9 -0.13 -1.06
0.27 -0.34 0.11 1.92 1.34 0.41 1.16 1.2 0.99 1.41 1.31 3.7 4.34 4.69 4.71 2.15 1.94 1.7 1.51 2.07 0.13
-0.63 0.14 1.54 0.37 -2.16 0.16 2.34 3.42 5.65 2.68 6.07 2.75 2.59 3.98 -0.23 0.7 0.87 0.24 0.23 1.23 0.39
1.7 -2.05 1.39 -0.95 0.28 1.24 1.43 2.26 4.91 3.42 5.89 5.27 3.17 2.46 2.43 0.1 0.02 -2.15 0.21 0.39 1.17
-0.29 -0.84 1.51 1.19 0 0.61 -1.14 -0.62 2.29 0.53 2.97 2.16 3.35 5.32 6.15 5.77 4.12 5.11 1.66 0.13 0.33
-0.16 -0.76 0 -0.17 -0.16 0.54 2.33 3.38 4.44 5.86 3.63 4.43 6.37 2.83 1.16 1.55 -1.06 -1.33 0.7 0.78 -0.26
-0.13 -1.65 -1.34 -0.84 0.92 -1.11 0.15 1.23 1.41 0.99 1.64 3.16 6.49 3.8 6.13 5.89 3.85 2.57 3.07 1.6 -0.18
2.63 1.01 0.55 -0.78 0.57 1.06 2.51 2.16 4.17 5.68 5.57 4.25 4 4.51 1.06 2.47 -0.89 2.2 1.32 -0.74 -0.11
-1.55 -0.76 -0.35 -0.79 0.37 0.29 3.91 2.57 2.15 3.85 7.17 4.69 3.97 3.72 1.83 0.28 -0.02 0.62 1 -0.19 -0.43
1.78 0.46 0.85 0.1 0.8 2.3 0.73 3.31 3.03 4.64 6.79 3.72 1.84 2.79 2.88 1.34 -0.25 0.13 1.19 -0.46 -0.33
1.16 0.06 -1.23 0.1 0.4 1.49 1.21 3.46 3.57 5.19 6.68 5.68 2.51 3.44 4.59 2.78 -1.21 1.83 -0.67 1.71 0.55
0.43 0.12 -2.17 0.04 0.9 0 2.02 4.01 4.15 3.74 6.57 5.35 4.26 2.59 1.39 1.54 1.3 1.76 -0.97 0.81 0.88
0.68 1.01 1.34 -0.34 -0.84 -0.14 -0.35 1.3 0.93 2.09 2.36 2.7 3.13 4.7 6.6 4.42 3.8 2.9 0.87 1.85 1.19
-1.28 0.11 -0.65 1.01 1.22 -0.6 -0.25 0.63 0.07 4.32 2.12 2.12 2.86 3.16 5.45 3.15 3.77 1.78 1.83 -0.44 0.35
-0.42 1.23 -0.45 0.34 1.38 0.1 0.42 1.62 0.58 2.21 1.42 3.22 2.45 3.91 3.84 4.89 1.07 1.75 1.04 1.33 -0.77
2.71 0.57 -1.1 1.55 -0.71 -0.7 -1.49 -0.2 -0.58 1.78 2.66 4.69 3.36 5.17 7.04 5.25 5.69 4.42 3.23 0.84 1.69
0.82 0.55 -0.85 -0.06 -0.45 -0.28 -0.05 2.83 -1.12 1.64 1.52 4.41 4.78 4.19 7.88 5.42 4.76 2.05 1.44 0.74 -0.64
-2.11 0.84 1.8 1.01 1.08 2.33 -1.04 0.54 1.07 0.33 2.64 2.18 3.65 5.1 4.65 4.83 2.05 2.83 1.51 -0.29 2.2
0.77 1.5 0.17 0.69 0.51 1.11 -0.49 4.01 0.77 -0.66 1.68 3.61 3.31 6.34 4.3 4.24 2.67 4.35 0.35 -1.47 -0.78
0.85 0.1 0.58 -0.52 0.42 2.62 1.56 2.54 4.09 6.11 6.06 5.34 3.75 3.04 1.94 -0.11 1.78 1.82 0.32 0.78 0.82
0.36 1.02 0.21 0.03 1.24 0.73 2.77 -0.3 4.02 6.63 5.27 3.98 3.96 1.63 1.18 1.98 0.02 -0.11 1.43 -0.08 0.87
0.4 0.53 1.51 -1.06 0.55 -0.09 2.4 3.39 3.42 3.89 4.79 6.74 5.19 0.74 2.58 2.35 0.99 0.26 1.37 0.1 -0.02
-0.68 1.17 0.85 1.22 -0.1 -0.8 -0.96 1.27 1.03 2.62 1.3 2.97 3.45 4.09 5.54 4.28 2.11 2.96 3.16 1.06 1.21
0.31 1.38 0.48 -0.25 0.15 -0.46 1.3 1.63 2.2 0.49 2.66 2.73 3.78 3.34 4.68 4.62 1.69 2.5 2.87 0.05 -0.36
0.44 -0.18 -1.9 0.56 0.49 1.23 2.21 0.29 0.93 3.42 2.8 4.73 2.37 4.77 4.87 3.58 2.71 4.39 0.5 1.26 -1.87
1.66 -3.12 -0.08 -0.29 -0.46 1 0.81 0.18 0.54 1.41 2.65 3.07 4.9 4.26 4.67 3.58 3.93 3.94 2.51 -0.57 -0.19
0.85 0.44 -1.16 1.69 -0.42 1.9 -3.28 -0.35 1.02 1.44 1.49 3.77 4.52 4.85 4.96 3.82 2.6 2.8 2.72 1.96 0.49
-1.39 -0.07 0.08 1.06 0.97 0.93 -0.52 0.28 0.02 1.75 3.23 2.98 6.48 3.08 6.32 3.45 3.31 2.97 2.74 2.26 0.3
-0.71 -1.15 1.97 -0.28 0.38 0.36 0.33 1.39 -0.42 1.63 2.26 2.55 3.59 5.8 5.58 5.28 3.04 2.43 1.96 -0.53 -0.18
-0.51 -1.2 0.9 0.43 -0.7 2.45 2.96 5.1 4.12 3.7 3.78 5.75 5.73 3.71 0.89 1.77 0.6 -1.13 -0.66 -0.82 1.45
0.86 -1.86 0.61 1.03 -0.05 1.75 0.51 0.7 1.28 2.33 1.5 4.31 1.75 6.48 5.91 4.22 3.87 3.49 2.16 1.35 -0.21
1.03 1.86 -1.07 -1.37 1.29 -0.59 0.45 1.51 1.96 0.62 2.67 2.16 4 2.86 4.56 4.4 2.23 2.63 2 1.12 -0.59
0.59 0.92 -0.33 -0.79 -0.71 -0.95 0.64 -0.67 0.89 0.34 1.73 3.02 4.32 5.54 5.6 4.4 5.19 2.77 1.72 1.35 0.21
0.02 -0.42 1.56 0.78 0.16 -0.24 1.27 -3.52 0.09 2.53 2.22 4.06 3.67 3.91 6.19 3.8 4.26 2.09 1.67 1.65 1
1.78 0.26 0.27 -1.28 -0.64 -0.71 -0.81 1.58 1.67 0.51 1.47 3.84 2.14 5.41 5.9 5.47 2.99 3.85 1.06 1.13 0.29
2.44 -1.34 -0.15 -0.28 0.93 1 -0.41 1.14 -1.68 2.32 2.78 3.33 3.49 4.93 3.95 4.75 2.92 1.53 1.24 1.26 -0.37
0.59 0.38 -1.84 1.14 0.22 2 0.05 -0.83 -0.04 2.87 2.49 1.11 3.72 3.11 4.21 4.15 1.71 4.09 1.56 0.53 -0.99
0.16 0.01 -1.09 0.28 0.36 0.94 0.46 4.14 3.02 5.28 6.16 4.81 3.49 2.28 1.2 1.37 -0.33 1.4 -0.34 -0.74 -0.99
-2.21 0.29 1.25 1.47 -0.57 -0.72 3.1 -0.53 -1.42 2.46 1.74 3.58 3.46 3.88 5.61 5.91 3.16 3.77 2.03 0.9 0.66
-0.86 -0.63 -1.12 -0.6 -0.32 -0.28 1.87 5.23 2.83 2.91 6.7 4.44 5.74 2.36 2.42 1.42 0.98 -0.24 1.46 0.1 0.82
0.94 -0.9 1.28 1.47 -0.13 -0.15 0.52 0.37 0.22 0.9 4.33 2.24 3.98 4.53 4.79 4.31 2.41 1.16 0.37 1.53 -0.4
0.27 -0.94 -0.23 1.1 0.49 1.67 2.38 4.14 4.4 6.72 7.88 6.12 3.45 2.98 3.04 1.76 1.14 -0.16 0.63 -1.77 1.4
-0.25 -0.21 -0.07 -0.2 -1.05 0.48 -0.35 0.11 2.87 -1.12 2.81 2.37 4.26 3 5.17 4.01 5.7 2.44 1.02 -0.54 -1.35
-0.16 0.62 -0.17 -0.02 -0.55 -0.98 1 -1.22 -0.41 1.68 0.8 2.94 3.01 5.17 6.96 4.27 4.2 0.9 4.04 0.53 0.77
0.9 1.36 0.3 0.68 0.16 2.4 2.44 3.64 1.57 4.33 5.28 4.39 4.62 1.55 3.86 0.66 0.62 1.51 0.4 1.26 -1.46
0.51 -1.4 -0.8 -1.65 -1.12 -1.22 1.5 2.05 3.56 4.51 6.06 5.1 2.83 5.13 2.74 -0.32 -0.59 1.33 -2.23 -1.21 -0.32
0.08 -0.67 0.18 0.39 -0.74 -0.49 4.22 3.75 2.6 3.59 5.84 2.52 3.82 1.08 4.07 1.26 1.51 0.58 -0.12 0.52 -1.99
0.39 0.66 0.53 -0.61 1.15 2.49 0.23 2.77 3.7 4.4 6.37 4.42 3.94 2.43 3.58 1.46 -2.21 0.3 1.19 -1.45 -0.43
0.68 1.31 0.33 0.06 0.13 -1.12 1.07 2.86 0.96 1.2 3.32 2.26 4.23 1.53 2.01 3.71 1.34 2.64 1.73 -0.14 -1.66
-1.06 1.06 -0.68 0.28 2 0.3 2.93 3.54 3.3 6.25 7.32 6.44 4.12 2.16 2.83 1.91 -0.34 0.92 0.73 0.01 0.08
0.91 0.48 -0.22 -1.54 -0.5 1.85 0.71 -1.17 0.87 3.03 4.11 2.35 3.69 3.29 4.11 1.96 0.89 0.02 0.11 -0.81 -2.05
-1.04 1.13 1.88 -1.57 -2.54 0.38 -0.26 0.25 -0.11 2.49 2 3.64 4.66 6.24 4.74 6.8 3.93 2.26 1.55 1.35 -0.13
-1.56 -1 -0.29 -0.2 -1.93 4.43 2.61 2.92 1.92 2.18 5.46 3.51 4.3 3.51 2.64 1.83 0.81 -0.31 0.16 0.06 1
-2.04 0.31 0.75 -0.7 -0.32 2.04 2.04 2.86 3.91 3.07 4.23 4.93 2.25 2.55 3.82 3.09 3.21 -0.17 -0.06 -0.33 0.94
0.45 -0.71 2.02 -0.57 1.54 1.94 0.86 2.05 2.85 4.14 5.42 5.57 4.13 4.38 3.11 0.79 -1.43 -0.8 -0.99 1.36 0.21
-1.49 -1.89 1.12 0.57 -0.03 2.06 2.24 2.72 1.87 3.89 5.21 3.89 5.75 2.41 3.09 1.18 -0.48 2 1.06 -0.2 0.12
0.33 1.1 0.5 1.41 0.27 -0.68 1.64 1.51 3.17 6.79 7.24 5.34 6.37 2.87 1.81 0.95 0.26 -0.44 -2.04 -1.26 -0.2
-0.69 0.27 0.35 -0.31 -0.87 0.24 0.95 3.74 3.27 4.34 6.63 4.78 3.96 3.77 2.47 0.31 2.28 -1.11 1.58 -2.68 0.24
1.33 1.51 0.14 -1.23 -1.26 0.9 -0.32 -2.15 0.71 0.93 -0.17 2.66 3.64 4.84 6.12 3.97 1.8 3.71 2.58 0.39 0.65
-1.67 -2.47 0.59 1.08 -0.49 1.11 2.28 2.3 2.62 2.92 6.99 3.17 4.34 1.9 4.41 3.16 0.32 2.33 0.38 -0.33 0.8
-2.2 -1.42 -1.36 0.69 0.67 1.22 1.12 -0.26 0.74 2.98 2.47 1.77 3.7 2.16 4.98 2.9 1.24 1.25 0.47 -0.77 -0.09
-0.75 0.2 0.51 -0.24 -0.19 -0.58 3.27 2.58 2.09 4.26 6.51 5.53 3.35 1.48 4.31 0.54 -1.13 0.36 1.03 1.08 0.01
-2.31 -1.15 -0.86 1.4 -0.49 0.53 0.74 2.77 2.09 3.53 5.29 1.95 3.69 2.63 3.73 2.68 1.54 1.03 -0.22 -2.08 -0.38
-1.58 -1.45 -0.6 0.35 2 -1.06 1.88 1.5 0.17 1.54 2.59 2.12 3.54 5.19 3.67 2.93 3.38 1.92 1.55 0.79 -0.63
-0.2 0.71 1.77 1.21 0.59 0.92 1.18 3.09 4.42 3.43 5.78 5.37 4.46 3.06 1.84 0.48 -0.72 -0.12 -0.49 1.78 -1.3
-1.65 0.28 -0.57 0.01 1.88 0.94 0.4 1.35 0.97 2.36 0.97 3.45 3.79 6.62 6.39 4.23 2.59 3.01 1.77 1.7 -0.14
-2.77 1.16 -1.86 -0.91 0.04 2.05 3.04 1.41 5.23 4.72 6.6 4.54 4.06 2.67 2.46 -0.86 -0.28 -0.84 1.02 0.41 -0.35
-1.09 -0.1 -0.94 -1.19 -0.13 1.2 3.55 2.91 4.15 4.67 5.52 5.6 4.28 3.66 1.14 1.58 -0.14 0.99 -0.81 -0.8 0.83
-1.9 0.81 1.17 1.35 -0.71 1.76 2.16 1.81 3.32 2.95 4.69 5.07 4.21 4.36 -0.26 1.82 0.99 1.72 1.83 1.23 -1.4
1.22 1.68 2 -0.19 1.03 -0.75 1.49 2.35 4.83 5.21 6.65 5.09 4.22 4.08 2.31 -0.33 -0.01 -0.45 -2.55 0.46 0.23
0.11 2.41 0.24 -1.02 -0.08 0.56 0.35 0.32 1.3 2.46 1.01 3.1 4.37 4.41 4.42 4.37 3.76 1.58 1.69 1.9 1.26
-0.76 -1.52 0.23 -0.61 1.11 1.95 0.25 1.04 0.87 1.74 2.99 3.83 4 3.31 5.82 3.27 3.26 2.92 2.9 1.03 -0.02
0.96 -0.53 -1 -0.79 -0.05 2.83 0.6 2.45 4.34 4.43 6.27 3.55 3.98 3 2.65 -0.97 -1.77 -2.39 0.99 1.16 -0.38
1.11 -1.39 1.99 0.18 -0.79 1.61 1.38 1.47 3.55 3.33 2.42 5.06 3.53 3.66 4.55 1.37 1.7 1.12 0.58 -0.48 -2.55
-2.36 0.61 0.65 0.73 1.65 1.99 1.53 2 2.94 5.31 5.47 5.56 2.31 3.29 4.72 1.75 -0.3 0.54 -0.24 0.83 1.18
0.07 1.57 1.25 0.19 0.94 0.08 2.75 3.86 4.41 4.12 6.17 3.63 4.45 2.51 4.03 1.73 2.13 0.17 -0.33 -0.49 -0.94
-1.08 -0.16 -0.91 -0.53 0.06 0.6 -0.14 -0.2 0.45 0.52 2.89 2.59 4.87 5.43 5.81 4.78 5.95 3.08 1.98 1.11 -1.22
0.2 -1.85 0.4 -0.04 -0.18 0.97 -1.06 0.39 -1.48 0.51 0.73 3.11 4.67 5.12 5.57 5.54 4.12 1.88 1.12 -0.14 -1.37
-1.01 1.57 3.81 -1.49 -0.82 2.12 -0.53 1.18 -0.32 0.59 2.75 3.26 2.41 2.58 7.25 4.64 2.25 1.4 1.55 0.48 -0.12
-0.57 -1.84 -1.41 0.49 -1.43 1.52 1.59 3.13 5.01 5.87 5.29 5.96 6 1.53 2.37 0.89 0.5 -0.33 -0.5 -0.4 -0.3
-0.7 -0.9 0.06 1.03 0.37 -1.22 0.51 0.84 0.08 2.62 0.82 3.27 6.04 4.1 4.34 0.89 3.69 3.11 2.32 0.86 -0.29
1.72 1.7 -3.56 -0.63 0.83 0.78 -0.05 1.31 1.88 3.64 3.55 3.31 3.08 4.86 2.8 2.25 3.13 2.11 2.86 0.51 0.21
-0.95 0.5 -1.87 0.94 -0.78 0.99 -0.49 -0.8 1.34 2.13 0.69 2.82 3.04 4.24 5.44 4.27 3.84 2.08 2.26 1.06 0.29
-0.07 1.23 0.84 1.31 -1.88 2.58 0.59 0.05 -0.98 -0.34 1.73 2.98 5.55 4.4 3.74 5.02 4.9 3.67 1.69 1.24 0.25
-0.47 -1.51 -0.43 -2.11 0.69 3.03 2.24 2.65 4.39 4.56 5.47 4.03 4.92 2.21 3.74 1.13 -0.32 -0.23 1.19 1.12 1.95
-0.28 -0.84 0.32 1.02 -1.19 -0.71 0.36 0.84 0.97 1.97 2.62 3.03 1.94 5.45 4.49 5.59 4.8 0.92 1.99 1.08 -1.5
2.61 0.77 1.08 -0.02 -0.08 0.64 -1.42 0.86 0.79 3.48 2.65 2.65 3.59 5.16 5.07 5.58 1.97 1.9 1.43 2.61 -0.4
1.44 -1.31 0.34 0.94 -0.09 0.58 3.17 1.99 1.14 -0.23 2.33 4.11 4.06 4.85 4.52 5.39 3.29 5.56 -0.15 2.75 0.74
-0.55 -0.31 0.32 -0.26 -0.97 2.74 2.81 0.58 2.48 2.13 3.94 3.04 2.71 3.82 2.45 2.19 0.06 1.24 -0.47 1.11 -0.91
1.94 3.17 0.03 -1.15 -0.48 -0.12 3.16 2.07 2.26 2.66 5.14 3.63 3.69 4.38 4.13 2.5 0.47 3.5 -0.13 -0.26 -0.04
-0.79 -0.59 0.09 -2.15 0.31 1.07 -1.25 -1.37 1.18 2.07 2.43 4.73 3.42 5.63 4.68 5.54 4.16 0.91 0.32 2.16 0.05
-0.45 -1.05 0.39 0.71 0.74 1.83 1.18 1.92 2.14 3.17 4.14 2.99 2.17 1.63 3.08 4.38 1.64 2.35 0.85 2.05 0.92
-0.21 -0.65 0.26 0.03 1.09 0.2 0.96 2.69 3.86 1.76 1.9 4.37 5.36 4.35 5.06 4.47 4.91 2.68 -0.56 0.03 -0.77
-0.46 -1.55 2.46 -0.63 -1.04 1.48 0.06 0.85 3.83 0.91 5.1 2.46 3.3 4.94 5.29 3.76 0.26 0.86 1.27 1.6 -0.63
-0.96 -0.46 -0.57 0 0.58 -0.09 2.22 2.23 3.62 7.01 6.52 4.16 4.82 3.39 2 1.64 -0.18 -1.21 -0.41 0.02 -0.68
-0.5 -1.02 0.67 1.48 -0.07 -1.25 -0.62 1.45 -1.16 1.22 2.59 3.28 3.7 5.13 6.9 4.22 3.32 2.5 1.78 -0.62 -1.87
0.81 0.58 1.02 0.38 2.2 -0.35 -0.77 0.48 -3.38 0.91 2.02 2.69 5.17 6.42 5.17 5.64 5.23 2.22 1.95 1.48 0.82
1.05 -1.09 -0.55 0.73 -1.3 -1.17 0.47 -0.55 -0.52 1.08 1.65 2.83 3.29 5.09 6.47 6.36 3.83 1.87 0.95 2.89 -2.22
1.85 -0.08 0.17 -1.09 -1.01 -0.11 1.36 0.4 -1.11 -0.66 2.39 4.84 4.62 4.55 6.56 4.58 4 2.07 0.98 3.59 0.15
0.97 -1.48 1.36 0.77 0.72 -0.48 1.84 2.71 4.26 5.26 6.06 4.03 3.28 2.33 2.67 0.3 -0.29 0.65 1.08 1.69 1.05
0.04 -0.6 0.91 2.04 -1.01 1.97 2.42 3.43 4.18 4.75 4.56 5.38 3.28 3.83 3.83 1.66 2.69 -1.64 0.48 0.81 -0.19
-0.47 1.04 2.02 -0.97 1.15 0.95 -0.17 2.27 2.34 2.75 4.58 3.03 3.1 4.73 3.51 2.33 0.02 0.98 1.13 -0.15 -2.82
-0.36 -0.05 0.22 0.54 1.75 0.11 2.84 3.39 4.18 6.14 4.98 1.99 4.51 4.03 0.88 2.92 0.63 0.59 0.28 -2 0
0.82 0.88 0.04 -1.79 -0.05 0.97 1.24 0.86 -0.43 2.04 0.6 4.21 2.31 4.3 6.5 6.23 4.26 3.5 2.8 0.81 -1.52
0.11 -1.03 -0.86 1.38 0.73 1.44 1.63 2.05 2.45 1.81 6.93 4.14 2.69 3.98 1.65 4.26 2.05 1.8 0.18 -2.18 0.45
0.29 0.89 -1.02 -1.33 1.19 0.58 1.84 -0.46 1.25 1.95 0.8 2.99 4.23 3.67 6.07 5.55 3.74 1.9 2.43 -0.3 0.12
-1.79 0.73 0.92 1.36 0.11 1.51 2.04 2.82 2.09 5.67 4.08 6.22 4.14 3.06 2.86 0.21 1.89 1.88 0.2 -0.29 0.51
0.8 1.34 0.34 -0.14 -1.98 2.48 1.01 3.55 4.53 4.8 5 3.37 4.78 3.6 0.47 1.47 -0.7 -0.96 -0.85 0.66 0.14
-0.11 1.14 0.27 2 0.06 0.25 -0.06 0.64 0.56 2.29 2.47 3.02 4.38 5.13 6.05 3.51 3.2 1.81 0.5 0.26 1.25
-0.86 0.44 -0.74 0.93 0.05 1.09 -0.58 1.77 3.48 1.31 2.5 3.05 5.53 3.29 4.93 5.6 3.21 0.83 1.11 0.99 2.33
0.05 0.4 -0.34 0.02 1.44 -0.71 0.33 0.28 0.93 1.01 1.87 4.13 3.53 6.08 5.72 4.58 3.76 3.23 2.25 0.69 0.78
-1.44 -0.4 0.6 -0.06 0.91 1.46 2.08 2.23 3.51 3.12 3.35 2.81 4.31 5.28 4.07 1.38 1.64 1.04 0.64 -0.38 -1.98
1.58 1.84 -0.43 -0.37 0.15 2.55 0.44 2.37 0.41 0.96 4.63 3.53 4.19 5.69 4.85 5.42 4.1 1.84 1.03 2.32 0.06
-0.15 0.89 0.75 0.24 -0.23 0.97 -0.79 -0.08 0.9 1.79 2.24 2.99 3.72 5.72 4.78 4.31 1.85 4.2 1.57 0.82 -0.23
0.08 -0.97 -0.05 0.63 1.83 -0.11 1.54 0.82 -0.51 0.8 0.16 3.47 3.52 5.09 6.2 5.63 4.79 3.01 1 -0.84 -0.15
-0.02 0.71 0.12 0.59 -1 0.57 0.71 0.43 0.03 1.31 1.52 5.13 2.79 2.63 5.11 5.35 3.95 4.07 0.91 0.02 -0.89
-1.28 -1.5 0.3 -1.58 -0.07 0.81 1.19 -2.26 2.06 0.63 1.15 5.31 5 2.83 5.47 4.12 2.35 3.37 1.56 -0.15 -0.26
-0.14 0.83 0.03 0.5 1.79 0.34 1.59 1.84 3.24 3.28 5.38 6.3 2.86 3.49 3.12 2.74 1.14 1.39 -0.87 -2.45 -0.66
-0.32 -1.87 0.9 0.79 -0.92 0.15 -3.32 0.27 1.1 0.51 2.61 1.88 5.68 3.92 5.81 4.91 3.73 4.66 0.91 -0.74 0.62
-0.34 1.08 -0.7 1.13 -0.18 -1.19 -1.01 -0.8 1.56 -1.38 0.67 4.08 3.96 5.7 7.21 3.86 4.56 3.29 1.93 0.87 -0.47
-1.26 -0.05 0.75 -1.13 -0.26 2.3 -0.42 2 1.17 0.39 3.77 2.89 4.51 5.1 2.83 3.27 3.85 2.51 1.17 0.42 -0.88
-0.74 1.93 -0.26 0.03 0.05 -0.12 1.43 -1.04 -0.69 2.51 1.71 2.16 2.99 3.39 6.72 5.91 4.32 3.84 2.63 -0.24 0.94
0.25 -1.09 0.6 -0.93 -0.05 0.19 2.34 0.28 -1.3 1.13 2.9 2.76 2.87 5.73 5.1 2.54 3.67 2.82 2.09 0.41 -1.45
-0.08 1.56 0.62 -0.57 -1.35 0.13 2.85 3.34 3.59 5.16 5.96 3.84 3.41 1.82 3 1.74 -0.39 0.96 0.29 -0.24 -0.79
0.56 -1.32 -0.49 0.18 1.05 -0.09 1.33 -0.24 -0.25 2 0.69 4.25 4.27 1.75 5.36 4.47 3.77 3.2 3.14 2.56 0
0.61 -0.85 -1.41 0.18 0.29 -0.9 0.7 -0.25 -1.52 1.46 1.59 3.18 4.52 4.73 4.71 5.95 3.21 3.45 0.53 0.33 -0.09
-1.26 0.74 -1.84 1.54 -0.21 -0.03 1.86 2.95 4.96 3.88 6.85 4.23 2.54 3.38 1.08 1.57 1.26 1.32 -0.3 0.98 -1.84
1.38 -0.83 0.9 0.68 -0.19 0.62 -1.43 -0.81 1.88 2.47 0.57 3.19 6.04 4.03 5.64 3.28 2.44 1.43 0.86 2.31 1.38
-1.09 0.69 0.68 0.62 -0.22 0.75 2.48 3.21 4.49 4.97 5 5.97 3.32 5.44 2.08 1.69 0 0.86 0.19 0.75 1.92
-0.96 -0.22 -1.2 0.91 -0.38 1.36 1.26 0.41 1.45 2.67 2.49 2.84 3.22 5.5 6.36 4.85 5.64 2.6 2.62 0.64 -1.43
0.5 2.25 -1 0.17 1.18 2.68 0.54 1.15 1.39 0.48 2.3 3.49 4.18 4.62 4.74 5.69 3.35 2.61 3.21 0.7 -0.61
0.75 -1.82 -1.47 -0.02 1.09 1.01 0.99 0.81 -0.52 1.14 2.63 3.28 4.49 4.32 4.98 3.56 2.74 2.65 2.17 1.89 0.19
-0.77 2.58 0.21 0.57 -0.37 1.99 1 2.84 3.01 5.71 4.54 3.29 3.13 2.64 4.35 0.65 1.27 0.55 1.85 0.68 -0.83
0.01 1.14 0.75 -0.23 -0.5 -0.8 -0.08 -0.49 1.76 1.57 1.34 2.5 3.99 4.36 4.91 4.13 3.23 3.31 1.92 3.08 1.11
-0.37 -0.93 -0.39 0.89 0.04 0.1 0.73 4.7 3.79 5.08 5.26 5.52 2.34 4.65 3.47 0.84 1.88 0.85 0.21 2.41 -0.44
0.3 -0.32 -0.91 -0.18 -0.21 -0.97 -0.15 1.83 -0.55 1.52 0.01 3.68 5.21 6.32 8.28 4.44 2.41 1.89 2.1 2.11 -0.42
-0.27 -1.23 2.17 -1.41 0.4 0.42 0.19 -0.01 0.29 0.98 3.16 3.12 5.19 4.77 7.58 4.39 4 3.61 2.21 2.25 0.03
1.85 -0.76 0.14 -0.17 2.01 1.6 1.67 3.97 3.2 5.23 6.33 2.86 5.68 3.85 2.37 1.99 0.66 -0.14 -0.73 -0.81 -0.49
-0.71 -0.4 -0.84 -0.67 1.58 0.98 2.54 2.23 2.61 2.09 4.11 4.75 5.82 3.17 3.21 -0.4 1.63 -0.35 -1.15 -0.33 0.54
-0.07 -0.64 1.03 -0.07 0.2 0.87 -0.33 1.87 -0.88 2.11 2.31 2.94 1.34 3.98 5.9 4.04 1.95 2.7 1.6 0.97 -0.35
-0.33 1.8 0.2 -1.32 -0.63 0.92 0.69 1.74 -0.54 2.59 2.51 2.03 4.05 3.72 5.38 3.84 2.86 2.6 1.58 1.48 -0.1
-0.54 1.54 0.56 1.67 -0.01 0.78 2.16 4.13 3.58 3.93 6.17 4.78 3.75 1.98 1.56 1.75 0.77 2.25 0.5 -0.72 2.07
0.07 -0.13 -0.67 -0.48 0.7 -0.13 0.34 0.47 -1.18 2.3 2.68 2.19 4.01 3.7 5.38 3.14 2.57 5.24 1.31 -1.35 0.82
-1.04 -1.82 0.86 -1.05 0.82 -0.14 -0.57 -0.62 0.82 1.38 0.55 3.59 4.21 5.47 6.26 4.16 4.95 1.77 0.62 1.59 -0.44
0.31 0.66 2.88 0.33 1.47 0.66 0.41 2.68 4.57 6.77 5.97 4.51 4.16 1.94 1.97 2.03 0.26 0.62 -0.61 -1.45 0.42
-0.28 0.41 1.34 1.15 -0.02 0.11 3.12 3.41 4.46 4.87 5.86 5.02 4.55 1.77 3.17 2.41 1.49 1.47 -0.25 -1.12 -2.04
0.26 -0.74 1.38 1.58 1.94 -0.31 -1.08 -0.47 -0.13 0.86 2.09 3.04 2.71 4.34 2.86 4.18 1.56 2.41 1.42 1.66 0.3
-0.12 -0.42 0.05 1.01 -1.16 2.51 1.95 2.42 4.78 6.56 7.24 5.6 4.71 3.71 1.8 0.76 1.36 0.27 2.11 0.57 -0.75
1.28 -0.27 0.69 -0.69 -0.46 -0.26 2.52 1.19 0.09 1.5 1.58 4.83 2.59 3.93 5.06 4.98 2.58 3.86 3.35 0.62 -0.22
-1.16 -1.11 0.11 -1.09 0.94 1.25 1.37 1.67 4.82 3.88 4.33 6.84 3.29 2.91 3.5 0.82 0 0.4 -0.04 -1.73 -0.06
0.5 -1.82 -1.3 -1.3 0.68 -1.85 1.55 -0.04 1.85 3.88 2.31 3.06 2.61 4.2 3.85 5.19 1.77 1.16 3.02 -0.44 -1.33
-0.78 -1.16 -0.37 0.51 0.1 -0.02 0.42 0.19 0.37 2.29 2.51 3.16 5.02 3.5 5.77 4.56 3.1 3.56 0.67 1.73 0.58
-1.17 -1.3 -0.48 0.94 0.66 0.49 0.15 -1.74 0.82 -1.04 2.62 2.2 3.61 4.11 5.11 6.28 4.11 3.07 1.27 -0.42 -0.36
1.29 0.16 0.7 -0.02 0.51 0.91 0.84 0.42 0.43 2.82 2.77 2.88 2.77 5.82 6.27 4.33 2.29 2.11 1.44 -1.08 0.22
1.22 0.12 1.88 0.88 -0.56 1.47 0.89 3.22 4.05 5.07 6.41 5.25 3.56 2.09 2.74 1.17 -1.1 0.59 -1.79 -0.34 1.76
-0.59 0.88 1.11 0.01 -1.26 1.34 1.02 2.87 1.39 0.6 1.03 2.91 3.25 5.63 3.07 3.29 3.47 0.37 0.3 -0.87 -0.55
-0.38 -0.06 0.37 0.17 0.61 1.33 1.9 -0.45 1.52 3.3 2.54 2.5 3.68 3.53 3.72 2.86 2.39 2.5 1.35 0.15 -0.35
-0.57 0.7 0.25 1.2 1.98 -0.88 1.16 0.92 1.8 1.64 1.48 4.5 2.16 5.73 5.56 4.27 5.18 1.35 0.63 1.39 0.81
0.82 1.51 0.29 -0.11 0.39 -0.81 -0.12 -0.34 -0.4 0.62 2.26 2.91 5.04 3.92 5.16 5.59 3.96 3.84 1.26 2.2 -0.18
-0.17 -0.52 0.86 1.92 -0.5 1.27 1.98 2.37 4.77 4 7.58 5.29 4.56 2.01 1.73 -0.6 0.51 1.23 1.07 -1.08 0.01
0.4 -1.17 -1.51 0.88 -1.66 0.94 0.28 2.01 5.91 5.37 6.41 4.01 3.89 1.24 3.36 2.06 0.81 -1.05 0.85 1.24 0.87
-1.29 0.09 -0.44 0 0.23 0.88 1.12 3.28 4.25 5.82 4.74 5.84 4.89 3 2.26 0.05 -0.81 0.58 -0.14 0.5 -1.01
-1.68 0.78 -0.21 -1.3 -0.4 1.07 0.55 4.11 4.69 4.96 5.5 6.31 5.1 5.8 2.64 1.96 -1.93 -0.3 1.04 -0.32 0.49
-1.48 -1.06 -0.61 -0.77 -0.23 1.95 0.54 4.53 2.88 7.17 4.07 4.49 4.33 3.02 1.01 1.77 -2.6 -1.14 -0.54 0.31 -1.11
-0.23 0.52 0.81 -0.4 -0.41 -1.17 1.06 0.31 0.58 0.21 2.82 3.07 4.29 5.34 6.19 3.94 2.76 2.33 0.41 0.78 -0.15
-0.54 0.93 -0.45 1.09 1.34 0.09 -0.33 2.57 1.71 3.28 3.15 3.1 2.5 3.97 3.12 3.91 2.9 2.92 -1.14 2.7 -0.01
0.53 -0.48 -0.18 -0.35 0.03 1.53 2.67 2.2 2.84 3.13 6.13 4.04 3.65 2.25 3.02 1.21 -1.01 -0.07 1.78 -1.82 0.46
0.49 0.28 2.29 -1.4 1.96 1.29 2.49 3.14 3.72 5.39 6.19 5.94 3.09 3.25 3.3 0.95 0.64 -0.52 0.62 -1.06 0.84
0.87 0.45 0.24 0.97 0.15 0.17 1.44 0.02 0.98 0.96 3.78 2.16 4.42 3.54 4.85 1.72 2.52 2.36 -0.24 2.73 -1.15
-0.25 0.91 -0.64 0.93 -2.13 0.19 1.87 2.22 3.84 4.96 7 4.87 3.19 2.18 2.94 0.07 -0.61 -0.11 -0.04 -1.27 0.1
0.47 -1.57 -0.5 0.41 0.87 -0.35 1.9 1.89 -0.63 2.54 2.74 3.2 4.73 5.7 3.74 4.14 3.43 3.73 3.39 0.44 -0.57
0.28 -0.41 -1.05 -1.9 1.26 -0.13 0.66 -0.67 0.45 2.42 3.06 1.39 5.17 4.53 5.75 2.03 3.94 1.45 2.77 1.05 0.04
-1.63 1.82 1.04 -0.94 -2.14 -2.06 0.63 0.93 0.94 -0.32 1.96 2.6 4.01 1.94 4.91 4.71 2.88 2.73 1.49 1.58 -1.26
1.04 0.99 0.78 0.39 -0.05 0.59 0.58 0.57 -0.01 1.37 3.05 3.03 2.63 5.95 5.76 3.32 3.85 2.78 3.48 -0.13 0.9
1.13 -0.68 -1.94 -1.15 1.7 1.25 0.28 0.28 0.28 1.85 2.02 5.21 4.26 3.83 6.97 3.81 1.73 3.52 0.86 0.94 -1.21
0.18 -0.81 2.51 -0.58 -1.05 1.82 3.76 3.59 4.34 3.34 6.65 5.66 4.3 4.07 1.59 1.98 -1.01 -0.53 0.85 0.11 -0.93
0.91 0.99 0.28 0.63 -1.34 1.3 2.41 2.16 3.98 3.78 5.12 4.62 3.75 3.86 2.9 2.14 -1.67 -1.43 -0.52 0.01 -0.39
0.57 0.46 0.87 -0.74 -0.17 2.45 1.53 0.82 5.1 4.61 5.09 4.73 4.3 4.56 3.05 1.83 -0.52 0.96 -0.67 -1.36 0.92
1.08 0.42 1.22 0.8 0.07 1.51 -0.97 -1.88 0.08 0.74 2.48 2.33 4.12 4.43 5.35 4.87 5.67 3.15 1.5 1.33 0.1
-1.2 1.99 -0.16 -0.63 0.92 -1.03 1.74 2.71 1.37 2.37 2.77 2.03 3.39 2.42 4.18 3.57 1.88 2.57 1.88 -0.12 -0.73
1.14 2.3 0.87 -0.84 -0.46 4.36 1.1 -0.13 3.68 3.6 4.98 3.36 3.93 4.36 4.39 3.22 0.13 -1.04 0.24 0.22 -0.71
1.82 -1.24 2.53 1.04 -0.4 0.91 1.5 2.44 4 4.93 4.01 4.47 4.31 3.12 3.17 0.7 0.67 -0.74 -0.12 -1.46 0.83
-1.72 -1.13 -1.14 -0.24 -0.51 0.63 0.22 0.03 -2.17 1.2 2.58 4.21 2.25 4.48 5.33 5.42 4.71 2.43 1.9 -0.01 0.74
-0.65 -0.28 1.43 -1.78 -0.55 0.35 2.26 0.76 -0.16 2.02 3.63 1.85 4.04 2.82 5.01 4.12 4.3 3.68 1.26 0.28 0.82
-0.91 -0.95 1.63 -1.67 1.75 0.73 1.33 2.86 3.09 3.64 5.38 6.27 5.39 4.32 1.78 1.36 0.55 0.05 0.27 -0.15 1.28
0.24 1.07 -0.34 -1.19 1.03 -1.38 -0.08 0.6 1.34 1.53 1.72 4.19 4.36 3.11 4.22 4.12 4.26 2.63 0.82 2.08 -1.9
0.46 -0.34 1.85 0.97 -0.53 1.64 1.58 2.17 1.78 2.37 3.21 4.64 3.39 3.08 3.12 -0.77 0.5 0.92 1.15 0.42 0.94
0.69 -1.6 -0.8 0.44 2.22 1.01 0.48 0.18 0.43 2.11 3.26 2.75 1.99 5.62 7.34 2.63 5.5 1.86 -0.33 1.26 0.01
-0.64 -1.11 -1.83 -1.06 -1.55 -0.64 0.48 -0.99 -0.08 0.63 0.94 3.02 2.57 4.97 7.66 7.55 5.24 4.51 1.88 1.89 0.68
0.3 0.53 0.01 1.08 -1.1 0.07 -0.06 0.85 1.37 1.89 2.09 2.16 2.36 4.27 5.99 3.55 2.2 3.96 2.27 0.41 -2.07
-2.63 -0.99 0.92 -0.63 0.43 -0.67 -1.4 -0.26 0.89 2.27 1.6 3.8 4.88 5.13 4.72 7.15 3.37 0.9 1.77 -0.22 -1.4
-1.09 1.1 -0.32 -1.63 1.75 1.53 0.84 3.19 4.28 4.99 6.25 4.32 2.16 3.5 2.38 1.62 0.48 -0.99 -0.38 -0.24 0.71
-1.9 -0.37 -0.37 1.52 0.07 2.54 1.05 1.4 0.15 1.23 3.41 3.75 4.38 4.61 5.39 1.75 2.71 3.96 0.65 -0.45 0.68
1.61 0.54 0.29 -1.76 0.29 2.47 2.02 4.61 3.99 5.12 5.62 5.13 4.67 3.95 2.14 0.11 0.76 0.27 -1.65 1.49 -1.55
0.75 -0.05 -1.11 -1.25 0.8 -0.14 -1.14 -1.9 0.91 0.81 0.87 4.69 3.01 3.24 5.56 3.7 5.33 2.39 1.94 0.47 -1.73
0.05 0.61 0.36 0.64 -0.09 0.49 -1.17 0.53 -0.44 1.14 1.98 3.03 3.14 4.69 7.32 6.35 5.53 1.59 1.61 0.57 -0.62
-1.92 -1.88 -0.9 0.41 0.96 -1.02 2.2 1.13 1.12 1.78 2.65 2.66 3.15 5.11 6.36 3.38 3.01 3.41 -0.56 0.84 0.69
1.15 0.71 -0.19 1.07 0.21 2.34 1.97 1.89 3.97 6.25 5.6 5.43 4.89 3.95 1.67 0.95 0.33 0.22 3.61 0.03 -1.03
-0.45 -1.82 -2.45 0.43 -2.36 -0.22 1.81 0.29 -0.52 0.93 1.4 3.02 2.15 3.6 5.39 2.94 3.51 1.3 1.49 1.48 -0.94
-1.76 -0.71 0.13 0.05 0.77 -0.25 -0.05 -0.24 1.15 0.86 2.95 3.83 3.27 4.9 5.88 3.66 3.85 3.12 3.07 1.57 1.21
-1.3 0.76 -0.74 -0.37 0.07 0.53 2.47 2.38 5.05 5.55 6.98 4.05 5.03 2.32 5.45 2.55 -0.66 -0.88 0.06 -0.22 0.5
-1.41 0.16 0.49 -0.27 -1.45 -1.58 -0.53 2.6 0 1.94 2.74 2.25 4.29 3.57 5.19 5.68 3.74 2.71 0.04 0.66 -0.12
0.77 1.09 0.05 -1.28 0.32 -0.88 -2.77 0.51 0.77 0.62 3.19 3.77 4.3 6.44 7.19 4.65 2.95 2.55 3.28 2.05 0.42
0.96 -0.12 -1.59 2.23 1.82 -0.71 1.52 0.78 2.25 2.78 3.39 3.77 2.72 4.48 3.65 2.56 2.04 2.51 1.99 0.03 -2.68
-1.51 0.19 0.75 -1.5 -0.74 -0.35 1.45 -0.44 0.24 0.4 2.48 3.57 4.09 4.59 5.58 3.7 3.03 1.85 1.78 3.74 0.2
0.43 -0.1 -1.18 0.06 -0.96 -0.59 -1.02 1.06 0.82 0.15 2.61 0.83 3.18 5.95 6.44 2.7 3.94 2.42 1.41 1.91 -0.98
0.39 1.11 0.74 -1.41 -0.64 -0.29 -0.47 2.16 -0.43 0.36 0.92 3.11 3.96 5.11 3.23 4.14 1.81 2.25 2.16 -0.85 -1.29
0.52 0.12 -1.23 -1.03 -0.85 -0.37 -0.31 -1.2 0.34 1.47 1.87 2.18 5.16 4.59 5.8 4.9 3.94 1.91 0.78 1.56 0.13
-0.32 1.06 0.78 0.69 0.88 -0.75 0.33 -1.51 0.27 2.01 1.91 3.49 3.28 4.43 4.46 5.01 1.83 2.98 2.21 0.39 0.68
0.39 -0.92 -1.01 0.27 -0.69 2.08 2.23 0.85 4.65 4.83 5.82 5.4 3.31 2.15 3.54 -0.22 1.05 -0.08 -1.93 0.76 0.69
-1.16 -2.96 0.22 2.18 -1.63 -0.11 0.26 0.32 -0.76 1.89 1.95 1.15 3.56 3.98 6.4 4.51 3.71 2.04 3.36 2.74 -0.18
0.77 -1.32 1.88 1.65 0.27 1.65 1.76 1.72 5.35 4.19 4.66 4.86 6.15 3.15 1.29 -0.1 0.93 -1.75 1.36 0.04 1.73
1.78 1.93 -0.56 0.14 -0.27 -0.72 0.26 -0.56 2.31 1.05 3.35 3.01 5.96 2.28 4.66 5.31 4 -0.2 1.03 -0.75 1.18
-0.59 1.2 -0.24 0.77 0.23 1.58 0.07 -0.14 2.56 1.57 2.87 3.14 2.26 4.42 4.84 3.56 3.44 1.78 1.25 2.43 -0.4
0.58 -0.25 -0.26 0.41 -0.33 0.9 2.33 3.39 5.01 2.95 7.6 5.91 4.33 2.37 2.45 -0.26 1.73 -0.14 0.83 0.23 0.17
0.45 -0.49 0.64 -1.29 -0.06 -0.29 0.24 0.87 0.6 0.41 3.28 3.27 3.65 5.77 5.38 3.33 4.41 2.37 -0.06 0.45 -1.62
-1.18 -0.48 0.32 1.32 1.61 0.89 -0.26 1.64 2.05 2.85 2.65 4.07 5.12 3.71 5.37 4.37 3.99 0.59 2.24 -0.1 0.29
0.02 2.17 -0.25 1.48 -0.23 -0.27 2.78 0.85 3.5 4.28 4.55 6.23 3.97 3.99 0.65 0.22 1.51 -0.47 0.42 -0.11 -0.15
0.57 -0.19 1.86 1.03 0.09 -0.73 1.34 -1.13 0.29 2.16 1.99 1.61 2.5 5.78 4.6 5.27 5.29 2.58 2.27 2.08 0.69
