-1.23 -1.56 -1.75 -0.28 0.6 2.22 0.85 0.21 -0.2 0.89 1.08 4.2 2.89 7.75 4.59 3.15 5.12 3.32 1.2 0.24 -0.56
0.34 1.39 -0.71 -0.03 -1.56 1.1 -0.1 0.95 0.91 0.96 3.23 2.56 2.9 5.67 4.88 6.35 2.1 2.03 -0.43 1.7 1.91
1.32 0.73 -0.86 -1.23 0.36 0.95 0.69 0.1 0.01 2.14 3.16 1.69 3.21 2.77 5.38 5.67 1.12 2.9 1.02 4.65 -0.9
-1.75 -0.77 -0.25 1.36 -0.7 0.76 2.84 1.15 2.16 -1.77 3.13 0.52 3.78 4.55 6.07 4.65 4.26 5.18 0.8 1.54 0.33
0.6 0.1 -0.14 0.22 -1.43 1.17 3.52 2.21 6.55 5.02 5.42 6.23 2.66 2.66 2.79 2.69 -0.86 0.43 1.22 -2.12 1.21
-1.25 2.03 -2.25 0.48 -1.13 0.84 0.22 4.18 4.45 4.5 5.95 5.29 3.82 3.47 1.99 0.64 0.71 -2.95 -1.72 -0.32 0.35
-1.04 0.59 1.07 -0.39 0.46 -0.92 1.43 4.87 4.33 6.03 4.7 5.71 2.75 2.61 2.68 1.54 1.44 -0.62 -0.25 1.47 -0.39
-0.53 -0.78 0.2 1.76 1.36 0.41 -0.78 1.62 0.59 -0.05 0.26 2.33 4.52 5.08 5.62 3.59 3.43 5.35 3.74 -0.01 -0.02
-0.95 1.15 0.64 1.76 -0.64 2.97 2.42 2.18 4.21 5.03 5.72 2.01 4.07 2.74 4.34 0.87 -0.17 1.7 -1.53 -0.39 1.18
-0.76 -0.52 -1.26 0.07 0.61 0 0.45 -0.49 -0.48 0.01 1.5 4.4 2.92 3.17 4.86 3.76 2.61 0.74 3.16 0.82 1.4
0.69 -0.18 -0.4 0.68 1.2 0.1 0.5 1.04 0.3 2.12 1.52 2.24 2.94 4.01 7.02 4.22 3.71 1.48 2.4 1.21 0.6
-1.38 0.42 -0.12 1.04 -0.09 -0.32 1.19 0.33 1.1 0.06 4.84 2.2 4.54 4.08 5.89 5.37 1.6 3.39 0.55 1.31 -0.01
2.05 1.15 -1.01 1.11 -1.17 -0.29 1.11 2.42 1.11 0.6 3.02 1.3 3.2 5.2 6.67 4.1 3.18 2.25 1.28 3 -0.67
-0.98 -1.6 0.12 0.25 -0.23 1.99 2.02 2.52 4.06 5.65 5.1 3.74 3.89 2.43 3.13 0.81 1.44 0.1 -0.09 -1.47 -0.89
-0.36 0.1 0.76 -0.13 1.08 0.31 -0.45 1.44 1.84 0.63 0.98 3.12 1.82 4.4 4.77 3.49 3.78 1.02 0.65 0.37 0.1
1.14 -1.42 -0.28 0.47 0.48 1.29 0.91 2.75 2.18 3.54 4.61 6.29 1.84 1.77 1.29 0.97 0.8 -0.11 0.94 0.86 -0.52
-0.26 1.1 0.98 2.15 0.84 1.67 1.06 2.59 4.01 5.66 6.18 3.1 4.53 2.92 1.92 0.81 0.74 0.05 -0.75 -0.63 0.82
-0.27 1.89 -1.32 1.31 -0.08 0.37 0.87 3.23 5.46 6.15 6.44 4.39 2.12 2.57 2.3 1.91 1.27 -1.83 1.16 0.42 -1.49
0.78 -1.19 -1.06 1.04 -0.32 0.41 3.27 2.32 5.18 5.02 7.11 4.29 5.08 1.26 2.22 0.15 0.22 -0.83 0.23 -0.99 -1.26
-0.29 0.3 -0.47 0.02 0.17 1.86 1.87 3.48 4.02 4.54 5.59 4.83 3.74 1.33 1.46 1.4 1.67 1.96 0.03 0.48 0.83
-0.16 -0.56 -1.5 0.4 1.85 1.46 1.41 2.12 6.07 3.65 6.27 4.71 4.42 3.97 2.31 0.61 0.21 -0.97 2.18 -0.3 -0.57
1.47 1.45 0.38 0.06 -1.18 0.72 1.47 3.64 5.09 5.91 6.09 4.58 5.83 2.75 2.9 1.98 -0.99 -0.85 -1.28 0.44 1.35
-1.33 -2.15 0.37 0.58 -0.12 1.42 2.64 2.04 0.35 0.88 1.73 3.04 4.03 2.99 1.26 2.55 2.28 1.48 -0.83 1 -0.94
1.37 1.79 -0.36 -0.58 -0.1 1 2.45 3.86 4.25 4.1 7.66 6.21 5.19 2.68 2.85 1.23 0.02 0.58 -0.51 0.96 1.88
-0.16 0.27 -0.94 0.54 2.63 2.06 1.14 2.45 -0.64 -0.76 2.3 1.89 4.06 3.73 3.77 5.45 2.81 2.78 0.95 0.04 1.06
-1.24 -1.43 -0.85 1.54 0.94 -0.06 0.93 0.66 0.66 -0.45 0.44 4.87 3.39 4.91 5.5 4.72 3.13 2.4 0.82 0.32 0.54
0.95 -1.15 -0.11 1.58 1 2.33 3.46 1.99 4.24 3.67 5.33 5.45 2.46 6.08 1.44 2.3 0.91 0.22 -1.29 1.16 -0.22
-0.78 0 -0.01 1.85 -0.87 0.38 -0.86 1.38 -0.24 2.56 1.63 2.34 2.5 3.78 4.12 3.77 4.54 4.24 0.06 0.35 1.84
-0.66 -0.82 1.32 1.19 -0.27 0.69 1.45 0.24 1.93 1.72 3.29 2.1 4.76 5.08 4.22 4.83 3.84 1.19 1.78 0.03 0.71
0.75 1.97 -1.47 0.53 -0.76 -0.42 0.76 -0.74 0.22 1.99 1.85 3.71 2.28 5.09 5.87 4.71 3.48 4.12 1.98 0.67 0.21
-1.79 -1.3 1.14 -1.02 0.06 1.18 0.24 1.69 -0.47 -1.1 2.04 3.07 2.9 4.21 3.4 4.37 3.79 3.3 1.84 1.69 -0.95
0.09 0.56 -1.27 -0.09 1.31 2.23 -0.63 3.04 0.23 1.82 1.93 1.58 4.69 5.21 5.85 3.14 3.34 3.34 2.38 0.54 1.02
0.12 -0.14 -1.2 0.16 -0.95 2.06 3.13 2.29 2.45 4.63 7.5 5.76 4.96 3.58 3.45 1.19 -0.19 -0.46 0.4 -0.06 2.92
-0.63 -0.04 -0.74 -0.59 1.42 2.23 3.03 2.67 3.59 4.05 4.72 4.52 3.06 3.82 2.54 -0.49 0.41 0.72 0.07 -0.19 -0.09
0.14 0.95 -0.01 -1.69 0.15 2.65 2.07 2.63 4.3 5.16 6.15 3.4 4.47 2.48 1.41 0.59 2.35 1.72 1.6 -0.79 -0.64
-0.04 1.24 0.11 -0.51 0.8 0.58 -0.49 -1.13 -0.46 1.42 0.8 2.54 3.9 3.68 5.06 3.95 4.75 2.42 0.54 -0.28 -1.49
-0.86 0.31 -0.39 -0.72 -1.25 1.08 0.13 0.26 -2.37 0 1.32 0.24 3.16 4.43 7.07 2.39 3.93 3.96 0.64 1.99 -0.06
-1.49 -1.95 -3.37 1.77 0.35 0.31 1.72 -0.92 1.79 1.53 4.25 3.5 2.82 7.38 4.4 3.99 4.01 4.67 0.31 0.46 -1.91
-0.6 2.56 -0.34 1.31 -0.5 -1.02 -1.11 0.2 0.08 1.19 2.4 2.4 3.21 4.79 7.68 4.74 4.49 3.68 1.1 0.23 -0.04
1.46 -0.13 0.42 1.03 0.29 1.65 -0.71 0.14 -0.22 1.98 1.09 2.44 3.41 3.21 7.62 4.19 3.94 2.35 3 2.18 -0.4
0.87 -0.5 -0.39 1.01 0.03 1.16 2.42 3.31 5.45 4.22 4.96 4.07 4.91 2.49 0.75 0.8 -1.13 0.92 0.79 -0.43 1.84
-0.08 -0.75 -3.77 1.67 0.19 -0.68 -1.09 0.92 1.77 0.95 -1.03 2.71 2.87 3.99 4.87 4.06 5.51 3.2 1.55 1.57 -0.57
1.16 -1.72 -1.31 0.82 0.95 2.12 1.39 2.09 4.08 6.42 6.37 4.74 4.32 2.39 1 1.91 0.27 -0.16 -1.34 0.97 -0.93
0.24 -0.42 0.05 0.82 0.55 1.57 0.19 1.64 1.73 0.82 3 2.78 3.89 5.55 7 5.74 1.74 1.09 1.58 -0.53 -1.04
-1.96 0.11 1.06 0.39 1.52 1.63 1.03 1.26 -1.12 1.95 2.07 3.92 4.08 4.12 5.04 3.65 3.06 2.08 2.68 1.85 -0.51
-0.16 1.4 -1.54 1.42 1.92 1.14 0.59 -1.51 0.92 2.94 2.85 2.79 3.61 4.34 5.27 4.51 3.08 1.73 2.43 1.09 1.26
0.9 -0.87 0.22 1.73 -0.46 1.35 1.76 3.78 5.07 3.54 4.97 4.04 4.83 3.11 0.77 2.23 -1.64 0.43 0.86 0.65 -1.11
-0.04 0.47 0.43 0.69 -0.14 2.97 1.87 5.13 3.11 3.18 6.31 3.7 3.73 2.49 2.55 1.02 -0.87 2.62 -1.74 0.26 0.2
-0.03 -0.31 -0.73 0.47 0.44 2.64 0.85 1.56 1.21 0.54 3.75 3 5.07 6.14 4.43 4.96 2.82 4 0.28 0.52 -1.38
-1.73 0.39 0.43 1.47 -0.34 1.31 -1.34 2.27 -0.68 1.39 1.85 6.82 4.13 6.26 6.13 6.38 3.78 1.98 -0.75 2.35 0.61
0.39 0.68 -0.05 -0.41 -0.04 0.66 3.03 3.32 3.63 4.37 6.66 5.35 2.21 3.76 1.05 1.41 -0.52 -0.09 0.13 -0.24 0.06
0.74 -0.91 0.78 0.24 0.09 0.57 2.84 3.3 3.41 5.42 6.83 4.31 4.9 3.28 3.55 0.13 0.42 -1.68 0.53 -0.45 -1.07
-0.5 0.07 -0.74 0.94 0.44 1.54 2.56 3.81 3.28 3.49 6.08 5.9 3.18 2.58 4.08 2.33 1.58 -0.53 -0.41 0.21 1.26
-1.92 -1.45 0.23 0.32 0.24 1.16 0.89 0.84 1.7 0.55 1.53 3.32 4.2 4.87 6.08 6.12 5.23 2.43 2.66 0.12 1.25
-0.46 2.32 0.88 0.12 -0.93 1.94 -0.82 0.7 1.62 0.9 2.1 1.04 4.43 5.6 5.05 2.13 2.49 2.75 2.08 0 0.01
1.04 -0.41 -2.07 0.87 1.94 -0.2 -1.33 -0.59 -0.9 -0.54 2.62 2.44 4.43 3.85 6.43 4.55 4.38 2.9 1.68 -1.64 1.16
0.55 -0.72 0.52 -1.2 0.48 2.16 2.94 2.12 3.7 4.69 6.46 2.94 2.95 3.12 1.94 1.87 0.78 -0.58 -0.04 -0.54 -1.1
-1.34 2.16 -0.75 0.75 -0.17 1.33 1.7 2.47 0.71 1.86 2.92 3.2 3.96 6.5 6.12 4.58 2.55 2.79 2.17 2.34 -0.24
-1.02 -0.36 0.15 1.34 0.05 0.58 1.68 3.63 2.71 3.67 7.17 4.16 4.05 3.2 1.81 2.14 0.02 -0.54 -0.22 -0.02 -3.46
-1.18 1.4 0.27 -0.1 1.35 0.94 1.23 1.04 1.56 1.41 2 3.89 4.27 5.04 6.17 3.41 4.11 2.22 2.23 2.04 2.33
-1.45 -0.67 -0.37 0.79 0.66 2.95 3.19 3.12 3.88 3.04 8.48 4.33 3.59 2.57 1.05 0.44 1.38 1.14 -0.26 -0.21 1.07
-0.08 0.01 0.99 -1.51 -0.55 0.55 2.66 2.86 5.42 5.75 6.34 5.07 0.38 4.33 1.84 1.2 -0.62 -0.34 -1.51 0.61 -0.55
0.01 0.61 0.97 1.02 1.23 1.13 2.64 3.56 3.43 5.17 6.69 4.27 4.67 4.54 4.23 1.65 2.36 -2.91 -0.53 0.24 1.14
0.32 0.79 -0.49 1.17 -0.33 1.6 3.05 4.67 4.65 6.05 5.52 3.73 4.7 3.37 0.85 0.12 -0.57 0.79 -0.51 -1.34 0.1
0.7 -0.65 0.11 0.65 0.19 -0.83 1.08 0.14 -1.04 0.06 2.08 2.92 4 6.48 5.5 4.8 4.54 2.88 0.42 1.09 0.48
-1.05 -0.52 0.03 2.85 -0.26 -1.37 0.73 1.02 1.63 -0.61 1.47 3.93 2.91 5.24 4.72 5.18 6.06 3.41 3.83 1.52 0.5
-0.62 1.69 2.42 1.76 1.77 -1.12 -1.06 1.55 1.14 1 0.88 3.25 2.28 5.14 5.34 5.04 4.23 2.77 2.8 0.86 -1.61
0.58 -0.49 -0.8 0.98 2.54 -0.03 0.51 -1.32 -1.87 1.11 2.92 2.43 4.07 2.8 4.57 3.29 1.82 3.29 3.07 0.37 0.24
-1 -0.14 0.72 0.18 0.92 1.89 1.02 0.37 0.65 1.22 3.42 2.24 4.26 2.17 4.52 3.67 1.26 1.96 1.33 0.94 0.22
-1.9 0.57 0.12 -1 1.33 -0.54 -0.25 0.31 0.9 1.34 1.11 2.72 3.58 3.33 7.06 6.81 2.97 4.27 2.52 1.54 -0.72
1.95 -0.54 0.23 0.53 1.61 0.3 -0.12 -0.74 0.17 -0.36 3.17 2.41 3.96 4.62 5.69 3.7 4.49 -0.07 0.24 0.87 0.97
-0.39 -0.89 0.06 0.43 0.64 1.28 1.35 0.72 0.54 1.93 1.58 3.98 3.74 3.34 5.3 4.01 2.55 2.54 -0.32 3 -1.24
1.2 -0.48 0.8 1.72 0.17 0.87 0.76 2.72 3.55 4.12 5.44 4.42 3.41 1.86 1.62 -0.55 -1.15 -1.21 0.54 1.57 -2.09
0.16 0.77 1.04 2.01 0.82 -0.16 -1.02 0.26 -1.19 0.8 1.45 1.81 4.28 5.7 7.01 4.83 5.29 0.77 0.91 0.99 -1.03
