100.2775 21.8784 3.11 0.312 0.1446 -48.1834 57.6547 -9.6341 20.7848 346.433
38.0195 12.6736 2.8747 0.4084 0.1928 -51.484 8.3471 7.962 24.5402 163.8674
129.93 38.311 3.8703 0.0992 0.0537 147.355 97.5116 -9.9733 49.379 218.399
149.8522 46.9361 3.2299 0.1746 0.0936 226.8701 -120.6832 19.2565 60.4394 155.0349
17.763 7.0232 2.357 0.8571 0.4945 -6.8579 8.3954 5.4142 67.345 185.682
20.7669 8.8377 2.3802 0.6458 0.3646 -23.8245 -11.0169 -2.6001 55.07 93.5079
69.254 34.3016 3.1916 0.1173 0.1132 -30.2818 73.8184 21.3775 24.9091 279.9318
121.9922 49.4191 3.5037 0.1779 0.1374 -92.3146 41.9003 20.227 12.9456 327.1798
28.0432 13.3305 2.7927 0.4083 0.2176 25.9683 23.8016 6.0338 15.4782 247.2282
23.8885 13.0496 2.6324 0.5291 0.3209 -12.824 5.5116 -7.6537 77.7958 52.9474
19.616 9.3591 2.5752 0.6197 0.3125 1.2377 -7.9044 -5.2027 19.615 193.498
16.2414 11.6275 2.4362 0.6044 0.3315 1.9824 -5.9228 5.5241 73.705 95.0327
297.1239 111.0237 4.0798 0.0928 0.0429 -291.9184 -269.2064 87.1154 41.3357 232.9571
69.4358 16.0666 2.4956 0.3471 0.1758 46.1161 71.9623 -10.8771 78.4354 161.377
25.2942 9.5862 2.4207 0.5272 0.2657 -15.1865 22.3986 5.4272 37.1494 133.2073
27.998 19.7625 2.7238 0.4458 0.3069 37.4322 36.0989 -16.4086 86.5286 147.2552
34.1 7.9861 2.5601 0.5073 0.3005 -13.2581 -35.8906 14.0921 31.5138 37.2574
47.8994 21.3041 2.8094 0.313 0.1745 25.8231 34.6608 12.5174 19.469 269.0917
12.9003 9.3948 2.3795 0.7729 0.5069 14.412 9.0063 -6.9351 6.2747 164.2364
140.02 105.344 4.409 0.0457 0.0244 -107.141 -105.334 -112.089 86.3308 66.3019
19.6163 9.8644 2.4487 0.669 0.3826 7.6638 -16.3864 -10.9154 61.1094 144.469
191.1625 52.9846 3.2554 0.0897 0.0613 364.5869 -159.7142 37.5993 6.8004 116.0953
193.9086 51.2335 2.9993 0.2967 0.155 -268.3637 156.536 28.4412 19.7668 269.7731
192.48 96.4264 3.51 0.1273 0.0657 -302.461 -46.8039 -104.89 88.1959 250.91
229.285 112.515 3.5194 0.1458 0.0806 -262.013 -134.645 -134.395 1.944 131.3
167.3657 123.4549 3.2448 0.1395 0.0913 -133.7341 94.8311 -96.0545 74.8187 257.4338
141.223 87.5125 4.6492 0.0365 0.0206 76.7757 -121.458 -57.688 8.992 242.075
194.8482 169.6876 3.5132 0.1343 0.0995 -236.5186 -163.0125 -97.3015 1.1486 197.8866
261.9504 27.9167 2.711 0.3851 0.2418 236.6539 183.4282 -34.1001 27.8128 48.0785
42.2489 15.9828 2.4586 0.4376 0.2386 8.4739 21.1596 4.2009 61.6465 126.7507
16.9894 11.0002 2.4564 0.6294 0.3514 -3.4902 8.0823 -7.0516 55.393 91.3761
124.972 114.291 3.6046 0.0753 0.0394 171.708 119.48 -85.745 10.2319 79.5271
164.6813 105.8796 4.3609 0.0866 0.0253 33.2624 90.4276 78.8994 85.1143 150.2983
24.0251 14.1002 2.6227 0.4386 0.2586 -3.2899 -17.2089 -4.9169 53.5781 106.394
258.5767 154.4648 3.5145 0.0576 0.046 381.2499 -181.1397 -120.4308 58.9818 184.4086
101.0367 21.8543 3.028 0.3093 0.1701 -130.643 16.3765 13.3315 18.8689 315.7075
33.5344 17.8185 2.5874 0.3295 0.1938 -8.3554 26.712 8.4603 85.7651 140.1944
119.641 39.7995 2.8701 0.6069 0.4525 -70.4334 -114.261 -43.219 36.572 381.678
145.205 40.2078 3.6729 0.1187 0.0611 -89.6844 69.9035 39.7964 7.932 271.243
81.6368 25.1357 2.4476 0.4251 0.2132 -96.2788 37.9453 7.9119 18.7284 328.058
100.088 19.8171 2.7202 0.36 0.2467 -121.313 -58.6108 18.1352 1.9948 239.547
77.1222 58.09 3.8926 0.0909 0.0485 26.603 66.6336 41.8216 63.601 118.431
140.2162 41.3453 3.253 0.1686 0.1083 186.5148 -103.8037 -39.7902 86.0878 290.2365
102.643 12.6776 2.7712 0.4098 0.2058 -119.478 -54.9847 -7.6049 18.8603 247.811
14.1279 9.282 2.5423 0.7216 0.479 4.041 -7.051 -18.6099 14.3537 229.5761
106.494 61.7182 3.3706 0.147 0.076 -83.8944 -53.4208 -85.8212 80.5153 144.584
124.186 44.7572 3.0633 0.1832 0.1076 20.0049 -110.985 27.7474 0.738 241.67
26.2678 8.3206 2.3889 0.645 0.387 -2.6525 0.6246 11.377 51.5742 168.6993
21.3122 5.9538 2.2393 0.7896 0.5677 17.1712 18.7293 6.3354 47.817 195.136
38.3941 11.1133 2.9312 0.3639 0.2061 6.5716 31.6293 -6.0344 19.2056 202.6838
104.4142 79.3806 4.1743 0.0683 0.0349 -14.4292 44.7589 -31.5091 25.7709 320.1963
18.6761 16.1222 2.4772 0.5361 0.2718 -3.3256 7.2379 -12.5515 69.5612 194.6364
103.986 88.3068 3.7911 0.0891 0.0446 -20.9427 73.417 32.6773 55.2066 52.3304
303.5676 38.31 3.5777 0.1476 0.0812 -449.9526 200.3148 -19.2293 71.5012 86.0291
55.9614 15.7893 2.7447 0.3895 0.2109 31.2455 35.1794 16.8186 17.8245 247.9746
65.9726 40.4145 3.4188 0.2489 0.1368 5.9293 -72.1374 29.005 18.0434 376.4744
97.8682 42.3994 3.0145 0.2747 0.1465 13.9741 68.6183 -25.7517 18.895 342.372
114.3182 20.9467 2.8904 0.3095 0.1836 -61.2215 -107.9771 -20.7941 67.5585 113.1306
265.5827 76.4762 3.1605 0.2898 0.1615 473.0654 -284.7038 40.4617 77.5514 175.0569
28.9269 6.6407 2.5276 0.6944 0.3487 2.5945 21.9502 4.3081 2.1748 190.054
26.0598 13.9969 2.6786 0.3633 0.1829 12.1035 11.5439 -16.9919 40.5527 244.1277
31.6675 5.7114 2.3192 0.7744 0.5102 16.3071 25.3384 -3.8923 5.2978 149.2918
16.8677 8.8821 2.4054 0.589 0.3472 32.1945 21.9606 -0.0666 62.694 112.6928
13.4186 11.2633 2.6321 0.5238 0.2713 17.8554 -0.5526 7.2492 27.306 235.0069
33.1799 24.9684 3.1119 0.2242 0.1328 -16.3067 -28.6791 -11.8774 68.2681 50.8242
15.8778 10.9717 2.3139 0.8186 0.47 -7.6432 -3.8896 11.7121 71.0751 193.2308
257.9951 104.7926 3.4855 0.1827 0.1043 -188.5548 -274.9632 62.5439 51.5414 201.8658
176.437 29.6819 2.9082 0.3335 0.1946 200.547 -101.776 20.7695 32.098 123.788
110.4091 25.138 3.4295 0.2603 0.1332 -61.084 78.3212 -20.9697 16.5937 284.8169
23.8371 13.8984 2.5353 0.5102 0.258 14.0438 8.8619 14.167 53.595 178.355
162.889 101.529 3.5138 0.0962 0.0492 78.8704 150.729 88.6735 26.352 177.565
180.1015 135.4331 4.2896 0.0541 0.0416 -61.2026 -179.0611 113.4518 58.4545 281.2776
32.1865 15.0783 2.6675 0.4817 0.2892 33.7822 19.0351 10.1242 8.797 5.6998
194.1337 77.3386 3.7326 0.1645 0.0855 377.9719 -180.058 35.2675 59.7473 265.2916
36.4676 17.3779 2.6179 0.3372 0.1885 -2.6738 -26.6732 14.9355 46.7456 196.1418
236.715 92.616 3.52 0.1015 0.0539 -321.209 122.712 -89.4731 25.7824 71.289
18.1313 11.7912 2.6217 0.5854 0.3883 -0.4923 -8.9053 9.3306 18.5319 222.983
250.088 45.9908 4.0203 0.0752 0.0495 -353.26 -206.378 -18.5736 82.2326 43.3838
12.9417 11.2148 2.2467 0.7422 0.4278 14.6566 -7.1915 -10.1873 73.397 271.258
22.4975 9.6665 2.3909 0.6179 0.3272 -28.7964 12.0999 6.9364 43.6834 145.802
18.184 5.8259 2.3666 0.6586 0.4091 11.3458 26.7226 -4.3583 80.9287 117.2926
156.9574 121.835 4.3815 0.0206 0.005 60.1705 102.2865 -35.9262 88.498 129.757
193.0409 41.4933 3.5735 0.1513 0.0983 140.1128 177.3619 -12.3078 34.766 235.0704
19.0658 9.7981 2.3424 0.6273 0.3614 -21.8739 -12.057 4.9351 86.4462 103.65
41.8721 36.7148 3.0022 0.1701 0.102 32.6954 -4.831 15.4762 47.1688 107.252
19.1043 16.087 2.6675 0.4715 0.2913 -20.8914 15.8876 -14.164 44.9398 202.3621
41.4326 10.3047 2.5447 0.4194 0.2297 -20.0393 -36.0657 7.8495 27.6215 106.01
201.777 65.8168 3.6415 0.0943 0.0544 -331.925 109.891 42.2368 73.3694 184.751
189.3819 72.1335 3.6951 0.1066 0.0148 -11.9832 -188.7183 -86.1642 4.5768 86.1266
8.2311 7.8292 2.3462 0.7684 0.4696 21.658 3.783 7.6089 36.76 177.9393
24.222 17.8989 2.5 0.5288 0.3047 20.7204 -23.935 -5.1264 76.2937 218.5703
149.749 82.5048 4.157 0.0341 0.0301 -55.2375 -162.1227 100.6635 20.6021 79.1121
72.5226 17.2902 3.114 0.1985 0.0924 29.8122 45.3409 -12.5501 21.9396 193.2479
66.6113 12.1066 3.0037 0.3054 0.174 69.3988 43.1321 4.8854 15.731 167.656
172.156 77.0426 4.6094 0.0336 0.0176 89.0853 -94.9671 -37.8752 21.1865 188.98
35.4328 12.6839 2.7425 0.4359 0.2328 26.9158 38.5951 -4.0859 32.1414 123.8613
34.0847 22.3498 2.6191 0.3265 0.1809 -35.6894 -39.5396 -14.1016 74.0676 81.3918
18.4881 6.2289 2.4091 0.8772 0.5595 15.2583 16.3451 2.9808 87.6399 80.5684
36.4858 9.4858 2.6596 0.6099 0.373 -9.6632 9.2725 -2.9336 1.3705 122.4467
30.4504 9.9326 2.3493 0.4746 0.24 22.1932 18.9845 3.5457 54.4412 183.2944
121.3533 93.6825 3.1753 0.248 0.1263 108.5985 -93.225 68.5775 9.9975 195.9205
271.437 190.139 3.6078 0.0873 0.0546 444.401 -162.07 90.6183 64.5036 152.159
31.6082 10.4765 2.6699 0.4564 0.2321 -13.0004 14.2189 4.7111 56.6679 39.2281
286.3977 157.2832 3.4429 0.1738 0.0897 -287.5354 -224.9206 74.9705 46.2558 154.9772
303.2787 40.3691 3.4487 0.1013 0.0335 -258.7485 -242.5189 35.1782 73.703 157.817
269.738 116.564 3.5754 0.0867 0.049 -275.429 -141.642 99.6914 67.2745 100.327
103.22 80.4596 3.8892 0.0529 0.0274 1.1897 99.4003 47.4361 22.0015 140.695
104.1008 56.1199 4.0334 0.1241 0.0405 -105.5007 71.4614 43.8211 32.0244 278.6976
18.1846 9.8595 2.506 0.6086 0.343 35.0678 18.9098 12.3553 19.1522 179.6576
33.0512 10.0088 2.6415 0.4247 0.2317 26.9853 26.5446 7.1818 36.865 132.566
112.429 51.2607 3.7315 0.0926 0.0496 -80.9799 82.8492 41.6052 12.037 253.998
230.5499 145.5639 4.5685 0.0757 0.0092 -144.2809 -188.5031 -142.5894 69.9989 296.5465
29.8922 9.4299 2.7559 0.5509 0.3114 33.8599 23.0956 11.6669 1.2571 153.896
164.691 119.621 4.5312 0.0351 0.0178 41.6029 -145.252 -82.6112 14.9677 172.842
25.3405 24.9371 2.8937 0.3901 0.216 -16.9752 -35.9311 18.0572 14.1207 103.2957
53.2843 13.1071 2.9023 0.3381 0.2009 -5.4636 33.515 -7.0071 88.8151 38.8028
207.5245 106.8183 4.1841 0.0753 0.047 -217.1199 -250.3647 -49.1582 0.4183 284.4439
24.2743 10.6304 2.6772 0.5237 0.2955 7.8475 20.6559 -1.8926 14.3837 207.386
149.0388 108.5058 3.6602 0.1263 0.0499 -86.8498 85.2039 122.4618 54.3542 222.3967
69.8391 33.2876 2.7741 0.3329 0.1968 62.0212 41.4977 15.1292 8.1046 96.654
215.716 54.1181 3.1143 0.4343 0.261 -101.23 -212.177 -49.5716 1.9377 357.026
178.5639 105.3182 4.6289 0.035 0.0304 -76.3434 110.0458 71.708 87.6361 317.847
31.5542 25.2923 2.7616 0.2445 0.143 23.5903 -14.8746 8.6502 33.3694 242.883
305.0961 108.4434 4.0668 0.0932 0.0428 -265.8062 -281.844 83.6705 39.5605 236.8798
19.5194 9.0427 2.3424 0.6409 0.4523 -19.014 -15.3234 2.3086 88.1611 254.891
247.8475 69.0481 3.438 0.1692 0.1403 433.0957 -217.1795 54.0615 14.2665 113.8216
25.5211 12.6563 2.4669 0.3925 0.2065 -18.4732 -12.2247 -5.5906 83.4925 226.883
24.6189 12.2696 2.4713 0.4291 0.2416 7.6665 10.5904 -8.5568 71.151 221.37
34.6337 7.1569 2.5971 0.5613 0.2819 11.8635 27.6383 -5.0869 8.051 207.105
216.8238 133.2414 5.1467 0.0217 0.0078 -188.9778 -153.6521 78.9122 84.4006 29.3581
51.131 20.6924 2.7644 0.2604 0.1413 -26.6051 47.0326 14.4365 40.7608 149.4814
23.0384 15.9018 2.5647 0.4687 0.2466 -30.4664 14.2836 11.3302 80.508 119.488
15.4497 11.5981 2.3365 0.6452 0.4309 -1.3083 -3.0694 8.5597 47.9462 223.977
26.2027 7.1995 2.2765 0.6138 0.3201 -9.4944 -12.3954 2.6426 80.0288 173.5
18.7746 9.4864 2.2788 0.6421 0.4395 18.7338 14.6623 -1.9846 55.6153 217.883
224.684 25.1105 2.7945 0.4205 0.2705 -100.286 -264.278 -14.5593 53.803 78.5182
45.4416 13.7878 2.5247 0.3004 0.1833 48.3856 26.3504 -8.453 43.9545 171.5389
197.071 21.6431 2.8594 0.3815 0.2509 225.467 -134.891 -10.8622 62.429 40.4893
26.43 14.3591 2.4206 0.4514 0.2417 18.3731 19.4864 -14.3159 77.3034 233.2826
27.3584 11.0676 2.5591 0.5222 0.2882 -15.3918 20.8893 -4.8565 21.2633 225.8799
154.732 42.9253 3.0352 0.2628 0.16 -98.712 -163.247 -30.7516 85.3675 66.0071
26.581 9.0776 2.4112 0.6972 0.4408 -3.2443 -16.8933 8.6363 33.1884 48.338
31.2934 8.1559 2.5366 0.5577 0.3076 49.5856 27.4488 -7.2606 85.5028 34.9621
180.0573 25.183 2.6991 0.393 0.2264 -269.0959 142.5782 20.3564 18.3953 247.7279
285.8368 179.2924 3.4879 0.1226 0.0706 -316.2152 -189.4393 -88.5047 35.5504 175.6979
163.332 13.8819 2.9395 0.254 0.1293 -131.074 -75.0854 -8.5308 58.8365 118.236
113.354 22.138 3.2743 0.2483 0.1348 -76.0552 67.9171 18.3859 4.8423 286.156
77.1446 38.0002 3.6371 0.1518 0.0956 -33.1911 70.3046 29.5218 31.7121 285.0727
257.528 44.3228 2.8808 0.4566 0.3375 -285.684 149.485 26.5393 5.174 256.454
22.2988 15.579 2.6675 0.5828 0.3968 -14.4378 -21.103 -12.2263 43.694 150.459
22.6319 11.392 2.3901 0.5295 0.3035 27.7013 10.5715 -11.479 55.519 189.644
13.1297 10.4188 2.437 0.7861 0.4954 13.0041 5.8187 -10.2744 17.901 195.466
50.3947 10.9445 2.3458 0.4826 0.329 46.8316 39.3874 1.7221 70.8438 144.1368
69.6056 46.7113 3.8285 0.103 0.0569 1.8354 -18.7832 -54.7592 31.9154 65.139
29.809 15.7188 2.6428 0.4268 0.2519 51.4292 22.945 5.5462 50.6821 106.7603
19.1141 12.2076 2.4676 0.5554 0.3186 -3.8694 10.6297 10.5675 48.2306 177.912
163.29 84.2977 2.8794 0.2904 0.1736 36.907 77.2924 -39.1866 33.612 96.6701
78.7576 25.4387 3.0732 0.2307 0.1348 87.2912 54.6496 18.4425 28.5707 159.358
37.665 10.4983 2.8044 0.3638 0.2054 44.2722 25.586 11.2339 28.105 107.4626
86.2919 35.9168 3.0101 0.2618 0.1383 6.1267 80.4035 -25.2309 81.0424 125.514
241.876 170.862 3.4333 0.177 0.1067 -156.806 -204.822 170.692 8.9743 226.317
23.6796 13.4887 2.5212 0.4583 0.2455 -40.0835 -18.0034 6.6805 49.3332 127.5187
69.6536 32.811 3.1655 0.1858 0.1042 -81.4523 -54.0003 -25.4955 4.42 247.971
21.5981 12.3629 2.362 0.7889 0.4711 26.2923 20.1564 -13.4053 7.3532 89.6861
91.9897 27.3844 3.2073 0.1461 0.0744 61.9153 93.7197 11.5553 33.8874 223.0459
19.9855 17.8006 2.6581 0.4046 0.24 0.0041 29.1033 -13.4295 87.1498 245.888
106.332 35.0174 2.7966 0.4505 0.2452 -38.1628 -115.38 23.3649 7.764 360.895
38.4589 16.9062 2.6937 0.4008 0.2196 -25.0227 -22.8231 8.4747 29.5189 229.863
46.9981 35.5131 2.8248 0.232 0.116 38.8284 40.615 35.4806 29.733 98.3135
29.0869 9.128 2.6444 0.5805 0.3141 7.6234 17.4277 9.5575 16.3577 143.684
256.245 149.152 3.4173 0.2234 0.1234 -167.797 -280.656 -110.456 43.921 264.772
62.8218 15.2759 2.9214 0.3116 0.1576 2.8447 50.4547 8.6603 17.0517 292.639
19.0289 12.6648 2.5571 0.4466 0.2394 13.2334 7.6753 13.8629 67.536 159.869
84.2719 28.9583 2.6772 0.3701 0.2093 -31.3787 -80.5427 18.5167 14.638 318.129
139.725 27.6111 3.4177 0.1877 0.0946 -214.094 86.5908 -23.0895 27.581 130.965
58.401 34.6992 3.0107 0.2517 0.139 -10.8768 -68.5577 17.4978 6.8722 157.271
175.69 76.5025 3.3476 0.1343 0.0707 149.051 126.407 58.2903 70.6157 184.39
31.6774 12.906 2.3887 0.4565 0.2805 -29.7706 -20.8384 -13.1949 69.8269 143.0876
105.299 63.2194 3.9254 0.1333 0.0709 26.649 56.1306 -31.8837 25.87 366.247
144.651 40.3478 2.938 0.6182 0.4988 -74.6539 -155.489 -42.0003 38.0104 280.051
158.312 46.8503 3.0995 0.2911 0.1555 -224.389 141.528 -29.9037 2.9828 106.176
15.2463 13.9656 2.4343 0.6239 0.3178 -40.0212 6.7776 -7.6091 88.9297 149.3363
52.6302 25.7179 3.1599 0.2567 0.1429 -18.9906 -68.0658 -19.6104 18.275 201.478
25.7162 16.9298 2.4848 0.4515 0.285 -11.1326 -27.0423 14.6587 70.9837 161.3551
16.2518 11.5767 2.4281 0.6082 0.3601 0.6814 -3.8872 -6.7228 82.112 183.611
255.628 85.8475 3.5024 0.1585 0.0892 -329.797 142.341 -49.1842 66.556 299.144
19.5002 9.5863 2.5136 0.5742 0.4117 23.7574 20.5253 -6.5799 22.7796 145.2303
233.039 201.364 4.382 0.0507 0.0336 -239.3372 -217.8321 131.5547 11.8951 242.1093
64.2164 13.2962 3.117 0.3408 0.1826 28.5488 51.574 9.0948 13.0327 158.6385
34.3959 12.7181 2.5275 0.4453 0.2266 14.7232 37.4839 -12.1595 40.7617 148.5089
48.9435 16.1799 2.8957 0.239 0.1291 -13.1139 29.1549 -7.4326 27.591 198.531
19.7452 12.6244 2.4191 0.5181 0.2724 -17.0574 -12.5602 6.6642 86.9934 68.2801
212.7638 82.92 4.7133 0.0488 8e-04 119.9577 -182.4259 37.0734 9.5929 155.0509
192.425 158.705 4.5769 0.0378 0.0199 -289.293 -175.214 -142.119 48.245 262.607
29.751 14.4711 2.485 0.5447 0.29 -19.2255 -17.6017 -7.6278 50.3592 207.7997
62.4352 9.0876 2.7892 0.3428 0.2007 76.8777 40.9385 5.0307 4.996 104.25
24.3686 15.5878 2.5593 0.4248 0.2166 -5.3289 -16.2269 13.8149 71.762 140.871
136.7856 88.1801 4.495 0.0619 0.0348 -74.9229 -78.7875 -47.5359 0.4592 264.7961
17.9229 9.1936 2.3979 0.756 0.454 -17.647 -14.0817 6.9877 75.3281 98.9688
29.0755 20.2431 2.5917 0.3004 0.171 13.3496 2.3986 2.9814 62.4511 235.8847
21.7969 15.7169 2.6228 0.3912 0.2494 27.252 23.6645 5.5179 69.3228 138.7026
29.3437 12.575 2.4942 0.5032 0.2804 31.7634 24.917 -4.1189 32.1435 239.487
149.9342 106.3089 3.9798 0.08 0.0608 -201.6141 -131.7015 -107.3768 7.819 283.9535
36.9729 12.0892 2.7674 0.3945 0.2099 2.0496 10.3782 -5.9615 33.9522 93.2058
38.9253 6.3582 2.6497 0.5746 0.3644 29.9431 24.2609 -12.0692 8.9779 249.9302
22.5828 12.9817 2.5328 0.4516 0.2449 21.0244 12.0471 -5.0394 49.739 151.714
166.479 121.389 3.4654 0.1045 0.0567 350.69 -180.63 -84.4894 20.1748 109.639
65.5156 21.3195 2.6325 0.259 0.1041 -32.187 -42.0343 -16.0832 21.5767 38.833
19.9786 9.2008 2.4346 0.6507 0.4283 -4.1789 14.4521 10.3094 78.2768 32.3245
22.8388 10.5252 2.643 0.5893 0.3606 24.3207 16.6751 11.8976 2.1032 114.393
23.0238 10.5568 2.48 0.5974 0.4231 6.1666 11.8097 -9.9887 53.3703 176.8478
20.4351 10.9445 2.3365 0.5668 0.3018 -7.8342 18.168 -9.5896 73.5855 242.834
32.9103 9.9051 2.4713 0.4054 0.2145 5.4576 -12.2815 -4.0132 82.0562 276.078
35.9416 33.2024 2.6906 0.5015 0.3394 -5.2998 -9.0595 -28.0824 2.001 336.079
27.0156 7.4843 2.2945 0.6091 0.3832 12.3822 6.0053 3.7229 89.3958 185.013
23.6856 21.166 2.6959 0.3505 0.1782 27.6083 -9.1757 16.1781 50.741 223.067
61.9045 35.1266 2.8904 0.1493 0.0765 46.5687 47.4556 -20.9033 17.4836 276.5422
13.1261 10.6377 2.2368 0.7768 0.4725 13.5464 3.6146 10.5661 66.85 189.665
136.446 88.2878 3.1617 0.2205 0.1216 -205.734 126.766 85.3669 18.736 317.685
33.5826 11.0346 2.7147 0.4301 0.2459 38.1995 29.6283 6.2741 27.015 143.936
75.609 74.4328 3.136 0.2788 0.1699 8.1205 35.9985 -99.0869 8.8103 235.5925
90.5962 31.939 2.8636 0.2615 0.1431 -151.02 90.1058 13.8028 14.916 290.188
22.3229 15.7495 2.564 0.5466 0.2528 -16.0964 -2.887 10.7363 59.8118 259.407
105.1794 46.2561 3.5711 0.0841 0.0406 72.4321 61.0396 -33.142 26.1867 225.4863
204.052 93.1411 4.5762 0.0452 0.0239 -303.634 -175.811 46.5785 45.678 256.171
187.4254 36.4627 2.8737 0.2731 0.1458 217.9336 90.0964 -21.5542 9.0153 238.0995
20.5569 9.3607 2.3711 0.6596 0.4021 -0.7971 12.6821 -7.9848 75.158 214.83
79.1839 27.3956 2.7882 0.4039 0.2353 -42.4529 46.8425 24.0285 11.082 284.165
10.4161 10.0996 2.4326 0.4747 0.2659 4.8097 13.1852 6.5697 52.0483 264.9734
31.5733 8.1849 2.4632 0.649 0.3156 42.8552 24.0236 5.7322 44.2908 74.7498
198.947 139.436 3.9829 0.0901 0.0475 -173.659 -50.9589 -127.028 66.528 299.096
73.5481 28.6387 3.0656 0.2119 0.1356 46.9323 35.369 -38.669 21.3662 265.3557
24.204 10.0413 2.5978 0.5398 0.3268 26.0481 8.6357 8.0166 22.2515 96.0127
31.2219 14.747 2.6232 0.2976 0.1512 -22.4605 -14.42 8.9256 46.701 193.331
22.363 11.6285 2.4793 0.5937 0.3566 9.8142 21.2192 6.689 38.9391 148.678
109.5866 19.2107 3.2331 0.1669 0.1031 -23.4812 79.6084 -17.232 15.5528 209.4225
222.418 14.5959 2.9141 0.2608 0.1408 147.373 216.985 -1.7177 16.884 110.643
22.1959 10.2442 2.4714 0.6057 0.4037 -15.1625 -7.7519 3.4736 47.2107 172.4575
78.7351 35.2467 3.0993 0.179 0.0959 70.8477 50.6895 -22.2616 27.524 180.247
61.6736 35.0896 3.1659 0.3031 0.1594 -5.9663 34.4763 -21.4243 17.1635 334.8951
201.839 111.421 4.6269 0.0368 0.0193 -20.6546 42.0431 25.5274 81.7447 303.908
109.7919 90.0145 3.3358 0.0775 0.0344 -156.3544 70.3151 -34.0523 64.6239 98.018
58.1207 14.3463 3.0245 0.3531 0.2014 45.3017 32.7317 -10.0161 16.1522 72.0187
10.9668 8.6714 2.2508 0.819 0.4312 18.3514 20.9602 -1.4768 75.9919 183.5371
110.664 24.0502 2.6604 0.4743 0.2437 38.4211 129.332 -19.1633 70.3453 111.874
15.6821 10.5755 2.4572 0.5267 0.3159 23.0234 1.3088 -3.6389 40.8695 260.4657
42.7949 20.0162 2.6439 0.4336 0.2849 -35.4188 -34.2258 -4.4745 37.684 186.127
18.4932 16.9369 2.7835 0.4513 0.23 7.9821 -21.9054 7.6908 44.625 75.0225
28.9049 9.6706 2.5397 0.5253 0.2785 -12.7372 -21.8162 -4.6586 34.599 220.209
21.7631 10.6005 2.4755 0.6284 0.4602 6.8925 26.5481 -10.1598 39.4569 164.0367
71.8731 9.8828 2.9972 0.3322 0.1917 68.358 64.4206 -5.8032 9.1396 198.356
21.586 17.1483 2.9789 0.3081 0.1819 1.946 -14.1609 13.312 66.7792 165.7869
94.8772 29.4697 2.7372 0.3828 0.2408 -103.885 -67.9011 -24.7875 1.374 317.604
37.868 16.1413 2.8675 0.3161 0.1852 -28.0937 19.4101 -11.0085 47.3369 134.706
118.395 26.2883 3.3119 0.3297 0.169 -11.9577 -78.7363 -22.8201 10.435 382.969
25.7459 12.4056 2.567 0.4336 0.2236 -8.1383 -15.7282 5.6507 44.8851 157.562
23.4666 15.4531 2.6924 0.4183 0.2447 -8.7336 -8.9713 -10.9715 61.1034 108.626
20.6646 12.6322 2.3589 0.5208 0.3304 15.6523 15.338 5.2813 54.346 244.19
51.4762 42.8406 3.0552 0.207 0.1096 47.4713 41.4457 -32.4454 11.0336 268.502
111.668 90.6032 3.1207 0.1416 0.0723 125.506 116.755 78.8389 47.5204 210.098
179.9872 60.3431 4.526 0.0133 0.0011 -314.5464 138.3554 -16.6941 70.9233 147.3008
221.643 92.1734 3.4685 0.1363 0.0767 -118.129 96.8281 93.6243 50.421 248.752
176.969 81.3581 3.4637 0.1736 0.0871 -227.241 -89.0242 119.928 84.4018 297.574
111.47 36.4754 3.3589 0.2123 0.1114 10.3615 -81.1925 -25.5691 14.1968 374.977
29.0886 14.0879 2.6803 0.4302 0.2469 3.3787 -20.5481 14.6174 37.8387 244.8222
224.355 63.3955 4.3851 0.0505 0.0299 -259.633 -186.277 42.8527 43.037 177.472
233.7968 137.1439 3.5614 0.1377 0.0836 -154.6905 -270.6169 -56.3723 48.1369 291.7171
26.2499 14.548 2.5972 0.428 0.2493 -30.2397 18.4927 9.2774 82.7315 123.013
137.2811 98.5659 3.5602 0.079 0.038 -49.5415 -152.5099 -108.6926 24.82 73.8507
149.445 87.2517 4.6444 0.0356 0.0179 -174.339 -114.413 69.7288 44.0915 242.466
180.479 129.154 4.9369 0.0209 0.011 -302.276 -157.365 -39.7849 10.6294 156.622
53.4322 35.9845 3.0603 0.1688 0.0866 -12.938 44.0333 -34.988 83.8183 149.108
19.0819 16.9368 2.8296 0.5107 0.2909 -9.0182 -15.9421 12.1762 13.1186 276.279
154.1471 79.2754 2.8732 0.4743 0.2306 -140.3366 -99.2896 76.3853 23.681 390.8436
177.368 151.703 3.5091 0.1654 0.0878 -140.203 -151.365 69.8459 0.0993 312.275
58.8706 20.0434 2.9299 0.2456 0.1416 -21.6574 -45.6059 16.4317 28.2421 192.862
35.4294 13.4355 2.7275 0.4476 0.2519 38.1468 20.8175 7.863 31.449 130.19
30.941 16.5982 2.4955 0.4335 0.2343 2.9095 26.7865 4.0661 58.3672 205.9844
194.1567 32.1825 3.3031 0.0721 0.0634 -344.7133 89.8355 20.6667 23.2722 54.0459
145.2085 128.5932 3.9396 0.113 0.0518 124.1654 -73.7007 95.9337 44.045 313.0308
16.6915 11.95 2.5139 0.6983 0.4089 6.1548 -12.1412 6.7688 39.6093 160.155
36.728 11.3341 2.666 0.361 0.1988 8.137 33.2899 10.9258 47.1913 133.0124
82.474 43.8185 3.5075 0.2093 0.1157 -71.169 -99.7855 -28.7562 1.8856 413.4033
146.539 94.1871 3.4782 0.0928 0.0464 -32.8965 67.3974 -112.424 33.9366 145.938
26.0458 10.0083 2.2463 0.4295 0.2349 -39.0114 -28.617 4.8106 54.1973 106.8037
76.0476 25.7577 2.9327 0.2604 0.1302 44.8835 -59.8816 -20.4925 16.9915 50.1282
25.2488 7.3715 2.1987 0.6242 0.3702 19.1911 33.6767 16.132 72.6942 216.252
9.6831 7.2796 2.4114 0.4607 0.2428 6.8672 -18.4997 5.4472 75.6244 70.6599
83.0367 29.7113 3.2432 0.1708 0.0923 -62.8211 40.9242 -20.0636 10.701 217.481
299.9304 106.2584 3.5098 0.2017 0.1159 384.3477 -84.3132 83.8455 83.9023 220.714
34.411 11.1197 2.7332 0.39 0.2043 -26.3862 13.8727 -6.4593 43.3588 86.5933
46.4535 10.4535 2.9278 0.3632 0.1641 2.929 25.7969 -3.7359 13.748 257.7404
34.4045 8.3875 2.7819 0.4116 0.2221 13.9775 50.6389 -7.9092 7.1369 271.5166
16.9894 11.0002 2.4564 0.6294 0.3514 -3.4902 8.0823 -7.0516 55.393 91.3761
126.7675 85.4938 3.4102 0.0797 0.0363 128.789 112.9238 -90.0617 32.4884 146.5853
46.7594 19.4497 2.4288 0.3638 0.2085 1.0685 -16.122 -5.7361 60.4994 76.4276
28.0708 8.9831 2.5308 0.5217 0.2802 6.1847 34.7658 -5.7701 17.1458 203.9697
23.4271 14.9777 2.6684 0.5472 0.3251 -7.2274 7.1203 15.4452 32.0426 87.7858
18.8172 12.7488 2.437 0.5265 0.2834 3.2467 -10.6101 9.0357 54.4112 232.895
239.756 88.076 3.6011 0.1195 0.0618 -207.103 -274.828 55.9615 17.882 283.184
25.9888 8.5678 2.4815 0.7454 0.5458 -1.8577 6.4153 -9.8427 44.8164 238.8409
269.332 78.8836 3.5181 0.1511 0.0827 -100.582 -331.78 -60.5164 26.195 254.639
141.751 34.0218 3.3695 0.1542 0.0822 54.8349 -43.7088 33.6065 4.48 106.368
139.7547 48.7106 3.2483 0.1694 0.1066 133.0591 98.3826 27.4915 7.168 192.7888
38.2721 12.0046 2.6263 0.3806 0.1903 32.7236 28.5283 -2.7802 33.2677 201.752
71.1308 51.5757 3.4778 0.1305 0.0774 26.0752 66.8792 -39.0262 20.3295 262.774
128.5801 23.1532 2.5854 0.3359 0.2047 34.2714 113.4713 17.7786 75.5197 132.0683
25.9293 20.0075 2.6175 0.2992 0.1508 28.7307 7.2762 12.2003 81.0687 191.105
222.6009 153.0741 3.8647 0.099 0.058 4.2177 142.0264 114.7321 68.4299 142.0709
17.7434 10.8338 2.4472 0.575 0.2911 -2.5607 8.6875 -4.9125 35.562 155.565
106.5722 59.3337 3.1147 0.2136 0.105 93.8837 90.4481 -33.2761 6.8548 278.4193
21.6563 17.6373 2.4752 0.5917 0.3514 -6.0248 31.1286 16.2836 60.9796 196.9603
103.7001 54.0413 3.6049 0.2907 0.1446 -37.9979 -98.8012 16.5146 1.29 431.641
230.891 62.3233 3.2208 0.2183 0.1104 -288.613 151.662 -29.7636 88.8043 296.491
31.67 20.4502 2.5752 0.4475 0.3179 17.6706 15.3634 -4.9596 56.1142 188.5765
81.3168 29.5452 3.0731 0.2317 0.1304 -109.3272 57.2042 36.8897 15.8253 315.2557
49.0438 24.5865 2.5998 0.598 0.4118 -38.8131 -28.4104 -20.4156 6.2538 317.3148
91.8196 28.9136 3.1287 0.1613 0.0822 -73.0896 56.8652 -24.9286 85.3089 31.7783
153.679 83.7294 3.4749 0.1143 0.0581 72.7273 134.277 -79.2455 29.1256 30.6439
23.6252 13.6622 2.3898 0.5862 0.3383 12.9664 14.2182 -8.1171 79.2617 238.9139
286.823 65.4158 3.1537 0.2239 0.145 -317.822 -233.192 49.3927 32.6333 214.548
17.5993 10.9228 2.382 0.5685 0.3174 1.1882 -6.4173 -5.8129 76.1895 229.774
180.7054 99.6185 4.1567 0.0871 0.0191 170.8173 -124.8521 -57.0857 68.8813 303.1109
53.9402 15.3367 2.9039 0.2886 0.1208 -49.5362 -40.7654 11.1534 11.6288 124.5165
117.291 38.9629 4.1035 0.0862 0.0447 -62.4623 -115.04 -31.2346 83.486 106.548
17.7798 8.392 2.3856 0.716 0.5535 2.2578 -11.4127 -9.5026 86.1352 213.33
30.811 12.3499 2.4298 0.3532 0.1987 -36.8167 -23.6387 6.3108 51.746 188.4855
61.0799 23.3788 2.8254 0.2735 0.1442 67.6395 55.2224 19.9437 29.161 267.456
18.0868 7.3052 2.3865 0.8214 0.499 -4.4861 7.5943 -4.1761 86.01 112.546
16.0903 10.46 2.4494 0.6921 0.4076 11.1376 9.5297 -5.7355 15.3926 202.0865
152.1148 111.9084 4.2757 0.0501 0.0478 23.3989 -143.0185 104.2935 78.333 322.8603
204.3035 33.0586 2.9113 0.4168 0.2006 -276.8136 153.2959 17.748 49.3124 134.7812
20.5036 8.7406 2.4683 0.6565 0.4201 21.2188 14.2452 -2.6566 16.992 157.411
51.8366 42.5181 3.5552 0.1237 0.0712 16.9346 -31.9159 29.509 24.541 147.744
19.1135 4.1499 2.3946 0.6901 0.4413 -12.5988 15.5675 -7.5507 27.8926 65.3894
15.7493 11.2106 2.4654 0.6815 0.4229 -4.5871 3.4447 8.9113 40.025 153.225
103.4757 58.4407 3.7535 0.1131 0.0501 -28.2547 -91.3545 46.1333 3.7635 29.5948
22.9433 11.9638 2.4789 0.5484 0.3326 30.7902 15.0813 -4.4274 36.284 254.6969
250.3896 68.1111 3.2738 0.2148 0.1571 -295.9686 126.1365 29.6148 27.686 109.1046
243.7113 117.4906 3.566 0.1051 0.0579 -257.9786 -133.1468 103.3178 30.7446 120.3981
200.935 97.3423 3.5904 0.0778 0.0407 -30.5336 164.418 -96.132 80.8515 139.52
17.7169 14.0628 2.4383 0.7015 0.4578 7.2499 12.8802 12.8688 2.6161 226.4903
246.1568 104.1048 3.454 0.1175 0.0909 -324.9098 -154.7637 -84.7739 31.9716 191.5152
30.4808 28.0867 2.82 0.2132 0.1048 37.8499 28.0849 24.9483 41.3919 224.0925
47.8877 29.0881 2.9408 0.2973 0.1903 36.1385 7.6255 32.7636 22.0716 87.057
113.2104 28.0599 2.8556 0.1924 0.1143 -73.6959 -100.6832 -30.3239 9.8037 259.0725
34.6453 4.6738 2.4163 0.6441 0.3424 -42.4516 -19.0894 -0.9251 44.6996 37.3045
149.445 87.2517 4.6444 0.0356 0.0179 -174.339 -114.413 69.7288 44.0915 242.466
143.4058 38.5507 3.0354 0.1446 0.0775 -86.4165 -23.8717 -19.1245 72.9147 30.5605
28.9897 12.2636 2.6749 0.5307 0.2801 25.6539 22.6547 -9.2202 15.3056 236.716
270.5497 70.7475 3.2764 0.2297 0.0899 -305.0921 227.8174 -20.7536 68.0046 239.7722
69.4972 17.8122 2.924 0.1775 0.0899 -39.4604 39.4999 -10.5893 85.3104 42.9956
76.6007 31.6078 3.1255 0.3828 0.2581 -48.4981 -65.1437 -17.6096 2.405 292.642
41.4364 8.2403 2.7059 0.4567 0.2293 35.2368 25.0112 -3.5747 14.433 166.898
21.0927 17.05 2.8052 0.4526 0.2498 -10.8097 9.5945 -12.9673 26.2364 252.133
39.6937 16.9156 2.5343 0.4122 0.2092 -44.6689 26.3372 -6.2138 54.382 106.48
35.0604 26.8094 2.8112 0.3166 0.1598 14.266 18.5099 26.258 85.5947 134.219
23.1189 13.9953 2.6096 0.4619 0.2445 0.6435 -20.3149 4.5768 52.753 115.739
31.201 15.0653 2.4955 0.4948 0.2512 20.3148 8.4701 7.515 80.3791 78.7286
219.495 55.6423 3.0386 0.3632 0.2292 -267.027 142.348 -46.706 89.6277 187.09
28.5624 14.2323 2.7213 0.4364 0.2973 -19.8545 28.481 8.802 77.688 94.2907
227.184 22.5405 2.9325 0.4474 0.3102 -264.034 135.869 9.4616 48.219 265.238
36.6435 10.8783 2.6699 0.568 0.3453 38.5949 11.5718 8.7149 3.6132 148.6439
21.7894 11.7212 2.567 0.5264 0.306 38.9411 13.385 -7.8003 27.4297 243.0327
31.5516 10.9989 2.3259 0.3738 0.2251 -27.8113 -10.7553 -1.169 57.633 186.8069
51.4815 31.8897 3.3889 0.2022 0.1034 -39.6947 -43.3118 30.2108 62.0869 68.2002
130.3612 90.0461 4.1052 0.0712 0.0309 35.6943 -131.0066 47.475 10.0559 151.5751
18.4594 10.5041 2.3336 0.685 0.3554 -8.0251 10.7443 7.4802 62.1048 175.0353
47.7458 30.0108 2.8129 0.3033 0.1496 -26.6052 -34.5647 -12.0291 14.8993 235.0346
36.7909 7.903 2.7521 0.4071 0.2241 4.7045 26.0861 -5.1299 20.6809 128.7129
37.2276 21.0161 2.7139 0.3517 0.1845 -38.4712 -22.8583 -12.4548 55.4574 108.705
211.444 140.2 4.3184 0.0602 0.0309 -249.313 -121.811 111.926 62.4657 309.351
139.01 75.7862 2.9088 0.2566 0.1363 147.711 -47.5591 36.7909 72.1272 281.683
101.9311 71.3216 3.4912 0.138 0.0595 65.37 91.835 -50.9974 4.4578 30.9511
17.2427 11.7315 2.4647 0.654 0.4167 17.272 3.2338 9.3189 39.821 93.0481
150.048 35.0576 2.8162 0.3924 0.2221 -42.679 -186.429 -33.983 41.7861 5.5449
200.1055 92.8443 3.3265 0.2851 0.1939 -141.2492 -229.1579 39.1106 8.5877 214.2675
213.1212 68.7536 3.9985 0.0245 0.0142 -247.5963 90.3857 54.356 47.3361 159.4975
32.3871 9.7433 2.3632 0.4805 0.2406 20.3923 -2.3033 10.1062 46.2192 178.0548
32.2257 17.4304 2.6041 0.4257 0.2927 -5.0449 -16.9706 14.5893 53.618 140.9826
16.9011 10.5483 2.4133 0.6757 0.4228 2.5201 -5.9124 -8.2169 73.5542 227.385
208.3354 93.3314 4.0836 0.097 0.0434 -177.0198 -281.9541 -64.3965 20.9724 279.2837
36.7024 18.9061 2.6744 0.3894 0.2444 25.3309 35.8258 15.3319 55.657 148.975
14.6148 9.2816 2.4972 0.6027 0.3788 -1.2913 -18.5501 8.893 36.5934 66.066
33.9892 23.6524 2.8303 0.269 0.1382 35.1153 -13.5506 -17.4954 78.755 79.9828
86.8053 28.9558 2.9465 0.1161 0.0899 126.1966 43.1122 -23.8844 45.3038 71.7113
156.238 19.8869 2.7716 0.643 0.3443 -35.1942 -169.783 14.2535 16.183 312.115
24.6265 13.7937 2.6372 0.5326 0.294 -31.5836 8.7907 -3.2361 13.9692 240.7022
11.1239 1.9208 2.2754 0.7922 0.5043 -3.0559 -18.618 1.0027 81.8452 203.6724
87.637 29.2665 3.2308 0.1646 0.0867 74.5366 89.6429 7.2633 34.699 225.76
212.2563 102.6186 3.4397 0.1637 0.0699 -291.5586 130.0705 58.556 26.5495 239.6019
200.9052 29.3163 2.8298 0.3906 0.1994 119.3186 222.417 -14.0068 41.6755 167.1401
134.515 26.6047 2.8457 0.2996 0.1676 -154.023 -57.1252 -7.9841 16.052 284.937
256.985 106.384 3.3241 0.1669 0.0989 261.875 65.6442 -43.789 89.0891 202.434
210.2886 58.4039 2.7905 0.2116 0.1317 -119.0113 -246.2301 55.4617 70.43 58.0914
52.1824 27.073 2.9729 0.4651 0.3103 -8.9847 -21.1188 -18.1031 81.8003 495.561
27.0029 10.3272 2.6314 0.5047 0.3189 31.181 18.9864 4.7 22.68 137.018
130.4586 112.3406 3.3736 0.2205 0.1138 -82.3989 -59.6096 139.2361 86.7983 384.5202
160.416 78.9997 4.3786 0.0535 0.0282 91.0714 50.0022 -23.5411 86.2535 301.297
157.741 74.2172 3.1944 0.1214 0.0617 -112.039 -163.925 -85.9577 5.421 90.0794
54.2662 10.2121 2.867 0.3094 0.1874 1.5908 31.0882 1.9858 19.808 135.9448
185.451 60.9507 3.8922 0.0586 0.0301 -101.691 -186.171 -21.0278 20.877 84.4044
107.215 95.9015 2.941 0.3517 0.2159 84.1833 122.831 93.5248 85.4025 149.574
247.2128 81.5884 3.5341 0.1541 0.0992 -304.2392 -99.492 -34.207 54.4395 187.489
122.811 62.1895 2.934 0.2433 0.1426 136.126 -85.8585 -72.1514 25.743 134.534
30.7289 20.3706 2.7896 0.289 0.1615 14.2984 13.8684 -14.3195 41.999 227.285
85.2941 79.5291 3.4422 0.2309 0.1476 16.5248 47.4467 77.1849 89.2721 423.917
56.484 23.799 2.8331 0.2313 0.1389 -22.8223 36.9168 -9.8337 73.4803 111.9264
26.3191 7.5587 2.3243 0.6351 0.3863 -13.4009 8.4588 -2.6104 86.9542 235.435
140.1217 98.9454 3.5717 0.28 0.1365 -77.4237 -144.3204 -85.4622 44.3019 421.3535
200.656 74.7154 3.0149 0.3362 0.2208 -256.412 131.742 -75.3396 39.7586 307.24
70.8573 19.6306 2.7631 0.4017 0.2285 -34.9747 -38.3308 -12.3777 19.8215 269.139
191.611 24.4014 3.1217 0.2773 0.1522 -63.1788 -243.757 12.5444 17.321 164.423
202.5795 65.7137 4.6453 0.0506 0.0242 169.2967 141.2312 45.2807 36.7271 104.8435
13.9169 13.1987 2.5889 0.6279 0.3785 -17.4185 11.258 -11.8253 12.1456 141.9999
98.1672 28.5313 2.7324 0.4241 0.2194 -44.2762 -88.8223 13.2713 14.111 372.691
59.6541 41.7831 3.5978 0.105 0.0804 -37.2919 -57.1406 -34.2565 0.3034 132.6
20.2908 10.2911 2.4216 0.6288 0.3352 -7.8341 17.4854 -10.8231 26.539 182.157
30.972 16.6823 2.6561 0.415 0.2213 -31.3129 -20.3396 13.0838 53.4668 139.9475
119.664 19.871 3.1684 0.2009 0.1069 93.0396 27.465 -18.2301 4.071 119.045
249.996 104.416 3.5453 0.1299 0.0657 -295.404 -174.45 -90.2463 10.3775 128.671
16.8884 10.6572 2.3077 0.806 0.5661 28.1837 0.5963 3.5829 20.7099 112.4593
41.5143 37.7714 3.1772 0.1749 0.0967 30.3418 27.4409 -16.5403 26.155 219.644
164.7008 82.4579 2.8111 0.308 0.1593 -202.6054 78.1008 -68.0076 62.6572 358.7678
142.5279 61.8344 3.9882 0.0898 0.0616 73.647 -130.4584 41.6467 88.5362 374.8083
81.9305 37.9403 2.8351 0.2734 0.1499 -104.51 -14.604 -26.1356 1.671 271.775
211.048 91.3653 3.541 0.0912 0.0493 -84.4925 -125.602 -95.2833 86.5759 49.1527
12.9801 10.8815 2.4175 0.7457 0.4723 -13.697 6.0371 -7.0019 30.803 78.2618
90.7728 83.2654 3.7381 0.2544 0.1273 -111.0886 -96.7941 -40.2964 12.4989 466.4078
18.2935 14.4717 2.4618 0.5504 0.3369 12.0173 7.4088 13.5845 58.0392 254.1091
76.5687 34.0259 3.2982 0.1339 0.0687 28.6697 51.3486 -16.8529 28.9443 211.489
54.9625 17.7415 2.59 0.5455 0.3282 -98.4362 34.8255 10.019 7.2035 257.0716
19.4865 7.3947 2.5058 0.7551 0.4321 -2.3691 8.6595 4.5933 9.768 181.37
64.2169 18.1686 2.5507 0.5832 0.407 -38.8492 -66.5204 -4.0623 33.9807 168.5068
28.9305 16.0528 2.3589 0.5252 0.3479 27.3885 25.9744 -17.2852 54.225 248.094
14.1721 7.737 2.4843 0.4963 0.3027 30.2651 24.1343 -3.395 33.111 124.4584
34.8491 15.3844 2.7723 0.5087 0.3672 29.797 17.938 8.7939 15.8249 147.3523
22.6248 16.3387 2.8075 0.4517 0.2702 -1.5771 16.6275 -8.761 27.009 205.239
75.8507 19.2153 2.8689 0.3678 0.2346 -62.43 -45.4391 16.3209 15.3192 255.374
32.1778 18.286 2.9457 0.3773 0.2045 29.0934 18.0695 17.8736 39.654 163.181
114.9085 34.4192 2.9686 0.222 0.1128 166.3728 -97.323 27.726 12.689 26.3525
231.1923 128.6088 3.597 0.1122 0.041 142.5272 144.3742 125.8172 64.2588 270.9517
206.7469 70.6047 3.0232 0.2985 0.1431 86.171 196.6923 55.4418 80.4459 245.1055
64.219 23.7924 3.0346 0.1754 0.0937 -57.6912 -49.5958 -8.3084 6.665 122.949
19.4335 16.7343 2.658 0.4418 0.2714 14.1842 14.5431 13.968 82.9906 140.255
26.7491 15.7483 2.5384 0.4052 0.2388 36.8381 10.5625 -14.7727 47.68 235.199
33.1272 20.3221 2.5447 0.2728 0.1766 -11.8518 20.7825 -16.4027 84.9179 193.4097
20.9817 12.0172 2.3627 0.5206 0.2668 2.6986 -11.1471 11.1404 52.2331 283.107
33.7125 17.0818 2.6289 0.4019 0.2103 19.6482 -13.1492 -9.0689 46.5757 105.134
195.5844 22.4222 2.9547 0.3073 0.1987 -247.1927 126.2955 -12.1278 4.8756 168.5293
112.737 103.345 3.1893 0.1798 0.1038 139.988 55.5331 57.2704 46.8482 304.159
86.6506 26.9587 3.2885 0.3926 0.1864 25.6747 -34.3385 12.2096 20.8951 359.8186
70.2993 11.8649 2.5635 0.4262 0.2363 -37.0433 -67.699 -5.7148 18.5286 116.807
24.8845 3.7537 2.1058 0.6877 0.4019 37.7938 17.1743 7.323 41.0122 241.9691
24.3082 8.3714 2.4346 0.6618 0.4393 25.1551 14.0397 9.5262 7.024 204.93
26.4689 21.5712 2.5384 0.7786 0.398 29.7626 2.1894 -23.772 75.699 402.625
305.422 54.9948 3.8903 0.0964 0.053 -368.633 -269.333 -31.6143 13.31 118.386
195.0339 120.6847 3.7992 0.132 0.0636 -236.7155 86.7975 -79.4557 83.2553 170.6093
157.3766 65.3196 3.0305 0.2259 0.0927 301.1996 -161.9202 54.5743 72.6454 157.122
17.3058 0.4794 2.3621 0.7404 0.5221 4.1264 3.779 -0.4141 80.4582 76.6652
143.398 74.0648 3.4006 0.1344 0.0714 -207.044 -69.5873 106.034 50.859 184.564
43.6668 15.809 2.8455 0.4258 0.2425 1.4455 31.3905 5.8447 21.6793 162.8298
41.3691 29.9681 3.092 0.2217 0.1177 8.3424 38.014 -13.0869 24.194 259.535
27.5198 13.7952 2.5132 0.4583 0.2682 -2.0336 -25.0626 12.8559 51.1267 192.1215
81.0092 10.581 2.5173 0.4593 0.2341 -15.7115 -95.2555 7.1982 18.3564 116.2746
45.5619 15.7514 2.6248 0.5528 0.3926 23.4931 50.1248 -9.5367 8.9835 204.068
33.5062 24.1212 2.7067 0.275 0.1424 -16.131 25.5993 -14.0516 85.2585 158.639
167.126 69.8462 4.2064 0.0626 0.0316 83.5478 162.671 60.2558 69.7942 91.5714
36.6648 9.1386 2.7554 0.488 0.3044 26.5284 33.2072 -7.7703 1.3797 89.5982
19.9633 12.0698 2.4601 0.565 0.3345 22.3561 15.1449 -10.2549 37.8944 158.387
25.2588 9.221 2.5938 0.558 0.335 7.6128 17.4503 -7.7419 16.997 140.759
28.5314 19.9338 2.708 0.2733 0.1254 27.7491 27.0396 -9.233 66.37 176.0223
152.629 35.7624 3.5996 0.0769 0.0386 -154.488 -120.529 -23.1088 87.2944 131.18
147.1506 107.5474 4.1057 0.1186 0.0397 29.5201 66.031 99.9023 78.6086 382.2958
90.7751 16.5854 3.1548 0.3246 0.2033 -92.1746 -23.1775 -15.575 23.585 364.7206
13.1139 10.1463 2.3021 0.798 0.5212 12.3715 7.3292 -10.0515 9.4104 238.388
47.6497 18.9747 2.6812 0.3958 0.2531 -72.3016 38.602 7.817 21.192 274.053
22.7536 11.4044 2.6021 0.5525 0.3937 4.7841 16.5941 10.0679 3.474 221.445
39.2623 12.9771 2.8762 0.3005 0.1775 14.1266 23.5749 3.3937 40.148 138.318
240.94 54.7317 3.5379 0.0977 0.05 -174.756 -252.576 -42.4076 1.076 210.068
84.814 38.3588 3.5099 0.2109 0.1279 -104.066 -57.7086 -26.6742 0.5786 323.3758
7.2079 6.8821 2.3239 0.5198 0.2615 -30.6619 -19.3439 -8.7395 32.374 133.7536
214.4978 142.4835 3.7784 0.1397 0.0578 -193.8046 126.0923 101.2199 56.4216 247.6554
74.3058 10.8371 3.0143 0.239 0.1243 -27.2986 28.3482 9.5231 17.416 212.865
23.3262 5.2021 2.2897 0.7808 0.4347 34.4949 11.5706 -4.1788 53.8693 188.3484
63.0002 26.9346 3.0682 0.5308 0.3363 -17.1208 -45.0815 -14.4138 1.4074 344.389
13.0958 10.0499 2.3414 0.8018 0.5308 -12.1347 -7.7397 -9.9359 88.4759 197.628
33.2724 10.8962 2.7751 0.401 0.2161 7.129 17.2721 -3.126 63.308 42.7527
58.8069 14.1129 2.4955 0.4409 0.2284 -25.9338 -56.8791 4.8497 18.423 109.98
276.2766 35.8288 3.5838 0.0604 0.0572 -457.9161 -169.1552 15.1931 68.1382 187.0187
10.0244 3.137 2.3919 0.6609 0.3659 17.3775 8.209 5.0734 59.8434 86.024
26.3471 14.3444 2.4229 0.5487 0.2984 30.3445 12.6617 -12.3303 50.1213 263.3354
26.0369 2.2441 2.055 0.7316 0.4224 -4.4273 14.1252 19.5723 85.3118 232.005
21.3634 12.7614 2.5031 0.5746 0.2967 9.3287 17.2963 -9.1588 18.1 200.566
159.4413 79.4386 3.9887 0.0424 0.0353 60.5195 110.5097 -92.4362 13.568 178.54
53.4333 10.5246 2.9082 0.3607 0.1834 -10.1573 39.0937 -6.6238 15.321 172.393
230.6769 94.1347 3.7716 0.0686 0.0215 73.9895 -137.5796 -41.6317 89.7222 267.2187
21.6665 10.4032 2.3771 0.579 0.3157 -8.2159 -0.8939 7.691 69.4669 143.3594
21.948 0.0044 2.3064 0.8346 0.4519 21.4071 17.4558 1e-04 21.3668 71.3087
11.8123 7.7798 2.366 0.5431 0.3749 5.7576 23.3803 8.7553 58.6829 141.9376
75.6267 16.4543 2.4749 0.5695 0.3132 86.5018 -37.0773 -6.4531 14.441 125.601
23.385 11.423 2.4575 0.6127 0.3839 7.5995 13.0986 11.6698 58.3073 73.6947
26.525 9.8492 2.4125 0.4371 0.2263 14.9537 -17.695 -6.392 56.4482 240.735
32.705 11.1606 2.3891 0.5847 0.3258 -15.0011 1.8022 11.711 50.3919 184.7431
96.5248 24.8025 2.9251 0.4678 0.2872 39.5886 -106.87 20.0798 24.4182 421.2666
150.3933 73.1013 2.7085 0.2683 0.1785 -238.5789 151.6986 92.9326 42.0937 239.0954
161.639 61.6327 4.2465 0.0448 0.0228 155.112 160.213 24.6766 75.7013 159.848
206.403 59.0292 3.36 0.0934 0.0482 -116.974 -222.417 -55.9079 2.8755 92.9775
21.0324 5.5498 2.2045 0.7939 0.4609 -8.7538 11.4301 2.7728 2.2901 53.2438
19.1321 9.5801 2.4914 0.7032 0.4371 3.5591 -13.5728 -4.588 13.107 56.5447
32.8157 23.4818 2.73 0.3908 0.2542 7.3507 35.3646 -15.9273 52.477 189.6054
18.317 12.618 2.5303 0.4827 0.3261 -2.9681 9.5771 -13.2887 48.4839 223.106
52.0561 23.6061 2.8283 0.4484 0.2383 39.7881 51.4639 11.9161 29.9881 103.895
38.6653 19.3423 2.5812 0.3512 0.1757 -7.4013 -37.8833 15.457 47.4316 145.2052
35.6463 25.005 2.8927 0.2535 0.1287 -23.8101 -19.6207 -18.3289 88.9264 24.4148
88.3305 21.307 2.6817 0.3829 0.2279 55.4781 87.4836 -8.4997 77.808 136.177
23.8634 8.5943 2.3284 0.615 0.3451 -29.3406 10.1052 10.2277 80.642 111.868
139.377 30.1364 3.04 0.1541 0.0789 -225.457 99.1035 -26.3556 9.227 261.578
16.082 2.4686 2.536 0.8703 0.6098 2.05 6.6183 3.7406 67.027 200.1501
24.2438 15.906 2.6006 0.389 0.2661 -15.787 36.2131 -9.9236 45.4182 250.9381
212.5883 97.5072 3.6594 0.0897 0.0521 -286.275 159.6209 -96.7246 73.3657 126.3444
248.9492 148.5661 3.2827 0.1837 0.0896 -200.3862 -187.2004 -78.0725 36.9646 305.885
31.3831 8.894 2.6484 0.5146 0.3404 -5.9901 22.649 5.7042 20.208 55.8071
19.1976 12.3082 2.4711 0.4808 0.2832 -6.8743 -15.1078 -1.1993 82.6319 235.0001
14.2327 13.5176 2.5601 0.483 0.2702 9.806 -0.1953 0.956 50.1706 163.8506
23.1468 11.1021 2.6755 0.4327 0.2311 -2.5425 13.5006 11.8004 56.3508 99.6463
81.7073 68.9486 3.3151 0.2725 0.165 -26.9454 -72.9426 -58.1403 11.9699 438.8574
94.121 17.1116 3.2054 0.2423 0.1022 -144.6704 67.6891 17.7171 3.8489 174.0073
242.492 90.6041 3.4335 0.1106 0.0625 -300.245 -76.1678 76.6727 88.1017 166.68
35.3354 15.4937 2.5587 0.5028 0.308 27.55 31.7957 14.9885 27.14 248
22.4777 9.2765 2.5072 0.6594 0.381 -11.1076 13.0842 -8.6206 27.942 128.742
20.068 9.7614 2.3962 0.6145 0.4076 -3.641 14.7087 9.1117 19.9443 229.269
73.485 19.0865 2.6763 0.4639 0.3292 -84.1525 -56.3888 14.6496 1.1157 288.4742
22.6811 11.55 2.3918 0.5761 0.3103 -4.6492 -20.3147 -6.0344 65.647 116.332
20.8382 10.2682 2.3404 0.621 0.3356 4.0453 -15.9238 -2.923 86.8812 222.986
33.0859 17.6588 2.5168 0.4467 0.2373 14.3263 14.6533 -6.2516 44.9363 197.2508
14.7612 5.2058 2.2863 0.7015 0.3971 18.3583 12.188 5.5089 36.9932 192.3718
170.766 126.793 3.3891 0.1731 0.1092 -312.241 150.115 -111.007 76.5015 185.976
71.4826 20.1412 3.1531 0.31 0.1803 -66.9927 43.9141 -15.5351 22.981 333.109
72.7273 21.5659 2.6908 0.4211 0.3053 63.7225 72.1245 -8.4182 34.3892 109.5826
20.4949 8.4959 2.4116 0.6744 0.4516 20.0534 15.4163 -2.4494 51.998 114.486
143.726 102.357 4.1092 0.0852 0.0437 -92.3336 84.9326 -125.64 34.63 264.654
20.4949 8.4959 2.4116 0.6744 0.4516 20.0534 15.4163 -2.4494 51.998 114.486
18.1425 10.2526 2.3927 0.6275 0.3583 1.4698 -6.9998 -6.8204 52.4446 220.225
11.4877 1.9614 2.3196 0.8267 0.4684 -6.4155 -1.8397 4.5423 78.0487 159.5087
189.3982 53.6635 3.4372 0.1597 0.0647 264.4892 79.4782 50.1908 80.2115 298.127
17.3989 10.4599 2.5366 0.6744 0.3503 -20.6308 -10.9576 -6.9509 40.056 103.96
27.5558 21.5611 2.6547 0.3811 0.2 19.1701 1.3736 12.316 59.9798 197.0548
29.3655 10.6451 2.4775 0.5091 0.2898 -11.4265 27.2228 -6.9228 46.1961 105.0983
160.7818 62.4406 3.2032 0.3469 0.1799 172.6299 64.997 37.7887 85.1638 400.1464
19.2604 6.9794 2.3738 0.8245 0.4334 19.8548 13.3666 -3.2337 19.662 79.7601
13.771 13.3939 2.6848 0.4082 0.2609 -7.7061 6.4316 4.2146 58.6537 151.1393
12.9646 11.1786 2.3395 0.746 0.4279 -14.6129 6.8501 10.4739 78.703 239.501
149.505 63.4383 4.1454 0.0879 0.0442 92.4654 74.07 -29.0553 53.131 352.487
246.847 119.294 3.5087 0.252 0.1403 -235.484 -257.29 -71.5425 54.97 347.79
245.8117 75.5443 3.3737 0.1933 0.1066 -277.308 -244.8445 86.856 56.911 197.303
16.1901 11.5126 2.4857 0.6046 0.3448 -3.4962 6.943 -6.539 77.3535 91.544
18.0345 9.8637 2.3464 0.6486 0.4302 -18.3739 -13.9722 -2.1193 86.9053 135.282
184.9312 98.5127 3.4638 0.1265 0.0813 35.3662 118.9162 16.6784 77.3193 315.2911
32.8874 7.9622 2.2486 0.4644 0.2628 39.873 8.4461 10.5126 57.7914 179.5325
21.7447 14.2619 2.4896 0.5948 0.3448 -9.2138 10.7121 -4.0639 38.5152 231.7017
46.5095 16.7168 2.5637 0.431 0.2112 -17.2024 -31.1099 9.5245 30.0222 109.1007
136.3685 95.3572 3.6573 0.0976 0.0464 90.2576 105.0176 64.9429 25.7463 48.812
20.4438 6.2095 2.317 0.8096 0.5614 16.6196 18.1316 -5.8334 23.1014 196.074
20.9681 12.0129 2.404 0.5128 0.2623 -0.7353 -8.0242 9.9688 77.8145 191.019
117.1218 14.8371 3.0446 0.2308 0.1429 -209.657 103.3694 -17.4809 38.4564 263.0177
108.6269 24.5233 3.1259 0.2502 0.1442 96.9825 81.1016 13.4889 15.2362 340.2056
91.2813 15.2824 2.5932 0.347 0.1799 59.9568 49.2624 -9.2647 66.8335 83.469
20.2423 12.4902 2.385 0.6016 0.39 13.9824 24.6235 -9.4909 66.6465 190.1815
27.6731 21.5776 2.8245 0.3628 0.2177 7.7873 -22.4266 -15.8182 46.8822 123.6403
262.203 82.2943 3.7197 0.1214 0.0619 -299.738 -152.016 34.0519 63.2988 223.485
155.425 130.67 4.5364 0.038 0.0191 -101.842 -109.775 104.014 71.937 277.544
33.3877 15.0465 2.3865 0.4065 0.2512 13.2927 -12.1814 -2.9696 66.4296 179.5712
262.0263 131.227 3.399 0.0992 0.0789 365.6528 -134.5952 110.0008 62.2396 58.3654
37.0402 19.0194 2.873 0.3014 0.1574 -0.2769 25.4779 6.1243 24.348 249.919
32.1076 12.2886 2.7287 0.3541 0.1424 -5.8487 18.745 -4.5997 52.3273 113.284
157.757 106.801 3.4859 0.1892 0.0965 59.7534 121.385 127.381 82.3074 416.326
69.6536 32.811 3.1655 0.1858 0.1042 -81.4523 -54.0003 -25.4955 4.42 247.971
14.4194 12.9566 2.391 0.6667 0.4178 -25.1584 -20.687 6.5382 77.9739 125.5237
268.5557 134.0939 3.5845 0.1042 0.0541 325.4172 113.3479 -101.6647 75.2391 116.3868
195.4811 89.403 3.6437 0.0799 0.0508 162.3306 149.797 -98.9363 85.6807 172.0408
32.682 13.5461 2.6473 0.3673 0.1707 14.9522 9.8967 8.3052 75.265 102.2822
23.0384 14.3798 2.532 0.4829 0.2586 -3.4681 16.5478 -6.0391 61.9346 144.8005
29.1979 5.5862 2.2863 0.8092 0.5875 14.6833 13.4088 -8.3881 83.602 237.952
20.7517 14.927 2.4518 0.5555 0.3881 4.6303 33.2333 -12.9532 57.1232 205.1802
158.731 73.6773 3.9326 0.0864 0.0436 63.4667 104.763 -90.1595 13.8859 169.677
271.4508 117.4579 4.6113 0.0328 0.0246 -353.934 -180.8497 -65.2278 73.2824 198.6563
225.011 94.456 3.5426 0.111 0.0675 -293.09 143.319 -99.1043 77.525 110.932
30.803 13.1578 2.6352 0.4338 0.2788 -2.8666 18.4847 8.8008 69.8058 76.1121
196.6816 55.4609 3.9577 0.0959 0.0548 129.4495 136.6905 42.8039 87.3238 293.4997
27.2144 12.2936 2.7243 0.4283 0.2142 -3.8718 -23.8603 8.6578 67.8016 37.2326
135.917 110.86 3.284 0.1238 0.0632 -117.032 100.5 -91.7792 61.485 202.202
122.4537 111.8373 4.1365 0.0512 0.0436 -127.104 -82.5405 98.2368 68.0289 301.4364
18.4116 10.5337 2.5694 0.5391 0.2871 -24.2303 -8.4522 -2.6289 26.715 234.499
105.1478 51.3997 4.1876 0.051 0.0383 -114.3564 83.0826 -29.099 40.1549 306.1684
104.4053 94.4102 3.2125 0.1871 0.0823 -96.8418 69.9405 116.7052 61.1733 232.1963
15.5815 12.8089 2.4522 0.7167 0.369 -8.2746 23.0532 -12.6156 51.4362 106.8125
158.597 69.6826 4.5348 0.0387 0.0196 -185.985 96.6959 -37.8982 28.954 227.682
20.6646 12.6322 2.3589 0.5208 0.3304 15.6523 15.338 5.2813 54.346 244.19
16.836 13.7933 2.4627 0.5544 0.3164 18.1786 1.7241 -9.4202 57.0521 136.7892
226.26 133.3309 3.5119 0.143 0.0745 344.4054 88.4554 -100.5533 75.0874 197.0715
29.7336 18.8612 2.6026 0.3496 0.1985 31.9584 12.0103 -7.1161 86.288 161.564
21.9424 11.8371 2.4158 0.6257 0.3896 -20.8372 -17.5034 9.4129 54.355 218.819
26.2948 10.401 2.6031 0.5611 0.3254 30.5724 17.1244 -9.279 22.217 243.991
201.3999 145.8588 3.463 0.1076 0.0599 -21.8528 -219.992 163.2697 72.8814 307.7284
28.971 10.9324 2.5938 0.4881 0.254 16.7047 32.0622 10.0511 32.9085 150.7236
138.347 115.051 3.4943 0.1 0.0511 -256.36 -78.3489 130.494 84.6519 217.354
22.1635 14.8168 2.5648 0.4088 0.2925 14.3514 17.3376 -13.719 67.5832 201.6649
33.6386 6.2984 2.6922 0.5162 0.3125 29.1915 16.6831 0.7437 3.0282 166.0519
27.4344 10.9533 2.7259 0.4624 0.2735 -11.0038 -10.4081 2.4234 31.9443 80.2647
22.3382 11.8207 2.3512 0.5212 0.3274 26.1748 12.4227 -10.4829 79.532 236.446
24.0895 10.6254 2.3738 0.4863 0.2812 5.3342 18.9214 -7.1366 89.2151 179.872
26.0169 11.9642 2.4807 0.5256 0.2992 27.9922 22.1867 -10.5129 29.352 176.426
120.776 90.0659 4.306 0.0525 0.0277 63.2978 84.9067 -52.415 24.028 235.673
116.935 28.2944 2.933 0.3337 0.1779 87.0188 -100.593 -27.9089 39.109 389.579
24.0557 16.0667 2.4983 0.3968 0.2238 11.9715 13.5878 14.2707 37.151 289.944
16.6153 8.1628 2.2398 0.7755 0.4484 2.5299 7.3005 7.0495 76.3942 197.1985
20.7756 6.6796 2.3021 0.7781 0.4813 19.5305 15.8775 5.9283 39.242 149.961
100.0086 21.5632 2.7262 0.3595 0.24 -109.1723 -66.2117 13.5921 4.9003 244.4479
32.1676 7.4484 2.4158 0.5182 0.2783 -3.4233 14.7312 4.4809 31.218 240.435
125.104 29.4991 3.1449 0.2471 0.1264 -134.848 -81.5644 -23.0578 74.2777 80.7517
42.2919 12.2386 2.6347 0.367 0.2143 25.2819 36.0425 5.9391 24.6072 265.7389
21.2489 15.2421 2.5966 0.5063 0.3152 9.6945 12.1388 12.1279 56.632 132.587
186.19 25.8494 2.9385 0.3088 0.193 -255.866 130.867 -9.9811 3.123 185.776
25.9342 16.1378 2.5599 0.4969 0.3631 6.9807 11.5668 -10.976 43.2059 217.8361
177.1863 82.2385 4.0925 0.0471 0.0443 -174.0459 -56.5149 80.8766 4.1574 191.9643
19.0295 9.3176 2.4886 0.6721 0.362 -2.3466 8.9353 6.0753 25.9104 202.922
28.5635 17.5002 2.5403 0.464 0.2637 3.6283 -19.3316 13.8962 70.517 139.061
31.7528 8.9225 2.3128 0.5012 0.2895 9.6952 23.8877 9.6464 85.9966 136.496
25.9126 10.5144 2.4381 0.7156 0.3672 -29.533 -6.1689 -1.3718 42.753 242.3657
42.5919 27.8144 2.8929 0.255 0.1077 9.7841 -32.1735 18.5697 68.0481 88.0571
32.9045 9.7782 2.2836 0.5119 0.2676 32.59 18.2646 -11.5326 81.3208 167.8863
19.8721 6.8393 2.3901 0.8106 0.4664 19.2303 14.9402 -4.8339 33.488 125.627
148.703 22.2667 2.6064 0.401 0.2339 183.475 -108.093 15.8184 73.7185 47.71
24.8831 12.3282 2.4132 0.4893 0.2782 29.306 15.2402 -3.1753 87.4535 174.1535
13.0894 9.8864 2.2589 0.8099 0.5427 11.8325 8.3367 -10.0015 86.1601 218.383
80.3573 46.7521 3.9682 0.1023 0.0395 26.4913 92.2686 42.4604 72.1289 122.6955
251.21 112.911 3.8177 0.1642 0.0824 -191.125 -219.222 -112.085 59.836 297.434
238.259 108.116 3.4111 0.1401 0.0731 275.631 45.4451 77.7217 81.0641 225.336
34.8773 10.9165 2.7528 0.417 0.2677 31.9997 25.0411 -7.3443 34.4381 86.954
29.7631 2e-04 2.3909 0.6504 0.3557 -1e-04 -1e-04 21.8978 28.716 207.369
174.171 109.01 4.7552 0.03 0.0151 -96.713 -132.769 46.3169 56.991 238.1
79.1072 33.3437 3.051 0.2454 0.1312 54.2248 76.2679 16.728 21.6826 122.771
268.384 28.4885 3.3417 0.1011 0.0549 -381.734 142.104 -11.1603 1.607 95.3574
31.2342 9.6561 2.7196 0.4312 0.2428 -24.4443 2.0028 5.932 50.9751 46.6709
18.9805 14.728 2.4997 0.5222 0.3465 -0.2513 10.4799 9.5463 72.4482 146.774
160.017 87.2486 3.7434 0.1208 0.0431 94.5528 -146.1334 56.2638 86.121 329.5835
67.0744 20.1901 3.0844 0.4584 0.3572 -33.1382 -61.3223 -4.2609 12.4831 290.1345
120.631 70.7331 3.6442 0.0901 0.0478 -18.0975 -120.188 -60.7307 48.8321 71.1156
90.696 82.1003 3.3201 0.1852 0.1036 2.2389 28.2554 85.0978 69.9 390.05
24.1567 16.1855 2.637 0.3659 0.2211 -49.2113 -12.5315 -20.4653 65.6452 207.0016
231.9656 90.4344 3.9677 0.0576 0.0334 -310.4866 -80.0512 -88.3351 86.7448 89.8175
32.0877 10.4917 2.7384 0.4 0.2073 -3.9676 8.5829 -7.4057 29.936 144.853
310.61 47.5318 3.3534 0.203 0.1256 -207.974 -171.812 -42.0762 43.9871 160.191
42.7059 15.6046 2.6898 0.4229 0.2339 39.4375 31.0628 -12.217 32.549 158.688
133.8881 114.3125 3.4859 0.2422 0.17 -78.818 -158.8424 71.7338 84.8106 344.2077
58.4251 33.7774 3.0024 0.2009 0.1009 32.4103 -11.2919 -17.9774 85.349 29.7258
52.3017 29.5335 3.1286 0.1792 0.1 5.0386 -40.6631 -9.61 25.925 150.792
172.39 27.8293 3.3374 0.1771 0.0968 244.83 -139.629 17.8981 55.8469 186.511
36.644 12.1712 2.6305 0.4977 0.2728 34.4687 23.3271 -11.7765 4.1453 59.6315
10.8682 9.257 2.3777 0.5395 0.2892 -2.1777 12.2105 -8.011 43.9752 160.7512
25.7282 10.6583 2.3086 0.4717 0.2383 -7.7729 -19.5781 -5.4326 68.858 166.511
30.7608 17.8241 2.7059 0.3622 0.2037 26.5204 -7.4183 18.2921 40.4061 229.209
16.6709 13.7816 2.2439 0.7545 0.4751 35.2264 -9.3629 -3.0051 84.4991 212.6206
141.71 32.7866 2.7408 0.4378 0.3243 61.3214 150.58 -30.5078 37.9397 65.5481
33.0706 6.9019 2.5218 0.5744 0.3263 6.9405 -13.3088 5.861 33.8447 38.7364
28.5425 11.917 2.5647 0.4387 0.2275 -4.0847 -24.532 -10.7587 36.659 132.207
210.64 96.1207 4.4476 0.0632 0.0336 -219.372 -90.5919 90.6092 85.7625 359.263
21.9698 10.8805 2.4962 0.6092 0.4226 22.4502 15.1204 6.4752 0.727 209.816
19.0848 13.7346 2.5849 0.6008 0.3966 17.2824 19.4696 -5.239 5.3161 213.714
14.0316 11.136 2.556 0.7438 0.5229 2.6217 -5.858 -12.7751 25.5951 232.1674
51.5958 8.8797 2.8045 0.3561 0.1922 26.5894 -23.7198 10.1686 28.08 206.792
215.696 54.2842 3.2674 0.2102 0.1164 221.742 -99.8108 -35.7136 82.8969 279.551
42.5547 10.4196 2.7997 0.3775 0.245 19.8116 18.0841 -5.8287 84.6029 51.065
27.3536 22.6607 2.6217 0.3226 0.1756 25.1772 -18.2486 11.6014 79.061 194.565
155.5731 99.8859 4.55 0.0139 0.0047 72.5346 -99.744 75.8539 38.281 224.9873
149.8725 64.8825 3.467 0.2003 0.0952 319.5395 -144.6621 74.0211 88.6655 374.1284
156.027 117.959 4.3022 0.0759 0.0393 -124.84 -185.515 78.9766 40.085 329.317
220.9871 26.544 2.9572 0.2357 0.1471 150.8274 226.3506 16.6093 16.1113 98.1594
31.2103 16.3383 2.5085 0.3721 0.2031 -30.1863 -15.6654 9.9051 75.7077 187.14
33.5606 14.1305 2.6128 0.4951 0.2841 32.1312 25.0528 -11.6015 32.982 120.091
20.3846 11.4401 2.4065 0.6392 0.4569 12.5566 20.6341 -9.7762 32.858 242.619
221.7522 138.8445 3.4021 0.1322 0.035 -76.8735 118.7451 125.1524 54.683 39.9043
59.5231 26.618 3.3531 0.1627 0.0689 12.4539 72.716 19.2167 34.5736 238.7755
46.6182 28.6493 3.1365 0.265 0.1471 49.0288 48.6994 -20.4308 24.037 276.2012
31.0399 18.6253 2.4225 0.3899 0.2706 -17.7606 -27.1354 16.0146 45.758 79.4105
21.1622 17.2962 2.5516 0.5177 0.2206 -4.1092 12.0874 5.8623 62.3566 144.1204
236.715 92.616 3.52 0.1015 0.0539 -321.209 122.712 -89.4731 25.7824 71.289
190.092 94.394 4.3095 0.0638 0.0344 -228.84 -146.053 55.255 59.417 304.352
218.7697 89.6099 3.7535 0.0709 0.0602 62.1269 -133.2216 -40.7504 88.1886 271.977
17.8317 10.1327 2.398 0.7668 0.4405 12.0647 7.9338 14.706 1.6673 235.4956
20.7559 10.7539 2.3139 0.5825 0.3131 6.273 -17.5199 8.4671 68.268 138.323
35.0625 17.8621 2.4183 0.4122 0.2271 -17.3781 -30.4438 9.7124 76.765 71.6078
21.1064 13.3696 2.4313 0.4805 0.2348 2.703 -9.5853 5.4504 67.4128 142.2807
96.9419 35.3037 3.0671 0.2802 0.1855 -137.509 77.0775 -23.2123 7.0149 302.977
120.9462 63.157 3.2739 0.1734 0.1159 169.8631 -92.7586 43.2713 10.9991 112.6873
94.8668 62.2788 3.6827 0.0902 0.0645 -153.4305 57.4714 51.3952 1.6705 281.3076
19.9856 12.7567 2.6459 0.3979 0.2036 2.7455 0.5936 5.2597 42.7667 227.791
93.7206 67.8792 3.6193 0.2792 0.1253 -82.8405 -93.6194 -69.5794 81.6774 423.687
116.2172 43.1308 3.5315 0.2652 0.1369 14.4814 -114.9474 29.925 9.2964 373.8893
21.3131 0 2.3375 0.7632 0.4943 0.9655 -7.6499 0 82.9932 130.881
30.3294 14.5734 2.666 0.3258 0.165 -37.7099 13.7241 -7.8687 73.44 130.171
220.728 33.6722 3.6362 0.1003 0.0572 -333.067 165.442 28.5552 71.0839 24.9837
225.1348 170.2863 4.4923 0.0499 0.0225 -197.2205 -189.8168 130.8545 55.482 225.1874
66.8887 38.4392 2.9941 0.1468 0.081 -14.8545 -70.5258 13.9014 16.8956 223.7931
22.976 11.1673 2.5099 0.5873 0.3539 5.3742 21.856 4.2171 16.2339 211.03
42.0898 18.031 2.836 0.4697 0.2998 -38.4401 -36.9882 -13.5971 26.5244 205.6
19.2323 0.206 2.2642 0.8132 0.5305 28.7715 19.4161 4.0325 15.844 196.1829
42.4352 17.724 2.7828 0.3083 0.1558 -25.8828 -26.6386 -10.6891 32.1443 222.614
44.1958 16.4841 2.9437 0.2743 0.169 0.0024 17.5572 12.1674 75.451 91.435
131.0877 36.8068 2.8841 0.2995 0.1637 -141.3455 -81.2328 -22.4795 60.4176 52.4163
37.3478 8.3192 2.5718 0.575 0.3801 12.8487 1.1598 -1.5187 27.8649 160.4892
143.0334 28.2636 3.0685 0.2681 0.2198 -187.8751 48.4919 -20.274 11.0121 202.688
86.7215 68.3604 3.8487 0.1561 0.0804 -87.1881 -34.4964 34.6979 5.338 393.465
98.9974 36.6955 3.1504 0.2313 0.1163 -128.338 -27.0749 -28.3713 3.854 355.251
32.618 17.9829 2.564 0.4341 0.2678 49.5545 -20.8167 -12.3273 46.9598 219.2849
22.6092 15.5101 2.7878 0.4971 0.2828 14.7947 17.7671 5.0887 15.158 225.91
19.4865 7.3947 2.5058 0.7551 0.4321 -2.3691 8.6595 4.5933 9.768 181.37
118.059 112.7049 4.2092 0.0564 0.0225 -71.9885 -147.446 91.9816 70.1747 237.7985
239.4684 63.4614 3.3129 0.1095 0.0539 -84.3968 -256.075 -35.9185 83.7129 258.443
23.0323 1.647 2.4553 0.6525 0.3761 10.5754 -7.9269 13.7923 34.8118 152.8259
49.711 18.5403 2.954 0.2317 0.1265 46.6148 33.7216 14.4988 38.0285 183.968
43.9146 9.9895 2.667 0.4349 0.2422 25.4376 31.7998 6.3155 32.839 101.687
12.926 11.3551 2.3988 0.7425 0.3812 -15.032 4.5285 -11.711 60.0829 193.697
114.5547 80.0698 3.9291 0.0805 0.0631 -56.6393 94.7292 -83.6275 0.2862 276.2978
155.683 86.7432 3.7086 0.1152 0.0613 97.9178 -147.471 57.2936 89.0275 331.552
221.842 28.6898 3.3901 0.1251 0.0772 -234.152 -213.995 -15.2616 16.173 110.919
21.9109 9.4128 2.4552 0.6956 0.5012 11.5372 11.3575 -12.2756 66.4151 122.2868
22.5869 15.6789 2.56 0.4892 0.2648 -32.2402 -0.2869 7.846 59.4342 153.701
14.9725 11.0461 2.4952 0.5686 0.3141 11.9146 26.4058 -11.5537 4.1304 179.3368
91.9461 60.0205 3.5508 0.1075 0.0544 74.587 101.972 55.2577 41.784 232.257
27.0083 9.4426 2.3531 0.4967 0.2639 33.0887 19.933 7.3488 78.6525 199.011
287.7708 35.2639 2.8964 0.3985 0.2743 -363.3382 199.2069 17.0406 24.9144 130.3047
25.4432 6.611 2.5105 0.679 0.3627 -7.4657 11.0785 -7.4821 46.22 47.3819
19.9786 9.2008 2.4346 0.6507 0.4283 -4.1789 14.4521 10.3094 78.2768 32.3245
27.7629 4.2455 2.3537 0.7636 0.4276 -0.9195 0.5293 9.4327 60.2751 154.2721
12.9512 11.0321 2.4091 0.7368 0.4581 -14.0676 7.0344 -6.6587 68.3731 204.969
36.1534 20.8358 3.0699 0.3142 0.1656 -2.7828 -25.6588 13.8344 56.8776 96.139
85.7372 18.5762 3.0839 0.2708 0.1634 -118.9337 39.184 13.9181 20.6114 286.3504
26.3485 12.543 2.3261 0.6658 0.4151 -17.7116 -32.098 8.6822 81.0902 108.6077
137.881 73.0254 2.7955 0.2274 0.1193 -213.901 129.214 73.154 75.4894 256.439
48.9181 27.5344 2.76 0.4388 0.2411 -54.8579 46.7955 17.9792 76.8882 56.9977
25.4681 12.8389 2.6393 0.4709 0.2855 32.7204 23.6519 3.3217 26.477 196.8224
22.8193 11.7898 2.3993 0.5336 0.3351 31.9121 19.2297 -9.1213 81.5248 234.5757
11.8465 10.9758 2.4908 0.6086 0.3112 27.7157 24.577 11.4227 27.3756 171.9282
20.5081 12.024 2.5244 0.5232 0.2616 1.5669 -12.8854 7.3086 37.6139 229.375
111.7246 56.7521 3.1875 0.1608 0.0843 129.8734 61.8305 10.5023 30.6901 148.4478
23.0903 4.6362 2.2642 0.6891 0.3617 -36.6709 -10.2799 6.4944 46.6873 39.3271
239.7724 32.4624 3.1081 0.4108 0.2893 -323.027 190.5494 -23.9543 42.2162 194.9762
126.029 73.1423 3.3742 0.1496 0.0767 -139.185 44.9656 -93.3485 1.508 189.561
93.8895 46.4801 3.5995 0.2615 0.1701 14.5211 49.1538 -42.82 15.2121 341.5698
166.073 132.015 5.0118 0.0162 0.0086 -257.948 84.3519 41.5151 37.371 162.484
16.5575 9.0688 2.5881 0.5575 0.307 7.5579 12.7325 -2.7168 22.7032 71.2735
222.9085 110.8744 3.9151 0.0373 0.029 575.2407 -264.2232 -97.7706 37.703 192.7844
85.8964 14.4244 2.6696 0.6694 0.4873 -57.7664 -80.4154 -16.75 22.4597 322.9645
27.5492 6.6931 2.4914 0.6419 0.3855 12.8989 14.4105 5.2811 13.968 207.396
21.9633 9.5128 2.248 0.6045 0.3192 -4.9598 16.6868 10.7725 53.3763 263.903
12.977 11.2337 2.3434 0.7483 0.4059 -14.8661 5.9407 -11.3905 71.4072 178.037
62.1966 39.1505 3.2655 0.1536 0.0795 -67.5718 45.3843 -36.4981 1.945 269.637
38.6913 19.2133 2.781 0.3361 0.1697 33.0588 22.1306 12.9994 20.12 264.534
17.8206 10.352 2.356 0.6608 0.3326 -21.7175 -10.5776 6.7436 73.0659 229.696
17.9003 10.3235 2.3766 0.7143 0.4433 -7.1192 14.674 -5.4557 71.226 110.134
22.182 8.6884 2.5738 0.5376 0.3048 -13.6175 1.1238 1.7893 23.8544 188.1051
49.6425 9.84 2.4961 0.5485 0.2908 -53.4067 -42.9702 -10.796 26.7642 249.1974
27.7118 2.2078 2.3803 0.8141 0.4716 -16.7315 20.2097 -1.1527 53.0785 190.6358
21.1547 9.6927 2.4502 0.6277 0.3564 -1.2294 13.5207 6.454 42.3649 144.989
189.129 17.6867 2.5966 0.4734 0.2848 128.579 162.212 6.6312 8.699 205.285
73.889 20.924 2.6997 0.2487 0.1527 81.2 25.2975 -20.2699 20.778 130.2067
111.372 43.2331 3.5877 0.2574 0.1405 8.0994 -113.263 27.1425 8.486 372.951
83.9567 30.1932 2.7654 0.3561 0.2168 65.479 76.965 -19.495 81.213 123.8843
24.5597 10.0908 2.3646 0.5313 0.3218 -6.9375 -18.2864 8.0077 77.663 265.617
18.5949 10.0448 2.3563 0.5466 0.3201 20.2303 22.3744 -9.4327 58.2024 192.1491
18.4306 14.1015 2.5821 0.5182 0.3167 13.4524 22.221 18.227 36.3869 197.7587
173.882 72.4744 3.2472 0.1398 0.0733 77.0394 196.643 -82.5138 67.5281 191.605
182.1988 30.1159 3.6056 0.1217 0.0534 -235.4168 -218.1265 13.2204 2.0516 93.7571
18.0766 4.9075 2.3023 0.7805 0.4709 -7.9265 7.482 1.4929 22.1043 57.8698
52.5772 25.1815 2.7124 0.542 0.3845 -40.8749 -18.801 -20.6084 10.2974 299.2486
123.7507 88.0211 3.4831 0.2012 0.0985 48.1103 79.9657 -103.8981 44.4057 301.3919
87.3343 58.5352 3.8619 0.1653 0.1011 -96.7451 -57.552 -31.9197 1.1715 387.7073
183.615 71.5243 3.3483 0.3686 0.2226 -174.906 -149.21 105.178 72.373 450.349
17.264 9.5686 2.3383 0.5855 0.3556 -3.0337 8.7888 5.3275 58.6985 189.7578
10.1722 8.5135 2.3212 0.8271 0.51 10.9355 8.7851 7.7255 36.157 98.9462
18.761 7.4257 2.3454 0.781 0.4718 -2.786 7.8638 -2.7913 86.5675 204.295
21.9614 15.1584 2.5353 0.519 0.3338 9.4394 15.4084 12.813 50.547 161.913
45.7594 31.4493 2.923 0.1648 0.0854 -33.0647 -31.0978 5.5287 36.1302 142.638
29.5565 8.3588 2.4612 0.5121 0.2591 9.4232 24.9024 3.6607 46.1951 102.2483
30.2887 12.794 2.4518 0.4806 0.2845 19.259 25.3402 8.6476 44.754 209.325
294.3411 59.6299 3.304 0.1888 0.1147 396.3379 -178.559 -45.1044 57.5015 128.5567
14.8519 2.0429 2.1337 0.541 0.2904 1.6685 -7.633 0.9916 44.2466 237.998
26.1467 8.3126 2.5955 0.4855 0.3044 31.7919 33.7269 -11.1716 19.982 223.1163
159.0142 92.2572 3.3439 0.2028 0.1361 209.7211 -70.7409 77.5179 63.5359 326.1471
20.6036 8.0127 2.4728 0.6869 0.436 3.4746 -13.6162 10.3856 35.442 83.7151
200.881 59.7478 4.0229 0.0864 0.0484 127.156 127.103 40.4597 85.576 295.34
229.452 41.0479 3.7118 0.0732 0.043 -223.369 -75.8655 9.4872 16.809 121.951
19.3968 15.3263 2.5076 0.5567 0.3211 27.5058 23.1146 -20.1709 43.9538 147.2857
170.3012 137.2039 4.8252 0.0188 0.0103 -167.003 -114.4262 -78.7464 58.4804 223.3783
26.7613 11.2118 2.4851 0.4228 0.2448 -4.2911 -20.7967 -9.3412 53.0969 98.4314
19.7064 16.3057 2.5353 0.5673 0.4009 -5.8563 -8.7164 8.7247 68.8497 58.388
230.579 58.3893 3.2865 0.2689 0.1528 -258.404 76.7832 -33.7074 13.8834 131.135
69.7257 14.8399 3.1906 0.2659 0.1549 -82.4744 49.1708 -12.2346 22.17 303.2034
87.9463 55.4915 3.5721 0.1372 0.0818 -22.6729 -108.63 51.2736 89.672 105.067
28.5649 14.5312 2.5551 0.4345 0.2354 -11.1828 -14.3936 -11.9782 50.1338 130.194
41.7345 24.797 2.8215 0.2685 0.1486 -18.2085 -27.2124 -17.38 62.685 58.6548
276.247 53.6321 3.1099 0.3315 0.172 -269.518 125.085 -49.7099 24.795 192.863
235.494 60.034 3.1831 0.1181 0.0659 -287.561 -230.861 -55.6196 54.3753 73.1879
17.4193 8.0879 2.4728 0.7508 0.5774 -1.0364 10.7335 9.1531 39.6144 193.862
123.889 17.1761 2.6998 0.3752 0.1886 101.374 104.646 3.8947 9.9324 352.524
222.77 24.8556 2.8765 0.3269 0.1654 129.91 231.446 14.6602 20.158 78.7911
34.6358 15.4678 2.6106 0.4514 0.2396 -48.8375 7.0115 -9.4341 44.7503 124.1115
125.701 20.8562 2.8179 0.397 0.2 50.0152 147.477 -4.7045 7.3945 248.808
86.7215 68.3604 3.8487 0.1561 0.0804 -87.1881 -34.4964 34.6979 5.338 393.465
268.8506 28.0537 2.9917 0.2521 0.1248 -260.1539 -293.1762 20.7527 57.4598 335.4295
30.494 11.1994 2.7517 0.4677 0.2347 -8.196 17.6262 11.4619 32.6759 100.301
17.1591 14.682 2.5132 0.6748 0.4248 -2.3945 -13.896 -12.9421 52.812 156.192
130.764 77.6689 3.3468 0.1611 0.0839 192.356 -99.1321 67.8652 53.7738 86.4096
243.157 142.458 3.6309 0.131 0.0661 -195.688 -219.973 125.381 71.309 341.788
101.792 19.2901 3.2609 0.3504 0.1856 -34.933 -55.9212 -6.4543 20.49 347.321
165.576 94.4208 4.3399 0.04 0.0204 10.6509 19.9567 102.211 16.1094 174.916
15.7184 7.1269 2.3419 0.6523 0.3406 9.8528 -8.6536 -7.2641 76.7026 128.8883
131.1632 33.058 3.5216 0.0494 0.0445 81.0172 124.4038 -12.9859 7.5425 54.8115
21.9325 6.617 2.4057 0.7308 0.4342 -22.5289 -13.7398 6.6181 58.5795 148.425
26.9295 12.6185 2.4103 0.4712 0.3054 17.1858 -14.1853 1.5599 69.1376 111.5764
40.8359 10.4427 2.8212 0.3698 0.194 41.5241 25.9017 11.8773 24.092 111.796
180.996 145.783 4.4571 0.0516 0.0277 -63.5218 -160.89 132.388 67.1736 291.994
173.882 72.4744 3.2472 0.1398 0.0733 77.0394 196.643 -82.5138 67.5281 191.605
75.0371 22.1402 2.786 0.2488 0.135 -83.5848 63.8216 4.1572 21.924 284.798
16.7272 10.9885 2.5769 0.7285 0.6159 8.9765 19.1379 -11.3508 28.904 177.274
13.7208 9.0672 2.2695 0.7527 0.3896 33.7269 8.9243 -6.9319 81.4517 220.8243
58.3755 52.6013 3.1552 0.2506 0.1422 20.1808 -59.4742 56.0486 22.6831 6.564
13.9485 11.9322 2.4082 0.7109 0.4941 -1.7021 -6.3541 9.8194 65.6699 148.228
29.1133 11.8054 2.5833 0.3906 0.239 1.0719 12.5734 -10.7898 61.2334 101.9478
216.8868 93.9395 3.6091 0.1137 0.0519 -222.3405 -152.3833 -111.9917 28.7696 166.265
23.0991 12.3089 2.721 0.4715 0.2367 22.5661 11.8269 -9.8127 14.7613 251.344
140.796 87.5776 3.4786 0.2362 0.1354 -156.334 -100.459 -113.221 35.534 308.285
21.4311 6.9151 2.5105 0.8056 0.6065 10.0764 21.934 8.6743 38.947 172.058
201.2789 88.221 2.7455 0.5112 0.278 -179.2937 -166.2354 73.3354 11.8913 317.1464
29.5528 17.6585 2.6821 0.42 0.2318 -17.3224 -20.3974 17.2065 43.0807 208.004
97.8682 42.3994 3.0145 0.2747 0.1465 13.9741 68.6183 -25.7517 18.895 342.372
136.889 72.3826 4.1066 0.1074 0.0578 38.5341 -81.6242 65.6749 81.5495 404.955
10.2413 6.6381 2.3786 0.7462 0.3717 -16.6897 3.6371 9.4689 89.1466 192.3161
31.3006 6.9728 2.7675 0.5226 0.2741 11.2284 19.0511 9.592 4.3556 161.403
48.1061 43.2783 3.462 0.09 0.0714 3.5902 -34.4019 31.1157 20.8127 136.0762
206.5307 105.1574 3.362 0.3793 0.2417 -274.9827 174.4359 -91.8915 84.6314 336.1271
157.301 74.4076 3.1547 0.2759 0.1635 153.755 84.047 -56.4149 2.6081 96.5053
273.4335 220.5144 3.5 0.0645 0.0529 349.1051 140.8111 -90.301 51.5325 162.6092
25.1122 16.7456 2.6904 0.4218 0.2126 -25.947 -3.9846 -3.3261 42.2479 178.2127
27.4283 13.5305 2.3493 0.4608 0.2438 -15.2415 -13.2167 12.8596 83.1842 170.572
23.7017 7.0161 2.4049 0.6741 0.3775 -19.8851 4.7087 -3.7805 88.3684 254.1367
29.8023 6.9143 2.6234 0.5739 0.3355 13.2456 -14.041 -7.8159 18.3516 122.0615
24.1087 13.6779 2.4513 0.4671 0.2712 0.1818 -3.0426 10.4616 84.428 193.4071
21.417 10.8622 2.2504 0.5562 0.2949 -21.8918 -18.919 -10.3199 84.3192 136.646
68.5716 16.3808 2.8271 0.2285 0.1852 -35.5697 -43.3323 12.9469 13.7631 135.1112
47.9114 7.7983 2.4407 0.4137 0.2474 -41.2242 17.5598 -9.789 38.0807 132.6536
84.0748 26.5362 3.2948 0.1298 0.0595 79.3344 64.826 -13.22 35.5998 183.4185
126.593 37.8483 3.6095 0.1192 0.066 98.1316 143.764 21.8229 18.705 76.9913
71.3472 26.9574 3.1461 0.3 0.2184 -20.3217 -40.5541 -19.2196 17.5318 310.3971
31.9845 20.2225 2.7638 0.2894 0.1611 39.0465 22.3686 3.6706 41.1956 220.921
20.6693 11.5061 2.4314 0.6926 0.4204 17.2879 21.3296 -11.4147 21.0135 168.44
104.0759 79.5279 3.6335 0.232 0.1038 -83.457 -116.3219 -91.9458 0.5341 399.6806
45.2596 22.6076 2.8432 0.2482 0.1528 -9.5471 -25.6884 -11.1736 45.9251 28.4825
212.597 108.123 3.2695 0.2043 0.1105 -89.6901 -246.396 -85.3807 2.4385 272.128
133.5869 104.3823 3.2622 0.141 0.0823 -207.3567 104.7099 116.5691 4.1599 119.8979
183.006 67.1351 3.9101 0.0776 0.0456 -182.93 111.716 16.1009 14.6853 184.562
27.9892 25.4973 2.6498 0.3516 0.1848 -14.6076 -18.4566 17.7791 76.933 224.416
211.8697 57.7383 3.1707 0.227 0.0905 70.5678 238.321 -37.908 65.2246 109.4099
164.2923 72.6052 2.7509 0.3066 0.1572 -231.6025 156.2367 67.0884 8.7457 244.743
149.9592 87.8616 3.5358 0.1327 0.0727 169.9821 103.3467 37.9742 87.9998 254.0183
240.754 228.0385 4.905 0.0303 0.0125 198.3768 -102.5088 -205.8947 77.6662 162.6817
67.4221 23.1555 2.8748 0.2895 0.1754 -80.7482 -44.557 18.4183 20.9816 258.577
19.391 10.1452 2.273 0.5081 0.2901 -23.396 -19.7125 9.4549 86.4626 77.0838
12.9964 10.857 2.4949 0.752 0.472 -13.6806 5.6924 -8.245 0.4508 117.09
58.5826 34.8313 3.0607 0.307 0.1691 48.8875 50.7043 24.4377 16.798 239.922
56.3397 10.6337 2.9504 0.3386 0.1867 1.6318 34.4433 -5.2656 18.458 94.5246
39.8457 13.0614 2.5575 0.3463 0.1787 -47.8524 -6.6113 9.7985 67.8886 49.5732
94.3067 91.1296 3.8161 0.1104 0.0255 -26.3364 76.663 27.8614 49.8113 43.3309
63.6221 19.8789 2.8562 0.2639 0.1417 -50.101 -40.1622 10.9015 18.4513 174.6495
134.9928 88.347 4.5317 0.0686 0.0412 -72.6007 -79.1155 -49.0191 2.46 269.0421
19.0848 13.7346 2.5849 0.6008 0.3966 17.2824 19.4696 -5.239 5.3161 213.714
16.0412 6.6282 2.3151 0.5094 0.3107 -3.6182 11.0145 -10.9277 56.1641 168.8122
48.4191 23.3419 2.7702 0.3637 0.1785 -42.2439 -15.7444 11.0869 20.5643 148.2865
246.179 101.178 3.4987 0.1431 0.0725 -326.114 -149.52 -84.261 33.491 193.375
18.7485 0.6007 2.2685 0.7225 0.4474 -1.9626 -0.1305 -5.628 89.6541 210.2822
22.4042 8.5516 2.3075 0.6995 0.3818 -25.5411 -10.2931 8.7528 81.6413 230.023
44.4402 10.4281 2.5818 0.5347 0.2744 43.3012 23.0425 -0.2507 19.7216 167.4829
74.3058 10.8371 3.0143 0.239 0.1243 -27.2986 28.3482 9.5231 17.416 212.865
120.1296 30.0357 2.8145 0.3898 0.2383 -127.4518 65.8696 -19.5101 14.3856 213.8886
124.787 19.5238 2.4976 0.3816 0.1987 8.3601 115.169 -7.8125 28.935 117.201
195.949 143.465 4.6964 0.0316 0.016 -197.949 -208.803 124.621 23.2154 236.927
29.3057 18.6388 2.8241 0.3313 0.1625 -28.6626 -17.4843 -9.8412 41.7415 196.7177
184.224 165.886 3.5461 0.0808 0.0448 -260.17 93.8146 121.181 3.7745 70.1499
149.4514 68.7027 4.4422 0.044 0.0186 -9.0159 -117.2844 -39.1922 86.6215 146.9452
78.6741 48.7446 3.216 0.1088 0.0569 18.538 18.8247 -38.5338 1.7904 138.305
17.9171 10.7729 2.5184 0.6905 0.4186 6.713 9.8405 -1.586 2.335 187.5844
86.1587 48.714 3.347 0.1493 0.0794 13.7187 74.3019 -28.4124 17.3795 324.592
44.3821 14.2659 2.5481 0.3963 0.2076 -27.0316 -13.7545 -5.7008 48.3804 48.1001
23.0916 8.971 2.4108 0.6175 0.4291 9.7476 9.249 -6.5998 73.696 149.158
33.6669 13.474 2.3469 0.463 0.2797 48.4247 13.4832 -5.5455 58.7225 226.0685
77.3767 19.1751 2.5128 0.5528 0.3464 91.7632 -30.6467 11.3837 18.283 154.8265
141.0382 8.6551 2.493 0.5991 0.3821 -184.3575 115.247 -10.1714 10.7012 160.0322
68.5255 35.0039 3.0126 0.2516 0.1287 -83.0372 -58.5607 20.2421 4.985 241.603
221.7887 190.5432 5.3233 0.0327 3e-04 -270.2782 -48.3586 -120.9143 84.9955 92.7104
118.71 89.4659 3.4193 0.2742 0.1388 57.3669 -71.8817 117.371 32.8558 369.18
138.144 62.2837 3.3476 0.203 0.1201 -304.226 159.495 -80.4377 60.3232 185.874
17.8947 8.2788 2.4914 0.7452 0.5532 0.613 -10.9521 8.9363 70.6041 134.365
95.0296 23.6139 3.1321 0.3299 0.1863 -84.2197 -23.9245 -17.1221 20.3594 357.8884
205.425 37.7936 3.2727 0.2167 0.1257 46.0952 -210.935 -29.7478 60.058 206.173
123.179 24.6852 3.3411 0.2585 0.1411 -75.3966 69.1339 18.4605 8.987 343.242
171.859 113.4542 4.8376 0.0517 0.0076 35.4842 -85.1029 52.2648 74.9744 63.6026
182.96 15.8671 2.6794 0.3326 0.1726 282.706 -172.866 10.9651 49.632 160.905
217.9767 81.4307 4.4281 0.0131 0.0015 -268.4071 -150.8968 70.2509 28.1002 152.8108
286.427 161.099 3.4646 0.1365 0.0722 -313.453 -136.443 104.738 87.6742 264.825
23.1772 16.8625 2.5359 0.3348 0.1703 17.8232 9.253 14.1707 89.276 194.358
28.059 11.3657 2.6604 0.4765 0.294 -1.4959 23.0443 -8.6911 24.4896 139.375
267.768 145.251 3.5586 0.0804 0.0405 374.603 -136.673 120.53 44.655 85.569
45.989 11.4069 2.8112 0.3907 0.2077 37.5871 33.2423 6.1523 24.65 67.2814
19.486 6.8513 2.3191 0.8249 0.4628 -19.0318 -14.5312 -4.0024 82.6001 237.974
115.497 20.0223 2.7392 0.3993 0.2197 -68.323 -137.52 14.3532 86.1711 152.664
20.2832 11.8635 2.5927 0.6181 0.3538 2.4571 18.7698 7.2128 8.7688 226.524
256.9246 109.672 3.5786 0.2293 0.1436 402.1863 -212.2697 53.9337 84.6171 304.5197
35.1524 27.2944 2.6748 0.2895 0.1301 -1.0007 -19.9024 -15.4176 54.3607 170.7192
33.9106 14.8404 2.38 0.4109 0.184 -27.3314 19.6307 10.0483 82.1697 239.6796
24.0306 11.2437 2.5871 0.6261 0.3894 11.3171 18.1005 -10.7941 5.9344 268.438
19.1141 12.2076 2.4676 0.5554 0.3186 -3.8694 10.6297 10.5675 48.2306 177.912
161.5387 119.7201 3.8941 0.1005 0.0455 315.3522 -87.3341 29.0148 83.2382 285.93
31.1424 9.3064 2.6739 0.4767 0.2786 -3.7894 21.0948 -4.2359 53.9669 55.5175
114.176 96.2985 2.9388 0.4571 0.3057 -49.8439 -129.515 104.781 60.221 412.636
29.6823 21.9488 2.6147 0.5073 0.335 -13.8653 -23.2324 -14.0536 88.587 145.9518
144.73 43.9751 3.4122 0.1033 0.0571 11.6485 -147.616 33.0563 2.4463 208.064
33.4632 15.0472 2.5942 0.5037 0.2753 10.8904 21.8814 -15.1947 26.3512 223.9934
13.4794 10.0589 2.4091 0.8148 0.4581 13.8625 6.3151 -11.6744 4.148 253.525
33.4631 22.732 2.5083 0.3714 0.1843 12.4392 -6.0142 20.3242 77.2515 206.8061
32.1947 28.1355 2.7889 0.3887 0.2076 -36.4428 -40.5452 -14.8161 14.5518 137.4607
295.672 136.9041 3.3433 0.1913 0.1174 -169.8886 -318.3002 101.9497 53.1805 293.553
66.2396 33.1212 3.3402 0.1613 0.0889 -73.1423 26.4824 -24.641 11.7065 253.632
19.2861 12.3222 2.4125 0.5338 0.323 1.1189 -10.3509 -10.0682 73.094 167.844
182.8099 91.4597 4.1414 0.0442 0.0411 64.6934 -142.9141 -49.8209 67.0593 180.2302
133.346 91.4716 3.3214 0.3096 0.1605 -217.746 114.082 55.2309 48.3842 346.524
16.68 15.0063 2.6514 0.3501 0.227 4.6893 16.2482 14.6598 64.722 256.4629
261.9837 44.4222 2.9195 0.4437 0.334 -288.1307 136.4803 25.5044 4.1909 249.1461
174.725 119.746 3.7066 0.0875 0.0484 -266.266 -135.138 67.6702 46.165 194.063
195.598 87.2875 3.9584 0.095 0.0478 -20.0864 -100.211 19.9813 87.8503 375.54
25.8564 11.769 2.4195 0.4931 0.2416 31.408 18.4281 6.7582 84.2325 216.0166
20.5036 8.7406 2.4683 0.6565 0.4201 21.2188 14.2452 -2.6566 16.992 157.411
23.5269 10.3603 2.3551 0.521 0.2892 14.5135 -15.4716 -3.9443 82.5176 222.778
36.461 15.4114 2.4514 0.4665 0.2437 53.5965 25.57 7.1297 87.1801 312.4369
256.792 171.9848 4.0709 0.0501 0.0474 253.046 -76.4121 143.8753 85.8723 225.1622
60.5741 24.3031 2.8924 0.2755 0.1634 -48.3828 47.3937 19.0604 20.725 301.69
155.252 115.853 4.2441 0.0642 0.0458 -137.2501 -95.8462 86.9066 58.7259 349.5226
254.0912 129.8571 3.5467 0.1239 0.0697 369.5594 -132.2893 111.7821 63.6941 68.6075
33.2691 9.1269 2.6728 0.4437 0.2553 12.3981 19.9081 -5.3204 20.78 180.4168
12.9801 10.8815 2.4175 0.7457 0.4723 -13.697 6.0371 -7.0019 30.803 78.2618
289.856 160.324 3.568 0.0854 0.0456 402.925 -121.901 132.589 16.4804 33.2553
77.1021 39.53 3.022 0.2852 0.1592 43.4484 74.3684 -37.5037 77.893 113.484
16.1811 11.7269 2.4739 0.677 0.4399 16.7572 14.1795 -6.5555 19.4003 186.2513
121.638 47.1142 4.2662 0.0632 0.0319 -73.448 -92.407 -31.005 6.2392 107.13
177.3946 84.847 3.3416 0.1725 0.0988 -312.9195 -127.8297 80.7389 84.1682 302.2098
68.8641 21.4735 2.9484 0.3525 0.1909 -62.2684 -41.2418 14.4764 0.1121 175.83
147.9936 52.9572 3.3779 0.0868 0.0393 250.2342 2.476 42.7271 15.4543 228.1573
23.5463 13.5595 2.6309 0.4772 0.2538 -7.8784 -7.2848 -3.5004 52.9529 77.7417
184.1744 70.3681 3.2656 0.0991 0.0563 -378.9457 180.7741 -42.7278 89.5442 39.5465
24.3597 9.7699 2.5781 0.6209 0.3554 25.3583 21.8366 -5.5364 82.8383 44.0299
96.7934 34.2141 3.7176 0.1688 0.094 -107.84 -53.5393 -18.8019 11.061 294.38
17.359 11.5373 2.3597 0.6306 0.3164 22.7873 21.5536 -11.9094 57.816 183.6585
151.776 59.303 3.3893 0.1175 0.0594 174.771 146.056 53.6036 15.6891 211.673
27.9449 11.6227 2.3775 0.5367 0.2704 -25.5436 15.2992 10.9436 49.5158 213.394
20.5762 7.3068 2.3882 0.7122 0.4974 1.9946 17.1615 -4.5782 68.0969 175.4358
10.6594 6.5097 2.4681 0.8912 0.5265 20.9863 -6.688 3.7547 20.5723 145.2747
12.8364 11.4899 2.2911 0.7315 0.3862 -15.1811 6.5266 11.3796 71.401 239.381
149.0328 82.3057 4.5326 0.0196 0.0161 18.5865 -71.2493 40.8908 87.8868 274.6639
29.1157 15.4214 2.633 0.3234 0.2029 -35.2034 -21.0584 10.8939 19.0248 63.2807
21.0075 15.9626 2.4903 0.624 0.4377 14.9497 14.2554 10.1394 24.7104 171.7924
23.6044 13.879 2.5441 0.5114 0.2643 7.3994 -4.1243 -14.2747 64.214 107.641
74.0956 31.6713 3.2017 0.1747 0.0971 -39.1718 63.8177 23.0124 23.727 286.242
52.5918 13.7054 2.883 0.2631 0.1549 -68.9547 29.8911 -1.9801 23.465 215.3091
31.4295 17.7595 2.8058 0.3002 0.1509 -14.7234 10.3276 -6.3248 50.569 156.868
171.2088 15.6716 2.4783 0.3339 0.169 108.7198 159.1388 -9.209 85.4662 109.0539
134.419 26.4337 2.9886 0.231 0.1278 -194.917 121.373 -16.8813 12.084 249.913
201.025 23.3546 2.8519 0.3432 0.2201 -126.012 -179.588 -15.176 16.924 86.1992
57.8511 38.0571 3.1644 0.3795 0.2161 -70.5666 -33.9402 19.8131 19.4243 416.461
32.8184 11.3792 2.4097 0.5191 0.262 -25.9233 -17.1332 -2.9906 67.2362 66.1128
82.5728 38.2603 3.1017 0.1456 0.0732 -10.136 87.9595 -22.1315 53.2301 74.0409
178.482 102.199 3.3582 0.1389 0.0708 96.516 123.055 -86.3306 55.561 270.063
34.9876 16.5627 2.5197 0.4157 0.2155 44.5454 19.6437 -9.7277 38.242 209.3256
27.3097 14.4153 2.4935 0.6549 0.4896 13.1386 21.4159 -12.6281 15.098 140.984
26.6684 19.6904 2.5313 0.4048 0.2036 -1.3971 -32.6844 15.6223 80.8926 228.5077
249.5054 24.6661 3.0543 0.256 0.1287 -214.8365 -257.6876 16.2713 33.6345 126.6935
247.9249 145.3262 3.3614 0.1957 0.1232 -213.7924 -195.8905 -88.4492 38.9238 326.2601
29.0126 15.9081 2.4571 0.4712 0.2461 3.9747 16.9729 5.545 63.086 202.882
27.7395 9.7449 2.5998 0.5545 0.3126 9.1845 19.8611 11.756 20.0791 84.1283
33.4503 21.3933 2.9088 0.3085 0.1795 -14.6573 -16.1055 -15.1654 35.894 234.712
22.8113 11.4933 2.5483 0.5922 0.3635 38.6888 33.2876 12.4094 7.8516 218.4869
19.3353 11.5449 2.4807 0.595 0.3653 1.7669 4.5782 -10.798 89.4066 202.201
39.4997 18.6159 2.4104 0.4626 0.2978 23.7402 24.6677 -0.573 74.765 224.0906
17.1654 14.1326 2.4021 0.5884 0.3085 -4.2631 -19.0957 8.5977 81.0052 141.571
211.225 33.6703 3.8115 0.0542 0.0279 -244.366 -208.36 20.3821 49.983 139.023
133.86 32.3068 2.6263 0.3759 0.1927 -63.6214 -153.423 -25.713 1.759 55.1647
43.2868 12.6522 2.7271 0.2868 0.1453 -55.5632 15.1082 -6.1238 26.6256 168.077
17.7474 10.5396 2.4487 0.6975 0.4324 -7.9782 15.0448 -7.3518 21.915 114.096
23.4204 9.8062 2.4899 0.6698 0.4936 -27.958 9.202 -8.4652 66.5206 138.0866
16.0384 14.3239 2.6874 0.4929 0.33 5.8464 12.4553 6.5073 40.1421 99.9747
56.3485 12.9871 3.017 0.2942 0.1486 -61.6252 48.572 -6.1161 20.6182 307.487
24.7249 11.2214 2.6149 0.4757 0.2439 32.3826 16.3355 -5.2667 47.624 70.4495
28.3933 18.0348 2.5226 0.4728 0.2348 7.7879 20.8174 -11.326 55.3045 193.6363
43.9765 22.1134 2.8644 0.3518 0.1955 -35.7484 -40.9813 16.4921 24.0983 254.5445
51.2797 17.6127 2.5949 0.6607 0.352 -26.283 -57.7117 9.6585 26.09 75.4297
29.9501 12.3647 2.5384 0.4428 0.2793 19.2951 24.5753 -3.3277 43.1345 128.399
149.7537 37.3156 3.2224 0.1757 0.0988 216.646 -115.0507 23.1994 58.5112 153.4977
168.453 155.194 4.0676 0.0764 0.0387 8.1251 -133.068 79.2178 86.3874 242.215
20.8496 14.4779 2.5132 0.5184 0.2991 -13.0037 -7.7165 -11.1412 84.6393 246.786
29.1011 12.2337 2.7423 0.3837 0.1964 -10.0717 19.5817 3.1264 61.3801 97.6665
24.2645 13.0711 2.558 0.5728 0.3846 14.607 11.4937 13.6588 12.2864 255.6856
18.7109 17.7854 2.7771 0.4411 0.2913 3.3715 8.0853 10.7288 37.3669 217.2366
31.603 13.406 2.6004 0.4141 0.2321 17.876 -14.1279 4.1158 40.2361 252.235
117.8682 50.3293 4.0356 0.0846 0.057 -39.6629 -153.0976 15.6543 8.936 40.4605
126 83.6154 3.2525 0.1627 0.0892 105.099 80.6855 -94.3291 70.229 228.541
40.9461 31.7927 3.2378 0.5211 0.2739 36.3945 36.0377 -8.4699 1.6992 376.811
105.089 78.0338 3.348 0.2558 0.1645 40.7078 44.8059 90.2454 80.2398 391.189
35.6691 6.6921 2.6051 0.5499 0.3726 -1.0422 22.2065 -1.7502 19.8835 124.4082
251.9646 42.7452 2.7769 0.2182 0.0907 -210.8118 -121.5447 14.1879 47.2145 170.0592
29.7042 11.2777 2.4637 0.5161 0.2508 -22.288 8.2818 7.0397 68.3405 56.2697
130.2771 28.3314 2.8981 0.3967 0.187 -169.5177 115.745 -14.9625 3.2776 260.5205
47.7155 27.6498 2.6439 0.2672 0.13 -27.0897 -30.3886 16.5982 18.3787 173.3645
27.8036 11.2593 2.7213 0.5001 0.2957 -8.4844 22.3189 3.2041 13.0353 211.66
82.7868 30.0257 3.23 0.2311 0.1408 -7.6862 52.992 -18.001 24.9283 333.9209
227.184 22.5405 2.9325 0.4474 0.3102 -264.034 135.869 9.4616 48.219 265.238
20.8382 10.2682 2.3404 0.621 0.3356 4.0453 -15.9238 -2.923 86.8812 222.986
24.1763 6.7083 2.203 0.7938 0.4452 -17.8035 -5.1156 5.1816 89.5236 292.5299
114.631 103.011 3.0322 0.1671 0.098 -129.806 70.8967 110.421 75.4664 55.9936
184.511 161.845 3.9175 0.1256 0.0646 -107.185 -145.318 120.567 23.143 272.309
155.9172 102.74 3.0382 0.1823 0.1064 -213.8419 -84.9758 94.2014 59.8619 157.4959
156.852 28.3523 3.558 0.1912 0.1003 -59.5682 -175.252 -18.5117 46.754 80.8319
261.8295 145.9831 3.8705 0.125 0.0449 -332.3367 -75.5524 -77.8385 69.0079 95.9173
27.1438 13.546 2.6527 0.5273 0.3415 26.0086 26.5492 6.8763 16.3242 241.214
24.942 13.7098 2.537 0.497 0.3183 19.8686 18.0814 6.2089 37.1575 199.303
225.988 62.4182 4.1977 0.0693 0.0369 -382.594 -124.494 59.716 89.7382 226.422
36.0031 23.5756 3.145 0.2019 0.1028 -18.8688 -9.2975 11.2851 34.7344 196.65
223.847 122.43 3.6375 0.1106 0.0554 40.8795 152.521 -111.487 81.2919 357.02
21.1547 9.6927 2.4502 0.6277 0.3564 -1.2294 13.5207 6.454 42.3649 144.989
245.594 136.723 3.4852 0.1325 0.0731 -216.55 -168.707 127.685 21.555 121.957
26.1013 18.8656 2.6721 0.3426 0.2011 -17.6033 -10.6364 12.7259 51.516 243.892
184.585 124.715 3.7929 0.1104 0.0637 326.401 -181.21 -164.14 87.365 210.34
12.8939 7.8036 2.4047 0.591 0.338 23.7706 15.6823 -3.8764 65.4062 115.3426
130.6805 95.6781 4.3586 0.047 0.0438 -4.7512 -179.9573 77.0346 75.7037 233.3462
104.741 95.317 3.6857 0.0738 0.0389 68.3852 -60.2539 28.4614 72.0421 325.475
22.7565 7.9735 2.4886 0.6883 0.3555 27.0813 8.5059 9.7806 88.0601 75.8044
57.5644 20.2196 2.683 0.4232 0.2334 -22.5785 -55.5914 11.8193 26.1085 217.544
20.8613 7.1168 2.4778 0.7188 0.371 23.7997 10.821 -6.043 68.2545 69.3709
22.8849 15.0983 2.5677 0.7124 0.4154 -4.7445 12.8972 6.8721 6.3728 184.3651
166.4309 68.1438 4.5565 0.0859 0.013 -181.3648 95.2531 -37.0743 28.5987 227.3674
16.278 7.867 2.2406 0.7934 0.5017 4.1144 -3.7571 -1.7059 80.935 236.0048
263.703 117.131 3.4602 0.1137 0.0608 -287.772 -117.388 90.0203 68.201 165.304
208.706 101.9 4.4759 0.0549 0.0286 -283.201 -129.488 87.4125 84.4992 355.353
228.2337 160.8347 4.2233 0.0228 0.0112 -179.9957 -234.6538 66.3715 3.8134 177.4198
170.812 62.9668 3.528 0.1251 0.0642 -11.0424 -49.1097 -67.4634 13.6229 88.7238
15.3447 10.4725 2.4555 0.5823 0.3326 -12.2928 -9.6339 -3.8505 40.8113 171.7816
17.5956 7.985 2.5033 0.6422 0.4372 14.772 -4.109 -12.7418 51.0098 157.6554
16.2619 12.1167 2.5951 0.5579 0.3602 18.9248 18.9639 -11.2498 9.3681 147.8869
24.3287 12.8262 2.5172 0.4286 0.2234 9.7704 10.2827 -6.5205 81.6604 228.036
190.677 74.6928 3.5101 0.2135 0.1135 209.184 153.349 -71.4251 72.5933 369.048
92.5886 50.6869 3.6336 0.2436 0.1439 -36.4833 -89.9905 15.7872 6.461 375.2596
31.1411 13.9297 2.6121 0.5194 0.3173 4.786 23.0934 -5.2272 20.2988 244.3127
215.6606 148.141 4.45 0.0459 0.0092 -207.9001 -140.3606 124.0856 66.5963 298.1376
29.8 16.3967 2.3847 0.5072 0.3031 26.8663 26.4139 4.82 60.757 234.413
30.9613 29.2707 2.9274 0.2553 0.1342 20.428 25.6102 23.6745 30.1648 222.764
17.3441 9.3037 2.4752 0.5962 0.3994 20.6682 13.3801 -1.97 17.7168 224.8004
80.529 55.3783 3.6765 0.0763 0.0332 116.7082 -56.4538 -42.6596 41.8947 40.8251
194.348 81.9078 3.0682 0.2256 0.115 -41.2963 -258.154 -61.11 31.156 204.381
93.2141 27.0488 2.9937 0.2389 0.1431 -140.9462 73.9184 -19.695 84.2784 54.8511
119.172 94.3001 3.9317 0.1039 0.056 75.5529 85.3633 103.814 68.0049 376.622
28.9173 10.0391 2.5723 0.4846 0.253 -26.0808 23.4742 -8.7992 18.613 208.919
11.8835 7.8188 2.3187 0.7354 0.4614 -14.832 5.7369 5.8779 81.6178 220.514
265.5424 69.4251 3.2266 0.2337 0.1531 464.631 -287.3636 42.0901 74.8054 145.7859
252.659 119.301 3.5799 0.105 0.0567 -119.35 130.435 111.997 58.974 178.389
120.1135 21.1095 2.8226 0.3023 0.185 -220.1675 114.8639 10.0938 0.7525 230.7163
32.1454 13.8296 2.4844 0.5182 0.2761 -36.0633 -15.9648 -12.2698 47.3704 246.0565
79.5528 44.9929 3.5488 0.1656 0.09 -39.6213 53.7866 -30.0054 15.8075 311.568
182.5003 76.5568 3.6872 0.1123 0.0666 192.2675 93.0302 -62.6192 82.1691 283.4731
21.3846 10.917 2.6161 0.5857 0.3934 15.2618 11.5245 2.8766 2.4229 106.8258
28.9452 6.702 2.2672 0.5351 0.2784 37.0816 13.1853 -2.9632 86.7975 247.456
