160.068 87.0446 4.003 0.094 0.0508 -31.9238 -169.2824 -54.7814 10.2033 292.7602
49.8986 12.6365 2.5172 0.3191 0.1626 -47.4998 17.2189 -8.8468 35.934 204.903
177.8882 59.1349 3.9456 0.0736 0.0557 -208.5682 -127.6361 38.8133 88.9903 263.9121
98.8112 75.9816 3.8184 0.1509 0.0789 -29.9406 -88.866 13.2628 8.08 370.691
21.3952 10.9836 2.5729 0.5829 0.3222 15.4097 18.3532 -3.9265 64.7376 70.4184
146.4157 42.4736 2.9893 0.2665 0.2067 -160.4157 -8.524 -29.3919 7.2265 232.5051
134.8313 43.1658 2.8715 0.2553 0.146 85.564 146.2245 -34.9028 19.1729 147.2518
18.4914 9.7635 2.4829 0.6579 0.3734 -1.806 7.652 6.726 33.8161 188.867
146.809 75.5803 3.2641 0.0887 0.049 106.6607 142.2974 32.4066 78.6336 176.4249
34.6256 18.2765 2.7611 0.4234 0.2249 31.7473 41.5082 -8.8158 87.7929 139.0769
14.316 7.6633 2.501 0.516 0.2509 -16.4898 -22.3006 -5.4934 78.1191 262.8649
198.055 42.5451 3.6965 0.2037 0.1079 -233.715 -128.744 27.0634 57.052 362.617
107.104 24.6377 2.9901 0.4153 0.2481 -130.956 65.9027 -19.8345 27.4646 331.158
34.9699 15.4688 2.7549 0.3435 0.1862 29.0009 30.5621 5.4633 40.2034 194.6822
149.861 64.3038 3.835 0.1026 0.0574 79.6463 154.96 37.6293 62.744 75.9893
25.5681 7.4485 2.5257 0.7158 0.388 -4.4429 17.1056 5.0719 9.8852 115.1498
121.5846 24.0051 2.9664 0.3009 0.1559 -82.1125 -117.7839 13.1076 66.1716 56.4439
154.9463 129.9189 3.6943 0.0957 0.0691 -86.7823 -78.4928 -101.0298 32.7688 277.0945
33.7801 14.7812 2.4378 0.4526 0.2646 -34.2524 -19.3872 -10.7488 66.755 144.69
124.302 15.3827 2.5185 0.5152 0.2682 -68.2078 -135.333 -2.4825 60.4552 180.951
48.8179 11.8139 2.7782 0.5041 0.2638 34.9309 40.7307 -3.6443 18.7259 132.2972
75.3789 17.5402 2.4082 0.4414 0.2285 30.4427 74.5714 14.3789 79.8306 218.14
20.2907 12.5585 2.4935 0.5875 0.3804 14.551 15.3643 9.4182 42.537 214.279
27.1305 19.4693 2.7303 0.434 0.2639 1.8717 18.99 13.1505 83.1739 146.7986
188.4315 40.2437 3.1463 0.1083 0.0562 -136.4353 -142.1801 -16.3953 49.1373 92.9174
90.9389 24.6202 2.9779 0.4611 0.2722 -8.8151 -76.5331 -23.1158 10.8246 357.9234
17.312 11.9007 2.5779 0.587 0.4036 -0.4256 7.126 -6.299 31.2547 268.5326
79.3742 46.6705 3.4318 0.1317 0.0672 -66.6572 58.0888 -10.1417 21.9999 278.003
37.1109 21.8104 2.7401 0.2993 0.1797 49.3568 -12.5796 -0.0943 49.9282 97.1186
30.8152 12.0368 2.5792 0.498 0.2754 -11.9691 22.7116 8.1449 41.5882 168.774
90.0194 18.8496 3.1189 0.2826 0.158 68.2756 51.8986 -12.8095 66.5938 71.1545
18.9405 7.4823 2.3274 0.7435 0.4682 -0.5794 4.8004 3.7395 75.056 208.478
139.728 69.893 3.1422 0.1427 0.0739 -133.98 53.7759 -69.3872 3.031 207.425
21.5333 5.5628 2.6576 0.8362 0.5579 -13.6357 11.9547 -10.1824 3.3983 183.9921
24.3469 13.803 2.6095 0.6194 0.2932 6.2115 6.7582 0.157 33.2851 188.0857
109.8893 31.9435 2.8997 0.3623 0.2007 81.8798 -100.1337 -27.308 39.7536 379.2065
24.1417 13.0809 2.7182 0.3339 0.1528 -45.9107 -15.5629 -4.0028 84.9921 122.1317
19.9277 7.2519 2.3395 0.7643 0.3959 -3.9818 11.1709 5.0815 70.244 189.333
55.7428 10.4853 3.0882 0.2172 0.1334 18.4928 43.8593 4.4689 57.4427 107.9931
98.1819 72.8596 4.0347 0.0831 0.0433 47.1338 51.8443 -77.2541 43.207 180.939
14.8256 9.8085 2.4788 0.5682 0.291 -13.1573 -4.4593 7.7445 83.6406 148.3716
137.7972 52.4945 3.623 0.0574 0.0435 -56.9186 -121.8202 -31.5934 51.3917 35.6143
213.6676 42.1084 3.6067 0.1128 0.0838 -202.6464 -128.9566 39.676 15.1733 158.9085
93.7639 48.9676 3.7326 0.2098 0.1156 -33.0863 -92.6311 -33.194 2.8296 329.8009
64.9935 16.6946 3.0631 0.2525 0.1405 38.8398 56.6156 5.5956 25.5893 253.878
27.8319 9.9979 2.5198 0.548 0.34 33.0252 25.6028 8.7252 33.7903 205.8957
19.4632 10.5655 2.4048 0.6181 0.372 7.1088 -16.5797 9.3113 64.519 166.183
56.6984 11.2842 2.8735 0.3346 0.1884 -18.5883 29.1725 -5.3136 24.6332 120.1266
108.9367 93.8639 3.368 0.182 0.0927 -95.8945 -74.6253 -82.0537 75.6106 302.8496
37.2093 12.1956 2.6144 0.3937 0.2005 -18.2252 -31.609 10.4884 46.1597 202.297
29.311 18.4542 2.6959 0.3847 0.2044 -6.3719 17.7712 10.447 66.943 249.412
48.6552 10.9235 2.6177 0.4195 0.2402 2.7539 5.1389 3.0774 32.0377 157.8148
41.8052 39.6102 2.7351 0.2754 0.1289 -49.1386 -24.6032 21.414 9.5109 272.2625
106.928 28.3591 2.9602 0.2367 0.12 134.593 82.4446 19.9628 15.5374 300.546
195.667 63.7584 3.0978 0.3313 0.2375 -137.388 -172.467 -56.3005 30.6207 195.1
172.566 44.289 3.0548 0.2248 0.1186 -90.0616 -185.264 30.7393 27.4831 109.322
204.405 58.3352 3.5901 0.1601 0.0865 -207.057 26.1755 -51.9167 87.9678 275.394
28.3152 21.0867 2.7678 0.4681 0.2225 -30.0234 14.0256 -16.1643 80.8764 312.2489
22.9856 15.0295 2.5557 0.4538 0.2556 29.2969 -22.28 -13.3814 63.1867 222.9236
120.449 25.8487 2.9576 0.2977 0.2023 -140.403 105.077 20.4785 3.124 220.54
64.6465 10.9243 3.0378 0.2896 0.1746 -14.5869 39.8244 6.917 58.5 39.0471
63.003 16.0964 2.8235 0.521 0.3686 -72.5652 26.8505 -13.4784 16.065 260.066
157.958 32.4742 2.8055 0.4194 0.2152 -181.725 105.242 13.4224 7.769 355.992
24.6829 8.8025 2.4417 0.4431 0.2583 34.2271 -17.9715 -11.4317 68.5378 78.14
192.0982 79.3605 4.1466 0.0909 0.0513 7.5268 -213.2195 -46.918 54.2033 361.1527
39.0911 5.8071 2.7999 0.3648 0.1639 21.8988 29.1949 6.701 70.5499 79.4764
17.3469 11.008 2.4942 0.5833 0.3317 -1.5922 6.7319 6.2564 62.825 218.814
52.8767 23.3007 2.8204 0.3818 0.2282 -43.407 -58.1796 -11.1804 42.2004 33.924
10.3292 10.2773 2.2486 0.8249 0.5476 20.4383 18.1923 5.8693 22.7602 224.9884
51.9973 39.5198 3.2133 0.399 0.2157 20.3362 30.8332 31.5292 17.2724 344.524
20.8794 11.32 2.6449 0.6138 0.3409 -5.3063 16.2199 -5.8341 17.366 103.365
18.412 7.886 2.6556 0.596 0.3414 16.4689 5.544 -4.2137 12.3364 66.5066
58.714 22.8368 2.7036 0.5431 0.2679 -39.1492 -67.8161 -12.8282 22.9822 195.6839
46.3757 15.9563 2.4609 0.474 0.3235 -47.9419 -12.5581 8.7319 84.6939 38.8883
43.6872 20.4355 2.572 0.4295 0.2482 -50.1245 34.2563 13.7322 71.4563 158.894
46.6166 26.1645 2.7745 0.2487 0.1336 62.6833 -33.9373 13.2992 28.8266 66.7796
24.2089 15.7238 2.6569 0.4305 0.2259 -5.7419 15.6285 -6.7643 50.3873 205.7639
13.2608 10.0045 2.2082 0.8111 0.5108 -12.6064 -7.7326 10.9193 20.3665 39.2884
86.5058 44.8406 3.2648 0.1914 0.0987 -161.9878 82.1991 -40.3299 3.2487 248.6552
15.5225 14.7969 2.5827 0.5068 0.2575 30.1425 -5.7247 -7.7902 57.3491 246.6306
99.2092 88.6612 3.2962 0.1502 0.0862 -183.467 64.21 -71.4093 2.8 256.68
118.801 99.6421 3.5763 0.0804 0.042 215.373 -117.005 -87.0201 51.4494 61.5123
132.8702 31.2437 3.3527 0.1218 0.0703 44.6313 -109.4241 -14.8583 24.7377 97.5774
30.3643 15.9579 2.9194 0.3606 0.2142 -32.4872 -17.9111 -4.3409 38.8507 170.1106
135.224 102.692 4.1735 0.0632 0.0316 -37.2594 -117.591 57.568 87.0056 347.847
180.1275 89.0307 3.801 0.1332 0.0842 -149.5416 128.2536 -77.0535 84.8175 347.4191
120.443 82.0978 3.478 0.2275 0.1312 -150.198 52.6301 38.7605 9.209 311.406
15.0041 8.7457 2.6748 0.5596 0.3502 1.9665 8.6654 -9.2768 10.5909 79.1653
141.3718 31.7502 3.1081 0.2803 0.131 -234.3691 156.3477 12.4636 13.8145 174.8919
64.632 36.9102 2.7738 0.2003 0.1002 24.8608 55.7333 -10.8648 39.656 161.012
130.308 13.303 2.6021 0.325 0.1812 -204.573 116.05 4.7837 49.759 173.552
21.873 9.597 2.433 0.6199 0.3118 -28.779 12.6661 -4.9996 80.3279 67.0253
79.1429 19.1217 3.1096 0.404 0.2374 8.3398 57.8134 12.4639 10.901 335.435
29.4022 12.1375 2.5159 0.4116 0.2058 -22.6463 21.1296 -7.5126 75.255 179.529
191.9532 74.8707 3.4026 0.1541 0.0712 -125.8977 36.727 78.0365 51.4866 295.7634
58.3776 30.9426 2.9381 0.3073 0.2181 -33.5336 49.1103 25.2206 22.8748 301.6376
103.407 64.4265 4.1762 0.0668 0.0349 -0.7411 64.3895 49.2008 74.192 159.135
59.188 21.3128 2.7029 0.3945 0.217 -17.9171 -71.8955 12.1956 10.2763 121.291
143.5247 37.6482 2.9955 0.2226 0.1372 -209.5503 115.4094 10.9398 4.429 190.7188
21.7326 13.4041 2.5937 0.5007 0.2804 -1.2331 11.1855 12.8278 63.3021 197.2071
92.1397 53.6752 3.0382 0.2175 0.146 -26.7572 -121.8984 21.4054 9.0489 103.5638
161.4795 83.0297 3.0887 0.2737 0.1515 -91.5838 -198.7053 -49.9263 86.6275 311.6682
46.9654 11.1482 2.8176 0.3839 0.2009 40.3412 23.1535 5.657 26.0156 66.4015
16.496 11.2599 2.5 0.5795 0.3487 12.2759 -4.1539 -7.5753 61.2842 257.6402
11.4653 10.1119 2.4334 0.5844 0.3039 26.7727 9.4685 -5.8461 51.9827 203.0343
28.2993 9.8867 2.4793 0.5041 0.2869 6.9586 18.9368 -6.8073 71.9781 114.461
125.088 85.5769 3.5876 0.2499 0.1498 -75.6078 -112.296 -78.919 27.4121 364.796
70.948 29.638 2.7782 0.5748 0.3221 -63.3725 -54.1346 17.4554 7.1129 297.3687
32.2217 10.6999 2.6872 0.4712 0.2538 6.2826 14.7635 1.0305 37.7159 104.2765
95.6515 42.5478 3.7049 0.1781 0.0908 -126.572 -74.5141 -22.5761 17.244 375.03
22.6971 9.2923 2.4245 0.5784 0.3543 -3.2073 24.0526 8.85 78.5135 163.2642
195.2839 112.0025 3.6739 0.1005 0.0449 -155.7816 -164.0899 106.1555 72.9736 311.6471
235.367 108.814 4.1361 0.0526 0.028 -284.781 -163.277 -50.4738 59.671 171.698
40.964 2.255 2.2857 0.668 0.3923 42.1283 27.3428 2.5594 42.9999 205.6136
24.9339 13.984 2.6518 0.3969 0.204 31.3671 16.6398 8.3578 55.496 167.37
60.4423 12.5589 2.721 0.4335 0.2823 56.2428 43.8339 -7.9984 26.708 172.974
67.965 54.9747 3.5111 0.2382 0.1373 -13.281 -34.7578 -53.7324 7.297 342.18
18.5994 12.481 2.5894 0.7053 0.408 1.6629 19.1837 7.1416 1.1793 138.793
29.0185 8.5951 2.6695 0.5991 0.4305 -2.5184 15.6566 7.9688 89.5797 64.2765
113.9722 18.3695 2.718 0.4921 0.3018 95.8983 111.4018 6.8345 14.2829 147.613
159.9055 75.9563 3.3458 0.1176 0.0722 79.9708 58.5895 24.1594 85.6268 241.3654
154.256 75.1346 2.9843 0.309 0.1695 129.163 164.812 27.3263 41.6604 238.692
55.0123 11.8425 2.8859 0.3212 0.1606 43.2684 40.8969 -9.7756 50.727 75.4475
178.3158 119.8277 3.6171 0.1688 0.0806 -83.3011 -154.8269 99.5112 20.7963 277.8058
217.6719 44.2192 3.2117 0.1779 0.1422 -241.7583 -90.8113 -18.6798 59.4832 255.5413
121.697 92.2982 3.3298 0.1872 0.1163 -206.155 90.584 -59.9521 55.337 226.093
102.673 84.0216 3.6122 0.116 0.0614 -37.2418 60.6681 85.3448 59.352 302.999
15.007 4.7531 2.522 0.7487 0.3878 6.4595 9.4003 2.6168 10.7143 214.3538
161.127 69.6719 3.3498 0.1032 0.057 -50.9245 -194.392 -64.005 89.8286 202.183
28.2315 13.281 2.4591 0.6609 0.4239 -5.6691 22.7801 14.9629 10.6277 237.0969
33.2405 1.6143 2.2819 0.6073 0.305 0.6189 14.9031 -1.077 80.2955 116.9219
180.9538 51.4932 3.5246 0.1272 0.06 78.761 98.1494 -38.3703 11.915 130.982
34.2728 12.7234 2.2911 0.445 0.2276 30.5691 -15.9443 9.0394 78.7878 94.4958
44.5904 18.1772 2.6586 0.2828 0.1473 29.6148 32.0318 12.8551 45.5517 264.4371
34.9659 11.642 2.7418 0.509 0.3318 23.2215 31.5732 -3.919 19.0641 133.7538
33.0329 13.7144 2.8485 0.3373 0.1779 29.5802 19.6898 4.5723 26.7862 259.495
110.5279 60.4727 3.3362 0.3675 0.2222 -58.2974 -124.5173 48.5081 14.6671 448.0295
74.6627 20.9771 2.8239 0.2831 0.1581 34.6888 39.3556 21.308 42.2232 25.2889
121.1309 52.1726 3.2602 0.2979 0.1582 -210.0549 131.638 20.6262 15.6468 289.7784
108.2292 11.947 2.7426 0.3674 0.2753 -84.156 -45.726 6.3502 7.8289 166.9842
35.8012 11.1362 2.7384 0.3489 0.1781 37.0027 29.3521 5.4811 37.256 202.701
167.718 23.4327 2.6893 0.5521 0.3032 -111.4787 -157.4969 -12.3051 3.1952 402.3607
19.947 11.7525 2.4216 0.6098 0.3352 9.942 19.6796 -8.1985 48.221 228.147
23.0836 10.7517 2.4588 0.5604 0.2957 -10.5491 23.0647 3.8881 84.3428 177.936
124.801 28.4968 2.9535 0.3272 0.1675 100.33 93.3952 19.817 10.8959 319.539
115.9424 73.9646 3.1556 0.253 0.1433 88.7017 118.0635 33.6021 17.4339 162.7646
26.1317 11.9454 2.6949 0.5182 0.287 14.2349 33.2586 -0.386 10.5074 232.5414
73.5167 12.1429 3.0099 0.3203 0.1552 0.6268 58.406 -8.1276 16.3814 199.8284
59.2399 53.0801 3.3758 0.1494 0.0852 23.1477 22.8886 -48.0134 20.0986 128.489
49.5791 18.9097 2.8097 0.2638 0.1292 -35.7738 -40.7214 8.0923 69.7057 39.3499
111.605 32.5335 2.683 0.4274 0.2313 -54.2801 -134.082 -29.3282 31.666 185.532
138.427 67.808 3.9584 0.1363 0.072 26.7011 86.9351 69.3818 77.9219 406.986
17.9922 11.8316 2.4601 0.6101 0.4107 -3.128 11.1864 11.0347 59.5437 171.819
21.0042 8.7689 2.3962 0.6546 0.3434 -25.1479 -8.1405 -1.8442 89.2361 74.1007
31.6552 10.7467 2.3883 0.499 0.2638 34.813 19.444 -8.6544 63.789 269.665
27.4144 5.002 2.2684 0.5691 0.3034 -11.2641 -10.8555 6.3189 65.104 162.1148
23.6547 17.5581 2.7149 0.3874 0.2138 41.3328 -17.6837 21.0208 73.7828 140.1876
119.0001 54.4566 2.9583 0.1383 0.0995 -143.2779 47.1491 31.8791 5.9524 148.1588
234.2468 93.4619 3.8928 0.1689 0.0816 -264.4574 -161.6185 56.2764 59.3618 349.4554
49.0906 13.5019 2.525 0.3194 0.1716 -15.1559 40.9727 -5.5597 79.897 137.44
113.062 75.0545 3.7601 0.2196 0.1106 -64.1912 -118.451 29.8806 7.3405 438.901
63.931 35.0592 2.9455 0.1195 0.0494 -64.06 -23.6664 26.152 16.7216 97.5385
121.388 45.5298 3.5099 0.1017 0.0583 95.5971 120.884 41.4752 52.5149 201.839
182.252 28.4761 2.7563 0.1946 0.099 -268.332 -86.4682 -17.2389 55.435 164.832
36.111 9.0128 2.6493 0.574 0.3778 37.9908 25.9147 7.4065 5.3533 117.588
69.6542 62.8887 3.3992 0.3335 0.1697 34.9444 63.1938 32.5387 64.605 401.807
44.1337 11.0813 2.9063 0.3387 0.1706 7.9697 32.8381 4.7318 34.553 148.581
13.4575 9.164 2.438 0.8576 0.4889 15.7633 -7.6129 10.0714 12.0227 101.5295
27.5031 4.0154 2.2861 0.6351 0.3678 7.5362 -5.2818 4.3336 65.6389 193.9021
206.5165 49.0302 3.3471 0.1696 0.0808 -69.9928 -247.7792 35.3567 29.5876 300.3994
64.7936 20.0296 2.9638 0.2728 0.1375 -62.1896 41.5569 12.5316 25.823 282.647
101.4977 23.9296 3.33 0.4035 0.2244 -87.3914 -79.3729 -23.1103 3.7728 374.9569
24.9954 12.8249 2.6481 0.4502 0.3414 19.301 21.7122 -11.5809 78.2165 130.3076
104.972 61.6853 3.4451 0.1396 0.0712 -1.5046 78.2005 37.4677 10.381 183.486
124.4514 99.0565 3.4987 0.2107 0.0915 41.0548 -57.6991 74.4223 48.717 386.5873
23.8176 3.1392 2.2028 0.7024 0.3697 43.0022 7.2102 10.6716 60.4662 220.9806
27.3672 15.5052 2.5552 0.5911 0.42 2.1447 28.8891 7.9747 12.8237 208.7939
25.0903 10.5856 2.6037 0.6276 0.3649 15.0486 16.9877 -10.8027 12.292 194.892
149.0281 87.5812 4.1545 0.0808 0.0244 140.5568 130.3872 54.1896 73.4484 331.2244
36.6834 23.4707 3.0529 0.278 0.1598 39.1191 32.8215 -14.863 66.6917 148.279
145.0981 37.3401 3.3006 0.3226 0.1608 -142.7185 -59.4234 -17.7825 0.7016 212.3744
127.9845 7.1156 2.6097 0.6207 0.4669 -127.4463 -96.8133 7.6566 22.5134 219.7551
48.5822 22.2574 3.2382 0.2058 0.1073 20.3863 -34.3209 -12.4858 38.294 64.0172
15.2473 9.6954 2.6714 0.567 0.3553 25.5437 17.9352 -8.2224 3.0382 246.0085
111.715 48.5447 3.6944 0.1291 0.0676 -189.629 80.4364 -40.3836 12.3077 352.503
171.6771 76.8383 3.4132 0.1165 0.0719 -6.3928 -160.9615 78.6798 65.2154 140.8486
119.83 55.8508 3.3754 0.126 0.0651 -37.0703 -128.267 46.3277 77.7234 41.0992
101.446 58.8768 3.8703 0.1519 0.076 24.2853 -68.0601 -28.4106 24.702 407.441
53.4514 39.2208 3.2266 0.1583 0.0979 1.6107 -54.8529 22.3677 28.6929 159.4686
13.1446 10.0064 2.3901 0.8065 0.5275 12.2071 7.8856 10.3149 7.9436 143.109
30.3908 7.6326 2.2989 0.6533 0.3593 -35.5287 -8.7048 5.6889 53.951 236.917
162.1957 55.2847 3.8238 0.1675 0.1101 97.5898 83.9108 27.1699 66.7174 347.6828
16.2957 9.4793 2.5296 0.6223 0.3386 0.262 -9.6089 9.1627 40.3177 112.2304
173.077 159.209 4.1179 0.0461 0.0232 -201.872 -153.496 65.2617 21.0231 195.416
19.1908 8.0294 2.5077 0.7284 0.45 -29.4282 -16.3824 -9.017 87.9114 242.7449
26.9946 15.3352 2.711 0.3619 0.1936 -29.9307 -18.1199 -8.8298 57.15 172.685
126.242 99.4705 3.9511 0.1433 0.0811 -75.4809 -59.6187 22.9211 60.931 368.565
21.6838 14.593 2.678 0.5456 0.321 1.5907 15.7982 3.1087 22.8694 263.4378
22.5524 11.1413 2.5348 0.5426 0.2751 -21.5462 19.9523 4.5373 37.7034 157.6706
143.3456 72.5993 4.0014 0.1025 0.0618 54.2829 94.3438 62.178 85.3628 414.5126
18.2677 10.1684 2.5999 0.6457 0.3555 21.2579 11.7125 5.784 12.2578 129.072
225.4409 100.2957 4.2132 0.0872 0.0218 -226.0696 -217.1294 -75.0997 71.7122 363.55
18.3964 8.3041 2.4718 0.7747 0.5125 3.5676 13.3708 -7.3562 46.7087 193.7622
34.1189 9.7133 2.5378 0.3884 0.1957 43.0863 27.3881 6.4198 54.874 156.032
128.189 22.1649 2.7952 0.2708 0.1675 143.63 -71.097 -8.4593 26.796 158.973
29.5854 10.6494 2.4565 0.4636 0.2375 17.5969 22.4894 -3.7615 73.7976 205.7623
34.5103 10.4785 2.8202 0.2433 0.1403 -20.6855 24.0583 -7.4882 43.7754 176.4472
20.2845 5.6058 2.4278 0.7003 0.3743 42.4674 16.1903 -12.0711 88.897 256.3073
68.8405 16.3463 2.6128 0.3171 0.1695 -104.369 65.8943 6.9582 39.069 94.7686
174.8438 86.838 4.1427 0.1332 0.0435 -200.2293 -165.9498 52.3581 44.9263 315.7514
48.2208 20.5177 2.9462 0.2928 0.1651 -57.9887 -38.6868 -11.6339 15.6936 96.6441
16.7578 10.9846 2.5832 0.6371 0.393 -2.1684 5.9657 7.8156 88.4385 258.1
42.1812 8.9408 2.7645 0.3577 0.1849 36.5125 -15.2216 -5.153 26.4708 104.508
126.5051 86.495 3.3422 0.3189 0.1523 -221.0336 102.9845 57.6741 51.0941 333.6983
94.8489 24.7965 3.1622 0.3003 0.1531 -66.8504 57.2807 -6.1345 23.194 335.9071
17.7926 11.619 2.5139 0.6003 0.4364 -0.0457 -8.0966 11.1834 40.877 221.105
75.8509 13.6915 3.0963 0.3277 0.2201 -17.5876 65.2814 5.4779 13.2984 323.6263
25.6521 23.0307 2.6577 0.5992 0.3087 -20.0772 -16.5121 -13.9279 85.5133 170.4148
54.5124 33.6611 2.7029 0.2914 0.1497 -34.966 14.5603 -26.7945 10.2328 286.987
30.2961 11.6071 2.8627 0.4376 0.2421 18.891 23.0618 -10.2764 23.3886 195.078
21.308 11.5462 2.5781 0.605 0.321 -2.685 11.3902 -9.3491 25.5049 235.812
19.7768 11.367 2.4133 0.7413 0.4537 -12.2415 -14.1178 11.7474 65.002 240.194
133.524 65.5287 4.1993 0.075 0.038 -159.335 72.1716 -17.6206 47.302 314.584
45.6988 11.545 2.5459 0.3807 0.2012 19.399 15.2565 -2.4373 40.9735 189.3365
101.542 20.1867 3.2626 0.431 0.2319 -57.9937 -73.5207 -24.8057 15.5822 384.412
128.7372 35.0583 2.8948 0.3656 0.2237 137.0544 -61.9409 16.891 38.3465 5.5922
242.833 44.1927 3.3866 0.2312 0.1201 -153.824 -261.873 -20.2995 65.3292 255.576
116.3663 64.7152 3.791 0.0637 0.0583 -126.6309 77.6836 82.5549 22.462 217.2226
27.7839 16.0201 2.7518 0.3488 0.1674 -45.9335 -31.1031 9.4398 81.5202 156.124
34.9814 13.3332 2.5508 0.4529 0.3165 -22.4672 -30.2027 -9.7852 49.902 278.431
31.8784 21.8176 2.5364 0.4122 0.204 45.8318 15.8901 -13.4514 72.8943 165.0925
209.421 122.147 3.6151 0.1405 0.0715 -178.531 -113.492 125.301 29.7554 199.704
73.6884 20.7426 2.699 0.2583 0.1266 -0.1382 84.5156 -14.3538 36.7293 121.7104
29.8141 12.5051 2.5442 0.6812 0.4576 23.0724 16.2367 -7.8348 11.9557 153.8474
21.4763 10.3156 2.3666 0.7288 0.3861 15.5219 18.6448 -2.4377 33.5626 263.1362
31.6546 6.3376 2.5011 0.6707 0.4512 -3.607 17.278 2.9658 17.0579 91.3694
212.744 43.2242 3.1905 0.1361 0.0687 -95.1854 -197.663 -42.3887 30.698 243.752
24.0828 11.0698 2.4846 0.4933 0.2829 37.1703 1.4408 -10.6246 84.8699 166.2107
216.4995 57.9507 3.544 0.2238 0.1273 -11.7305 -287.5067 49.9055 16.6904 294.9818
121.575 73.2328 3.7044 0.1167 0.0598 -166.147 -14.4215 33.8409 21.875 355.365
153.344 40.1891 3.0958 0.2447 0.1504 177.5813 -84.68 -19.4847 2.1684 199.65
33.5489 19.832 2.5877 0.3643 0.1951 -0.0327 -25.0586 17.5461 86.9442 226.62
37.9446 9.3048 2.8251 0.4592 0.2625 35.4725 32.7658 9.5871 14.827 203.537
32.8139 17.2568 2.7589 0.3066 0.1699 8.5203 -21.3164 -13.0407 55.4077 194.617
44.0134 19.6304 3.1362 0.2368 0.1312 -43.5636 -30.7642 -4.4612 40.6993 72.4253
23.3011 13.7888 2.6068 0.4936 0.2565 -11.7829 -3.554 11.7992 53.8272 216.9604
22.2186 18.1081 2.7362 0.4488 0.2799 29.4685 32.2887 -12.9885 48.836 162.3592
31.7077 11.4427 2.5804 0.4205 0.2484 -21.5419 -13.3741 -5.483 47.502 246.92
13.4492 9.9891 2.4141 0.817 0.4759 -13.4522 -7.011 11.5339 78.478 196.658
17.1336 10.2874 2.4265 0.7116 0.3764 -6.2159 9.7361 8.0561 46.465 200.112
198.7183 99.2397 3.5728 0.1226 0.0547 -150.5884 -98.9017 -120.9131 34.4383 278.564
17.5108 12.8155 2.7279 0.5706 0.3602 5.4014 11.7473 6.8457 12.6649 247.928
195.5007 23.1589 3.0301 0.2077 0.0977 177.7441 182.673 13.715 9.2168 69.8597
168.0618 121.8159 3.5003 0.1626 0.1191 -147.2772 -165.1215 92.074 32.3567 210.8559
33.6756 15.2138 2.3684 0.433 0.2354 30.4482 -32.185 7.7906 48.6356 94.1986
118.689 44.1081 2.7864 0.6214 0.39 -60.2387 -138.65 -35.9328 15.7902 384.151
232.6742 83.883 3.4966 0.1553 0.1197 -248.6159 -196.129 39.3852 66.4043 254.3488
25.5468 9.4973 2.4322 0.5434 0.2976 7.2206 -6.477 2.7766 63.086 243.501
40.2999 26.4323 2.9165 0.3261 0.1921 26.8354 34.6204 26.5414 55.9 159.428
117.5035 25.3739 3.4283 0.2108 0.1092 -130.5414 30.0582 -17.8634 23.6392 298.9475
19.2805 13.2528 2.7718 0.4505 0.3041 -25.1131 -15.7549 9.9553 78.6096 97.5432
34.4933 7.899 2.5999 0.5 0.2525 18.6371 13.9354 7.084 62.854 59.0169
220.773 73.6335 4.159 0.0832 0.0417 -210.535 -197.551 68.9837 63.8379 291.03
135.8838 52.4818 3.4942 0.1159 0.0645 7.5169 188.7137 -45.8003 85.6517 288.441
16.8922 5.5166 2.4218 0.8535 0.428 -8.6806 14.0333 -1.5097 80.4352 169.9768
113.787 71.0243 3.0334 0.2731 0.1912 -171.697 84.214 45.6365 11.977 167.623
27.3838 10.6979 2.6593 0.4466 0.2267 18.3774 1.7313 -1.1545 36.9013 117.5229
49.1418 26.7335 2.7585 0.3592 0.1874 -70.3353 25.9491 -17.8505 33.825 269.621
206.433 69.9945 3.5853 0.132 0.0708 -172.158 99.3595 65.457 61.437 261.51
87.8523 82.6742 3.8074 0.1382 0.0922 9.7111 -72.3095 -57.7876 87.844 355.0771
22.0774 9.6995 2.601 0.619 0.317 21.5306 14.4567 7.7992 20.4406 182.617
58.7109 22.9755 2.7084 0.3386 0.183 -19.2729 -61.7543 -14.2039 36.192 214.589
45.1554 9.6212 2.8309 0.4207 0.2236 55.4898 36.8525 -5.0859 17.7436 187.33
92.8941 20.3707 2.8509 0.312 0.1913 132.1165 -63.5193 20.9589 39.6602 179.8664
164.224 60.1525 3.5241 0.1367 0.0692 125.489 127.448 28.3232 44.2156 269.01
22.6229 11.5584 2.4935 0.5746 0.3002 12.1046 20.3062 4.6293 46.08 174.404
93.5335 23.9203 3.2301 0.2219 0.1121 -47.3918 -92.9725 13.7118 3.4326 122.7138
111.329 79.5023 3.6832 0.2244 0.1279 -15.9117 85.7235 -76.7483 81.6471 417.993
47.3963 10.9703 2.9186 0.3643 0.1852 41.0561 17.1909 5.0734 39.593 38.8736
28.5463 8.9766 2.732 0.5505 0.3123 -21.8688 18.7674 9.1991 20.271 146.741
173.832 20.7553 2.792 0.3793 0.2607 -166.968 -133.812 -15.6473 41.8462 195.129
72.5798 40.6827 3.0197 0.279 0.1715 -69.4912 59.8818 -22.7043 8.304 262.487
178.2514 109.7977 4.3802 0.0497 0.008 45.9876 71.9669 61.0069 86.06 322.0505
40.7017 24.0475 2.766 0.2989 0.1823 22.9203 -32.1253 13.0182 43.6742 80.4765
104.1424 63.3865 3.314 0.2753 0.1394 -91.1503 65.0565 15.4248 81.5241 368.293
40.2674 31.7167 2.699 0.272 0.159 -46.02 -22.4305 16.5639 24.013 163.522
79.066 53.9581 3.6749 0.2467 0.1506 7.5094 -72.1199 52.3105 0.9643 406.997
129.362 15.1932 3.242 0.4023 0.213 -83.1281 -136.5701 -10.6892 7.4249 304.9583
130.308 13.303 2.6021 0.325 0.1812 -204.573 116.05 4.7837 49.759 173.552
47.5599 16.8144 2.6077 0.3333 0.1749 -54.788 -31.7849 17.4669 32.6342 228.8011
36.6807 11.4074 2.6585 0.393 0.214 -15.48 -33.2046 7.9469 37.6215 189.025
130.4403 79.1401 3.3709 0.1536 0.0561 147.4104 -111.5511 -89.743 37.5126 163.4359
20.7805 16.2366 2.7633 0.5952 0.305 8.8077 12.3721 -10.9797 3.0366 123.8803
43.3563 11.4175 2.7392 0.3482 0.2179 -18.2254 36.8009 5.6819 64.94 99.0768
87.0235 31.8464 3.2493 0.1228 0.0786 -20.5413 69.7586 -25.8311 5.2099 38.1795
74.4358 18.5317 2.737 0.5031 0.2855 -69.1491 -61.9299 22.6009 17.3395 281.4725
141.639 43.1145 2.7825 0.3696 0.1972 132.438 58.2355 -30.8145 3.2109 299.94
23.8094 15.5833 2.6808 0.4567 0.2284 22.8672 -18.5736 -13.0641 45.578 245.804
47.7956 15.0152 2.695 0.3653 0.1826 28.8167 32.878 -7.7357 31.24 203.792
25.6694 7.9491 2.3927 0.668 0.3745 13.9514 18.2915 6.3585 41.133 184.467
115.117 21.2907 2.8024 0.3262 0.1726 84.1382 54.405 -8.4278 71.01 95.7596
195.22 67.3082 3.5708 0.1007 0.0582 -242.595 -149.315 45.394 12.793 236.332
58.9523 21.2274 2.6884 0.2705 0.165 -54.5436 -43.6717 -17.7002 32.936 89.1636
68.1675 17.6491 2.6488 0.4198 0.2144 -13.0659 -73.8798 12.2847 27.876 178.391
109.965 72.0185 3.3227 0.186 0.0977 -50.0314 55.547 94.3075 56.568 312.754
49.3887 9.3773 2.8918 0.3746 0.1995 12.5841 33.651 5.4461 22.7965 146.667
55.0356 42.0449 3.135 0.2191 0.1294 50.7766 35.14 -10.731 72.5768 127.54
20.0912 7.8174 2.2924 0.8413 0.5316 22.1617 -6.3538 16.1088 73.6545 224.8616
12.8425 9.585 2.3646 0.8121 0.5853 10.7643 9.2325 8.1413 0.7048 141.538
101.462 17.5033 3.2062 0.2451 0.1428 -95.0549 80.2234 -7.1155 22.298 332.449
113.0663 76.9218 3.7965 0.0912 0.0602 112.1963 97.167 -53.1103 86.9145 285.9024
170.539 47.8698 3.1596 0.1558 0.0855 -263.69 134.901 12.156 23.122 189.469
28.2527 9.9309 2.4541 0.5343 0.2759 24.5282 -21.9596 6.3961 49.9964 242.798
17.5999 11.6015 2.5456 0.5069 0.245 29.0381 -0.9143 0.4197 55.3738 222.2073
98.8028 16.4991 3.1633 0.1888 0.0985 97.1482 44.0962 -14.2972 81.1201 105.54
173.8034 120.502 3.2411 0.2114 0.1236 -235.3878 -122.8551 -48.6002 47.9885 247.0455
110.867 40.7858 3.0616 0.2542 0.1297 88.0994 91.5093 32.7225 21.8577 326.927
217.837 39.323 3.0903 0.2835 0.1458 -265.374 132.336 17.4287 42.682 244.432
170.743 101.479 3.9528 0.1042 0.0582 -58.2791 -143.024 29.7954 63.52 190.415
162.78 44.8181 3.4057 0.1018 0.0513 114.005 77.7034 49.0601 86.9108 131.83
32.7936 19.1407 2.6239 0.5007 0.2995 -12.9695 22.3997 -14.828 89.9076 225.9122
44.3851 30.6704 2.9251 0.3945 0.2668 5.3902 11.208 -20.4461 20.0643 327.1
52.6356 26.6227 2.9641 0.199 0.1106 -25.771 -18.9617 -6.4777 34.3564 167.1355
118.471 31.2195 3.0247 0.4034 0.2064 -104.286 -47.5957 -18.9831 4.826 329.079
30.412 20.9661 2.6926 0.4778 0.2567 9.2727 33.6205 17.1036 74.3825 257.7939
91.9028 84.8221 3.9443 0.0858 0.0443 -42.4741 -50.0224 -58.6919 31.0095 261.265
61.7893 52.2988 3.0199 0.17 0.0931 40.8038 -21.9021 45.7955 20.5574 154.871
39.0281 9.4129 2.7336 0.4044 0.2151 32.9133 20.8016 7.7568 31.528 160.542
128.189 22.1649 2.7952 0.2708 0.1675 143.63 -71.097 -8.4593 26.796 158.973
19.7823 2.9411 2.6506 0.5334 0.2869 19.7089 11.2428 11.4826 13.8023 203.5862
96.4412 87.684 3.8398 0.0831 0.0422 -81.538 88.0748 75.3583 6.6557 252.919
21.6739 10.9486 2.7205 0.3677 0.2144 8.4718 22.9505 1.1068 57.2767 159.7663
227.5594 55.3849 3.8508 0.0959 0.0389 -203.9186 -145.6697 33.365 80.3525 240.8288
41.1187 12.7348 2.6815 0.1935 0.1166 -30.7605 -13.3091 -11.2792 76.5615 53.1324
120.3882 67.1368 3.6905 0.1128 0.0481 -155.5746 35.3004 47.8095 3.876 289.043
180.7133 58.2973 3.5893 0.0983 0.0733 -278.9379 -85.086 53.8558 48.6995 175.3881
116.667 59.1005 3.1193 0.1406 0.0802 -45.3507 -149.902 33.2106 65.138 48.472
258.9368 65.6344 4.1745 0.0895 0.0265 -291.9564 -232.5622 42.2425 48.3402 211.3593
173.912 106.107 4.113 0.0792 0.0433 -104.339 -131.019 61.7062 87.7033 371
12.4623 10.5106 2.5848 0.6115 0.3284 11.7188 -15.6225 -7.211 57.4719 94.0827
141.639 43.1145 2.7825 0.3696 0.1972 132.438 58.2355 -30.8145 3.2109 299.94
138.0075 34.6176 3.4331 0.2026 0.1199 140.3894 96.3666 30.0004 62.7682 369.4005
48.0851 22.0152 2.7634 0.319 0.1629 -23.1676 -51.9195 -14.8015 42.124 204.507
26.5815 7.2683 2.4548 0.6982 0.3912 18.4302 -11.4328 -5.8671 89.7897 243.741
28.7811 7.9783 2.3483 0.704 0.4865 24.2793 26.9819 7.6943 3.734 211.169
45.3366 25.6922 2.8675 0.2334 0.1174 2.0978 -32.7098 15.2636 61.915 90.4217
38.1755 13.8329 2.713 0.3196 0.1852 55.2558 27.0943 6.7129 47.2068 192.1503
28.2452 7.4431 2.4609 0.5848 0.3581 11.1731 10.0138 -4.6976 76.566 83.9864
57.7175 44.616 3.1552 0.1777 0.0934 7.5555 42.8557 -38.4278 41.76 145.818
220.3177 77.3349 4.0902 0.0335 0.0206 180.8181 165.5819 92.6412 15.9931 45.4067
113.725 40.6034 2.7222 0.3393 0.2 101.436 48.2941 -29.3779 20.2614 250.023
42.3088 9.8857 2.8017 0.3883 0.2281 -4.7173 17.4809 -5.4394 29.9953 105.824
80.5522 59.7657 3.5784 0.1557 0.0785 -27.1295 64.7537 21.8818 21.3447 298.4421
75.9957 45.6138 2.8743 0.2598 0.1253 -29.3225 -41.7082 34.3627 68.283 110.5783
13.0186 9.8423 2.5101 0.6891 0.3795 5.9403 23.0128 15.6372 2.0169 249.1274
225.747 103.106 4.406 0.0488 0.0277 -313.879 -183.907 -45.5113 72.622 254.918
31.1619 12.4768 2.9289 0.3863 0.2079 -10.5627 13.476 -10.1215 27.917 204.543
124.838 72.3293 3.3277 0.1373 0.0783 -226.867 133.497 -21.0195 12.609 236.468
34.2579 19.7557 2.5723 0.3927 0.2371 13.4421 19.1813 -14.3546 73.6632 208.4332
163.6203 61.581 3.4128 0.3323 0.1669 -137.6074 -167.7684 76.1014 12.4703 398.6475
20.0711 8.9345 2.5276 0.6706 0.4436 1.4327 -12.6418 -9.5415 89.7209 234.118
81.0446 25.2364 3.0874 0.2833 0.1416 50.1937 66.2168 15.5908 25.2656 215.0284
166.679 41.9918 3.3784 0.1347 0.0684 -256.355 -42.4626 22.8947 4.3827 285.538
109.352 78.0608 3.726 0.1118 0.0572 -131.978 69.6527 -59.6544 1.4315 300.036
53.4875 14.8568 2.8527 0.53 0.3086 54.408 45.3547 15.8995 4.8069 305.9936
71.5698 50.1826 3.6689 0.1462 0.0569 -57.1051 -74.0145 41.7226 8.3845 82.2548
109.5085 13.7841 3.3851 0.3398 0.1839 -7.963 60.2403 20.4252 16.1581 351.998
32.8172 16.6688 2.6869 0.5577 0.4045 11.2613 19.398 12.4762 13.2369 258.0529
135.1552 105.2155 3.4443 0.2501 0.1261 0.9334 -83.7826 62.5007 44.1076 357.727
31.015 16.0174 2.6112 0.448 0.2313 -24.8442 -18.22 9.7083 54.566 237.123
105.348 46.9254 3.6931 0.211 0.1108 -20.6298 -110.327 26.8764 10.196 379.917
26.0249 8.2571 2.5075 0.6816 0.4343 15.3165 7.8907 -8.9325 57.5733 89.1948
215.819 94.928 4.4029 0.0558 0.0284 -256.982 -166.553 -36.2335 73.2642 340.006
109.8239 66.326 3.5195 0.1409 0.068 -90.8902 40.6639 37.9172 5.3459 296.3339
105.135 64.1772 2.7067 0.2809 0.1503 35.1194 39.3859 -46.0033 1.344 355.497
136.416 88.1951 3.9794 0.0368 0.0189 43.723 125.687 23.7715 78.348 196.897
25.5628 11.9588 2.4188 0.7183 0.4317 9.1341 21.0834 11.0272 9.5872 65.6303
144.6026 76.9853 2.9709 0.2299 0.1189 -136.7437 121.749 -39.3138 39.6929 205.3179
25.0966 9.6939 2.5885 0.6108 0.4682 26.6969 14.9191 -6.1255 30.7288 117.6345
30.5394 12.5269 2.5623 0.5562 0.4123 17.2047 27.7356 -10.2433 30.612 267.933
36.0807 7.6872 2.7316 0.5325 0.2699 -2.2973 26.1708 3.9323 25.105 53.0814
23.7081 0 2.2055 0.7913 0.5016 0 0 19.648 90 248.785
180.692 56.3602 4.1013 0.0459 0.0244 -147.411 -108.561 24.3209 89.9798 231.756
104.28 21.5432 2.9545 0.2976 0.1705 -28.2056 -92.4504 -13.5955 21.912 160.289
32.9616 5.9553 2.7275 0.5269 0.3177 17.9738 23.593 -3.8636 3.1509 137.3411
233.1126 63.385 3.852 0.1121 0.0583 -191.9953 -267.005 -54.4777 33.7212 316.122
44.6843 9.4991 2.7253 0.3116 0.2309 -17.4209 30.1365 -12.6546 57.0501 99.2361
149.948 54.6444 4.3688 0.0584 0.031 66.553 116.5 -46.5113 26.043 134.832
65.7635 19.7758 2.679 0.3707 0.2126 -86.8678 46.0977 -16.4593 47.095 102.318
110.4766 71.8217 4.1073 0.1078 0.0537 42.4312 47.166 -83.4869 46.3265 216.3036
176.8345 78.3927 4.4344 0.0359 0.0277 -64.9783 -142.7733 -49.8325 70.5173 189.4295
161.555 110.208 3.3851 0.136 0.0698 -43.546 -94.5333 -92.0508 58.62 141.773
19.3124 9.6364 2.3598 0.6288 0.3341 23.3032 10.5409 5.348 71.3695 220.908
55.958 32.1315 3.3686 0.131 0.0708 -29.1259 -53.7404 9.509 45.4669 80.8058
19.0828 12.085 2.6056 0.5541 0.2968 -2.6998 16.489 3.5801 45.0719 105.1441
103.3298 78.7427 3.9179 0.1365 0.0785 -26.9567 -50.451 29.2239 85.9291 386.6087
119.9548 68.0008 3.2619 0.2476 0.1364 -20.0921 42.4992 80.8296 43.5955 372.3003
25.3258 16.078 2.6026 0.4395 0.2759 7.6708 11.067 -8.6747 85.1661 190.517
63.9326 31.039 3.3938 0.2443 0.1254 49.2973 59.7712 -11.0097 33.194 273.419
115.0816 58.9051 3.7606 0.1371 0.0809 10.655 103.1868 -20.4895 29.8217 163.6358
195.3829 50.245 3.1741 0.1902 0.1271 212.0317 -148.436 -43.5186 42.7007 181.2185
73.6638 28.3311 2.7952 0.3429 0.2059 56.6597 52.1399 -19.2825 0.824 30.053
42.7638 9.726 2.8759 0.3766 0.2176 32.9855 21.2882 -1.9202 30.3347 49.6155
102.897 41.8712 3.0455 0.2873 0.1445 73.0007 93.1035 -21.7074 36.8698 87.5559
21.0523 14.8214 2.6279 0.6007 0.3946 18.1624 21.6201 -3.48 12.1039 155.782
20.9745 10.2545 2.4518 0.6784 0.4717 15.5785 19.6311 -10.5785 50.79 174.42
19.2001 8.699 2.2216 0.8348 0.5035 -21.4173 3.0909 10.2465 21.5095 38.025
32.0214 13.4047 2.6522 0.3452 0.186 -28.5927 -11.7789 6.5122 58.969 159.744
171.5051 64.5524 3.5331 0.1674 0.0466 103.3078 145.4257 42.0187 40.1469 264.1398
52.1417 51.7241 2.7439 0.2873 0.1266 15.2124 48.8939 -31.9177 6.2682 221.9544
45.1554 9.6212 2.8309 0.4207 0.2236 55.4898 36.8525 -5.0859 17.7436 187.33
30.0199 14.3107 2.556 0.4194 0.2552 -7.7647 10.0191 -7.2856 73.2437 251.0377
60.1637 11.2194 2.5592 0.4734 0.2532 45.2744 68.1764 -6.3152 31.8311 223.4356
22.8087 11.1387 2.4574 0.734 0.5133 8.4924 16.6283 -0.6207 41.1069 151.8346
218.336 35.3365 3.2117 0.1425 0.0722 -146.548 -213.898 33.3199 81.4912 205.771
29.5116 14.5846 2.5259 0.5114 0.2365 14.8457 21.0673 3.9078 80.8572 116.6055
231.336 44.1341 3.107 0.3947 0.238 -194.768 -170.845 30.0577 2.321 304.608
28.251 9.1968 2.4526 0.5432 0.3545 6.4403 23.8752 -9.2986 67.6187 155.68
81.2464 77.0121 3.8888 0.1267 0.0634 -66.0714 -42.8035 21.757 22.5005 359.445
37.9753 5.1561 2.5209 0.6779 0.4316 31.3369 31.8875 -6.8782 14.3465 265.8435
27.9583 14.0395 2.6915 0.4334 0.2594 6.6603 -14.7058 -4.443 40.4651 257.329
41.2576 12.722 2.5669 0.5178 0.282 8.734 -18.5681 3.7897 39.3094 227.6133
27.6224 10.1414 2.6564 0.5177 0.2706 -19.8099 -16.5941 5.8707 77.9632 48.0056
150.7271 104.9672 4.0169 0.1549 0.0787 -123.5467 -154.5906 -92.1893 54.9163 396.9053
117.902 69.9325 3.4107 0.2979 0.1661 90.5019 117.519 19.4267 57.1777 390.07
24.2757 10.8321 2.5883 0.6374 0.329 -10.9739 9.5183 -11.3568 23.102 208.029
50.0678 8.3694 2.8187 0.3884 0.2295 49.2171 39.1699 12.5765 18.1779 215.9294
258.7196 188.8866 3.5198 0.0865 0.0535 328.7287 42.4851 122.2904 75.4253 135.2064
97.279 68.7333 3.8828 0.1282 0.0695 -0.5356 -69.6596 -40.8534 25.5154 357.119
147.203 82.3047 3.3614 0.1836 0.1016 -250.915 144.953 -55.0321 51.6996 234.683
75.6427 28.926 3.5111 0.139 0.084 -67.2102 -52.6716 15.746 17.19 221.961
8.6998 6.7412 2.4845 0.6872 0.4493 -3.9379 2.8869 10.2013 64.5429 118.5759
54.8335 12.8325 2.9232 0.2995 0.1689 -4.6042 25.123 6.7826 24.614 221.648
145.4748 39.2394 2.895 0.2497 0.1536 98.7089 159.0491 -29.9708 20.6622 157.6303
17.1992 10.3194 2.4983 0.6889 0.4143 -3.2629 7.1593 -8.0473 76.035 126.318
58.8826 11.747 2.9511 0.3033 0.1595 13.5775 -41.6244 5.2739 8.76 64.6417
45.1659 12.261 2.9511 0.2925 0.184 60.0913 55.9376 -5.7269 31.0284 192.5941
17.6877 12.4821 2.6196 0.6507 0.3613 13.9636 15.1892 -5.1048 6.794 238.852
43.54 27.0571 2.7474 0.2862 0.1708 -19.9815 37.9593 15.2526 26.3532 259.572
52.1023 18.8016 2.6456 0.3012 0.1632 52.1284 18.8213 16.5124 74.2446 103.0275
20.6602 9.4829 2.3709 0.5941 0.3013 -3.6252 -18.5964 -2.4076 84.4428 188.0174
159.653 48.5098 3.2608 0.1399 0.0738 -242.248 116.136 14.487 33.756 186.568
15.7305 12.3216 2.5826 0.6431 0.4667 0.1983 -6.0171 10.6035 27.7778 178.295
39.2934 10.5426 2.7738 0.431 0.2803 34.7939 28.1703 -5.6681 23.685 187.108
17.3371 11.4607 2.5533 0.6406 0.4573 -3.3701 10.5042 -11.3435 4.3202 241.61
56.0655 8.9886 2.8966 0.2684 0.1666 17.6946 27.8618 -6.5418 59.5926 40.716
126.6356 66.5995 4.2846 0.0953 0.068 91.5666 110.1543 -52.028 61.4309 382.2097
115.1431 35.0826 3.0283 0.2189 0.1304 -107.9506 -165.5549 -20.6043 9.4043 249.3844
204.7281 60.6826 3.0227 0.1387 0.0664 152.7945 182.4354 -30.2022 58.3028 216.1004
173.102 65.3651 3.8666 0.0666 0.0362 105.014 111.898 -41.4593 61.4059 244.89
84.034 68.6366 3.5917 0.1572 0.0946 1.2263 63.2498 43.749 9.0247 361.655
132.313 68.7357 3.2222 0.3052 0.1754 68.9678 173.067 -37.4081 85.6332 281.961
118.0119 34.4505 3.4329 0.1599 0.0595 -86.88 92.0826 -16.7904 16.214 265.7457
142.74 92.8384 4.0558 0.0979 0.0527 -173.8 -78.1944 65.9667 51.7033 367.575
27.7808 12.187 2.5051 0.4531 0.2484 -24.7152 -22.5079 -5.4611 83.101 232.06
145.354 87.4626 4.5105 0.0544 0.0198 -97.7777 -181.5457 48.0554 55.2582 203.1024
29.3045 9.8754 2.3918 0.5071 0.286 10.5582 18.0646 -11.7191 66.612 166.892
33.0547 6.9405 2.5243 0.6211 0.3019 3.6617 7.3387 -10.5551 23.182 203.2107
17.9477 12.9279 2.5982 0.5927 0.377 10.4941 14.8981 6.2992 41.8467 123.624
24.7422 12.3153 2.5024 0.4937 0.316 12.588 17.9898 -8.0719 52.9186 199.835
174.353 76.7792 3.2926 0.154 0.0808 -97.9348 -191.937 44.7443 8.0578 183.907
137.267 77.1084 4.1805 0.0952 0.0498 -9.108 -150.795 -60.0079 8.8 320.047
117.4069 35.9476 2.8998 0.1643 0.0584 -251.8422 132.2234 37.4485 37.1347 152.8398
95.3928 16.4206 3.0382 0.2427 0.1397 78.6864 69.2353 14.5593 24.8474 323.6569
78.2793 31.904 3.1624 0.1404 0.0769 -113.7576 39.437 9.5273 42.3902 77.3752
89.2796 21.5342 3.224 0.2764 0.1621 2.0046 48.891 -10.0279 28.071 343.286
65.4786 41.5616 3.3704 0.2872 0.1835 -21.3659 40.5399 18.4927 24.6642 333.785
104.906 85.3367 3.347 0.2087 0.1077 11.2201 -82.8637 -75.006 37.382 296.143
157.9876 82.8141 3.1533 0.3786 0.2174 -170.8765 -138.2061 -64.0302 27.9254 387.7986
121.611 23.0402 2.7612 0.3449 0.1724 -158.147 69.0576 15.8381 7.3206 332.922
221.538 56.9025 3.6164 0.1335 0.0778 -195.777 -279.352 34.0155 14.1535 309.58
13.1727 10.6312 2.3701 0.7804 0.4627 -13.7368 -3.976 11.0204 69.031 223.852
24.2515 9.6208 2.5641 0.5648 0.3179 27.5263 20.0094 -7.0592 60.9102 89.8197
24.7271 14.5628 2.6069 0.4277 0.246 -8.76 -14.9319 8.5488 79.5231 203.767
41.0393 12.049 2.9396 0.4115 0.267 21.8993 33.6709 -10.5078 16.1705 238.4506
105.43 21.6802 2.7528 0.4346 0.2412 96.4047 51.263 -13.3411 3.773 146.937
38.9566 14.1448 2.7662 0.5948 0.384 -38.6958 -32.9909 4.7953 17.0214 314.7395
36.8382 15.6184 2.7052 0.3569 0.3025 -18.065 -27.7019 -8.1 55.4245 156.8538
19.4695 11.301 2.6928 0.689 0.369 -0.5463 2.3599 9.7431 8.4896 167.0855
44.6944 15.4992 2.78 0.429 0.2605 -18.338 -38.1651 -9.7374 36.465 158.8334
26.2328 20.9103 2.7451 0.3705 0.1862 21.8231 -21.0481 16.5366 75.6027 201.633
27.3719 9.6941 2.5826 0.7007 0.383 -26.0024 -20.1652 10.7687 89.5153 20.8435
60.4279 15.5356 3.0396 0.345 0.1812 82.1905 34.2324 -12.1593 19.428 286.138
84.1395 62.2117 3.5393 0.1137 0.0688 2.6726 81.6349 -36.8499 21.5273 121.4221
39.0281 9.4129 2.7336 0.4044 0.2151 32.9133 20.8016 7.7568 31.528 160.542
189.929 50.5583 3.3401 0.1165 0.061 -76.923 -177.862 -29.4325 62.1475 85.3518
227.879 119.071 4.4173 0.049 0.0252 -174.431 -223.334 -53.7775 40.641 241.448
98.1339 54.5318 3.2041 0.1951 0.1287 -184.1671 87.5247 -21.7298 16.565 214.8823
138.7728 103.1938 3.7465 0.1216 0.0638 -217.8298 62.2805 58.5837 7.0801 199.3698
103.1088 51.0397 3.3184 0.1313 0.0774 -22.1742 75.1813 46.1237 12.3601 313.4841
25.7967 9.4117 2.4676 0.4974 0.3083 -11.6324 11.0684 4.6974 44.734 205.278
127.9027 57.0209 2.6942 0.3685 0.1846 152.7872 80.1306 -56.8952 45.4631 305.8764
165.2576 23.4409 2.7692 0.6639 0.3678 -57.075 -164.4205 17.7674 16.8837 302.3371
20.5434 8.9884 2.4346 0.6287 0.3438 24.4636 9.6247 -3.306 39.6377 235.628
49.8004 35.9321 2.9302 0.3124 0.1803 0.7015 -54.698 -21.9238 10.089 225.202
20.9255 14.0868 2.6355 0.5347 0.3438 12.9819 18.2593 8.9524 53.9385 94.1967
39.3361 17.7954 2.4391 0.6373 0.372 15.8051 13.9885 19.3791 66.7342 330.8791
128.945 47.1696 3.4816 0.1066 0.0536 -165.287 -90.9151 -20.2129 58.5095 85.5954
29.0414 11.762 2.6015 0.4981 0.2691 40.5198 -19.2335 6.6009 46.79 45.63
69.9884 23.7658 3.0867 0.1219 0.0867 16.4705 42.8226 12.6565 38.6209 138.8302
136.5573 81.9947 4.527 0.0523 0.0295 -72.1611 71.9257 -42.9565 33.9666 268.6196
186.792 25.8986 2.7933 0.3453 0.1922 -174.0476 -82.1914 -19.3292 32.506 157.0498
238.111 88.7285 3.5115 0.1176 0.063 -228.885 -119.837 -55.1651 78.2445 196.326
76.7069 33.2691 3.0297 0.2159 0.0884 24.3289 56.3351 -22.6523 87.8069 134.4601
18.0336 9.8941 2.549 0.6949 0.3912 19.7671 12.6256 -6.5641 15.503 206.028
84.9618 27.0715 3.2153 0.2518 0.154 -68.5068 -96.2692 19.9465 17.2309 236.7739
94.2207 52.1181 3.0145 0.3027 0.1949 -25.9338 72.1405 28.993 1.771 314.29
18.5731 16.2365 2.6758 0.4895 0.3091 1.1158 8.1104 -11.7988 50.9791 224.878
64.2993 31.9608 3.7132 0.1854 0.0897 -21.8394 -61.5848 -14.6369 21.6221 221.5627
254.2102 44.5917 2.754 0.4261 0.2773 267.1098 106.5271 -47.0666 1.9568 86.1728
31.6496 16.4815 2.6057 0.8585 0.5878 21.9778 34.3648 21.2481 77.386 394.4193
168.9167 24.1899 2.7354 0.3443 0.1691 -235.6526 156.3105 17.4115 29.3893 253.3268
46.3814 8.7167 2.8301 0.3082 0.1479 17.5912 25.7737 -0.3421 26.0663 220.6111
26.6759 8.0837 2.5459 0.6145 0.4168 3.0689 23.8389 10.232 4.3881 140.235
44.376 13.9462 2.7392 0.3045 0.1559 -17.8862 -23.0565 8.0817 50.0762 40.3514
16.9105 13.9431 2.5499 0.5254 0.3094 -2.8944 -8.0287 -8.7761 59.1362 187.2757
43.949 8.2965 2.6392 0.4338 0.2133 23.4507 16.0698 -4.8768 26.8478 121.1938
203.8345 95.9107 3.6505 0.1067 0.0427 -47.7912 -159.4809 69.8356 2.7197 305.2008
138.992 24.5973 3.008 0.1964 0.0997 220.664 -139.622 7.9646 35.6855 134.842
202.3723 19.7505 3.0297 0.6383 0.39 -130.7522 -167.8656 11.4706 31.6422 342.8315
41.5423 17.4376 2.5909 0.3146 0.1535 8.8842 22.0939 11.9942 64.8607 207.2207
24.1205 10.5165 2.5074 0.4701 0.3194 5.7188 -24.4579 9.9509 81.1395 78.7636
16.5577 14.0479 2.5862 0.576 0.3055 8.5469 -8.75 -13.1991 38.5063 190.8324
19.2157 6.6821 2.5397 0.8427 0.4921 17.8558 15.1868 3.2288 0.348 148.574
19.9091 8.456 2.5468 0.6065 0.3095 -34.6135 -18.8923 6.7465 68.1039 39.7711
148.9539 59.0483 3.4519 0.0823 0.0735 58.9605 109.8846 53.862 17.6832 209.8302
28.9415 15.1615 2.5855 0.381 0.1658 10.9221 18.4686 -10.4801 64.7773 235.031
17.3272 3.3491 2.3366 0.7506 0.5147 13.8682 19.111 3.876 16.6095 87.5802
26.2601 10.04 2.6556 0.484 0.2597 -37.1728 14.4647 4.6205 18.7981 263.945
215.0162 83.461 3.3843 0.1876 0.0776 -278.17 -160.962 83.6411 63.9819 207.9776
19.7875 7.7654 2.4609 0.7301 0.5588 15.9196 18.209 -1.9004 27.373 133.762
41.9097 13.1063 2.6964 0.3615 0.2174 -0.3925 -18.528 9.6738 46.6079 70.2924
123.62 27.3891 3.2591 0.1883 0.0961 -91.0451 -99.2858 -29.103 25.569 128.876
77.2493 46.1283 3.6997 0.1016 0.0512 71.6223 -39.8901 27.5975 59.2516 134.392
87.1898 44.136 3.5621 0.2116 0.1273 -39.8998 22.558 24.4775 30.9266 333.79
170.825 43.6618 3.1109 0.2502 0.153 -276.601 161.781 34.6347 73.868 215.396
110.1665 84.6968 3.6426 0.1919 0.0957 -150.4182 -95.633 -78.1952 18.3655 372.2293
231.2198 41.703 3.7221 0.1121 0.0339 -239.171 -108.2891 -20.4242 75.7118 205.084
123.4954 33.1853 3.5515 0.1224 0.0849 -41.6601 -182.7114 -27.3945 11.7776 168.0363
71.6368 35.1325 2.9289 0.4747 0.2621 26.9998 69.6237 -29.6651 31.114 343.792
59.4912 3.8804 2.9005 0.3931 0.2044 18.8616 60.5058 -3.6781 5.8833 245.8489
53.4968 11.4443 2.9143 0.3788 0.1955 6.0254 43.7832 9.6982 15.409 217.087
8.2304 8.0896 2.4662 0.6341 0.3148 -35.358 -11.1001 3.106 42.9222 148.2906
120.855 42.7804 3.1316 0.1263 0.0683 -42.4223 -144.197 10.6316 61.33 42.215
32.7243 11.9393 2.6325 0.4266 0.2692 20.0343 25.9423 11.1904 54.5812 107.905
57.7473 11.3677 3.0812 0.282 0.1464 24.3892 35.8005 6.2674 25.3002 129.085
131.72 61.4398 4.2216 0.0656 0.0362 -68.5659 89.7631 40.8115 48.984 264.146
164.6323 44.5141 3.5273 0.1327 0.058 152.1085 115.4027 42.278 59.2784 249.2569
71.678 28.5153 3.2094 0.1615 0.0922 -34.1381 -76.6441 20.761 29.4446 180.8155
173.256 78.768 4.2821 0.0739 0.0413 -82.339 -125.3489 -60.4553 79.259 374.5748
23.4942 10.9288 2.6604 0.5749 0.3464 -0.715 -21.919 9.0141 82.964 41.1838
22.8614 10.4089 2.5938 0.5452 0.3121 -10.6677 14.8602 5.2222 67.051 69.9651
15.0509 12.2064 2.4843 0.6623 0.3361 -1.2266 1.9075 -3.2387 62.1054 220.536
21.1726 8.1638 2.6635 0.4751 0.2876 -17.6064 -10.6521 9.2884 68.8752 78.8684
150.9752 21.2791 2.7031 0.3083 0.1876 -82.9582 -144.8908 -13.0142 15.107 56.5376
154.811 29.136 3.2806 0.2358 0.1208 40.2521 158.988 27.4137 0.697 147.761
32.5865 11.3165 2.6449 0.3941 0.2412 14.6847 26.3602 -7.5781 37.384 212.728
94.7731 74.473 3.0027 0.3104 0.1987 -10.3572 30.0436 -62.2613 22.4103 348.3267
199.802 29.3315 2.5838 0.4042 0.2099 137.076 190.353 18.5193 40.5742 126.382
80.0027 48.2562 3.3072 0.1439 0.055 63.4857 -39.8619 51.3988 13.4448 245.0247
21.1623 6.6888 2.3065 0.6017 0.4202 -6.0926 12.5225 12.5546 47.5781 218.6872
50.7449 8.8637 2.9906 0.3434 0.1742 9.0899 30.3424 5.6241 17.4344 191.832
182.4738 37.1706 2.9856 0.2622 0.1841 -265.0052 172.5351 7.6725 14.3907 139.6862
23.9037 10.1626 2.398 0.5351 0.2727 11.3524 13.6213 -3.8511 66.9864 154.8975
62.1168 17.5698 3.0822 0.2424 0.1245 -38.4544 -47.373 -11.0282 29.379 195.946
17.6254 10.3238 2.4609 0.6747 0.3685 4.1532 -9.1952 -7.416 59.709 147.704
17.666 11.1267 2.5365 0.4626 0.2646 3.3562 21.2237 -11.6285 61.3469 150.4692
47.5061 11.3387 2.8519 0.3812 0.2215 36.7509 39.299 4.7267 21.389 204.276
192.197 61.7657 3.4649 0.1872 0.1106 -27.2776 -218.729 51.3807 7.5687 331.86
69.1433 34.7464 2.9841 0.2697 0.1789 58.4268 58.4271 -17.2172 77.8989 127.905
213.4886 83.705 3.5707 0.1343 0.0748 -212.6945 -96.2903 -78.2844 46.0347 157.1545
29.3302 12.9857 2.5378 0.4406 0.2304 -22.981 -24.3176 4.6754 72.755 122.374
147.318 23.5303 2.6395 0.4495 0.2603 96.1868 143.681 -16.3267 15.957 152.734
145.1413 107.2101 4.1463 0.1044 0.0493 -114.2347 -137.1122 52.0009 37.0745 324.8371
26.2937 8.8099 2.4048 0.689 0.3642 4.8377 23.1861 5.0235 78.6196 149.052
216.2929 78.3016 3.5371 0.1553 0.0874 -247.2998 -144.6507 -82.8763 70.8438 198.6688
186.925 116.872 4.165 0.0682 0.0362 -145.119 -179.701 -97.705 49.6546 209.075
156.2011 27.1467 2.8786 0.3024 0.147 133.8251 115.19 -4.9812 76.5776 69.3105
23.2673 10.2974 2.4354 0.5908 0.3725 9.075 17.7489 8.6035 74.2971 222.43
171.115 41.1314 3.6886 0.0922 0.0618 -219.634 -148.374 -42.1235 79.146 191.177
43.2905 12.3187 2.4556 0.3222 0.1629 -68.2391 23.8963 -11.9421 50.8834 186.789
38.4459 11.8371 2.6513 0.3772 0.2087 54.363 16.3965 -7.4008 77.696 88.1333
43.1087 32.15 2.8609 0.3388 0.2307 -49.1003 -17.2738 -12.26 19.4398 278.639
50.3019 18.0709 2.7226 0.3125 0.1563 -52.5263 -31.6676 -14.9167 40.14 271.101
19.4632 10.5655 2.4048 0.6181 0.372 7.1088 -16.5797 9.3113 64.519 166.183
41.9892 11.468 2.6592 0.3039 0.1857 35.877 11.3109 18.5477 70.9603 106.3456
12.9526 9.8511 2.2911 0.8031 0.5601 11.4097 8.4522 8.6573 85.4342 226.159
18.4575 16.7327 2.6313 0.5278 0.294 3.9328 -15.5885 -7.0676 67.5262 139.5355
59.5654 30.2124 2.4631 0.3373 0.1876 49.5765 58.3284 24.3381 78.0882 229.749
159.275 76.1422 4.2712 0.078 0.0392 -136.407 -121.946 -42.0386 79.626 373.05
41.7329 13.4302 2.7505 0.4336 0.229 6.9762 -9.1693 -5.939 55.0425 43.0465
122.657 72.5942 4.1544 0.0732 0.0368 -70.3677 76.1215 -44.8267 27.926 260.481
26.9187 17.3692 2.7498 0.4678 0.2777 -36.2269 -23.6332 -9.253 73.6034 92.6105
126.397 56.7218 3.2597 0.1232 0.0619 79.3009 115.737 -38.7469 4.2599 32.8647
37.1784 20.2962 2.7569 0.3837 0.1931 14.7403 36.1904 -26.045 34.5112 257.3683
17.172 10.759 2.5315 0.6382 0.3838 -2.1218 6.6094 7.5741 55.5146 92.8713
90.9744 23.0038 2.9382 0.4806 0.3666 -76.2392 -48.991 -28.9649 6.4514 304.039
14.6541 13.5916 2.511 0.642 0.3613 13.3548 12.9946 -12.0198 49.6263 188.7315
51.4249 11.1595 2.9574 0.3331 0.2002 57.3095 30.2313 8.6606 18.0023 220.214
14.6612 8.4453 2.4693 0.6919 0.358 -0.5399 1.4321 3.6084 67.6927 108.915
53.0789 32.7179 3.1807 0.1596 0.0821 -23.5435 -46.723 -26.7767 15.94 168.436
31.1767 2.6499 2.5881 0.5414 0.3204 4.5216 17.88 14.7213 26.4212 134.3067
20.338 12.7461 2.6518 0.4348 0.2241 -0.9577 4.7392 -8.5004 43.436 223.037
36.6168 9.0362 2.7462 0.4951 0.2915 28.17 29.6638 -5.9013 14.718 81.0417
65.0483 33.8061 2.8254 0.2313 0.1398 -85.1316 42.9006 -17.125 54.1282 146.618
25.4859 12.6124 2.4371 0.5302 0.2921 14.1387 17.3165 5.5295 78.2195 196.2962
38.5942 28.2244 2.839 0.2595 0.1366 10.6494 22.4972 23.7012 35.4255 213.8245
23.6883 6.043 2.4771 0.7533 0.5417 -3.3438 -18.5123 4.8497 82.5746 198.4
112.7716 8.4152 2.4899 0.6626 0.3489 -150.4698 93.1629 -12.6108 65.6261 220.8814
159.654 62.1215 3.6205 0.1067 0.0628 -281.2213 -125.142 -66.6812 88.0923 225.399
242.8317 50.7863 3.4142 0.1141 0.0654 -255.1132 171.5541 -40.8667 48.4566 132.5392
33.3489 32.7464 2.9191 0.2946 0.1373 30.8923 25.4779 26.8952 20.799 241.7025
122.095 78.0849 4.3196 0.0507 0.0264 74.847 -65.0153 -59.6825 55.6274 259.109
74.6868 19.1355 2.8624 0.4022 0.2258 61.9181 61.9511 12.1915 21.453 152.807
35.2805 7.7802 2.3454 0.4876 0.3002 0.5132 19.13 4.1747 69.9841 206.569
123.0714 78.4741 3.7929 0.1251 0.0857 11.1289 52.2982 75.1959 89.8051 328.8961
254.6375 116.4147 3.6089 0.1929 0.0856 400.284 -224.4015 91.0362 57.8297 186.4461
23.3913 11.2116 2.816 0.4598 0.2663 -3.2584 -8.4222 5.3094 79.8372 60.869
103.92 67.5348 4.0748 0.1339 0.0693 -107.791 -73.643 -22.9568 16.946 372.675
32.2371 9.1144 2.4158 0.4568 0.2591 -19.0703 19.9743 9.1901 87.8265 204.061
27.3045 17.2843 2.6662 0.3415 0.185 -30.6626 5.4327 12.4836 76.8949 246.0027
51.5075 21.1262 2.8742 0.2781 0.1644 62.3685 -7.4534 9.7978 31.9622 37.9488
130.7112 13.8452 2.6221 0.7331 0.4642 -116.4043 -101.7676 -14.345 47.0975 243.5813
118.4085 21.1124 2.6052 0.5898 0.4158 67.334 112.5493 9.6168 80.0592 241.4869
168.6169 95.4345 3.6384 0.1288 0.0565 -165.1025 -62.3979 -87.2004 31.7599 185.7593
106.05 23.3158 2.8762 0.4761 0.2773 -90.5509 46.5714 -13.9215 21.0535 251.72
44.2348 14.3562 2.88 0.4258 0.2406 40.7821 41.1823 16.028 5.248 268.169
21.7507 12.5149 2.4894 0.5882 0.2899 17.9328 23.4829 -8.4085 84.9682 220.3298
142.872 110.85 4.4417 0.0431 0.0231 5.3578 88.068 65.575 81.3496 267.828
17.3883 10.6291 2.5821 0.6335 0.3835 -1.553 6.1826 -7.47 89.0125 258.262
22.0438 9.4673 2.4552 0.532 0.3318 7.941 23.8117 -9.9239 82.205 172.1424
104.7215 82.1747 3.7795 0.0694 0.0328 -76.5107 104.2027 -73.8648 71.1266 178.4461
28.2156 23.1239 2.8064 0.3148 0.1677 3.0899 -22.5958 17.1727 69.4414 207.251
31.9493 20.2841 2.6172 0.4191 0.2436 24.2925 18.1621 -10.3816 66.5278 250.6361
58.0522 38.4821 3.1602 0.1757 0.1027 25.4863 62.3693 -25.5808 32.2508 228.145
197.743 52.6165 3.3507 0.1592 0.0814 -108.831 -270.639 38.676 1.161 269.186
160.6805 25.0334 3.0186 0.3442 0.2136 -121.9785 -56.5295 -14.5834 19.5623 322.6846
178.0361 90.7131 4.0967 0.0802 0.0481 7.2494 -139.7596 82.5321 77.6499 329.7362
61.7727 52.9601 3.0999 0.2768 0.1635 9.7267 -57.2132 57.3506 18.1415 23.6597
76.2773 28.4018 2.888 0.4118 0.2128 68.0222 56.0183 24.7618 11.8216 303.9442
108.878 26.494 2.5521 0.345 0.1865 -104.076 51.1615 18.1802 22.6807 291.132
22.3151 13.4009 2.5431 0.5866 0.3209 0.3115 -9.8189 -14.0047 56.8004 135.8061
54.4517 19.5614 2.7723 0.4426 0.261 -74.44 33.958 -5.22 23.702 268.332
21.2342 15.4418 2.5569 0.5936 0.3454 3.3138 12.8973 7.3392 68.0255 229.437
179.965 146.529 3.5626 0.156 0.0839 -128.974 -207.837 -127.11 78.073 282.717
67.8595 11.6333 3.0243 0.3688 0.1962 30.6303 60.2055 5.3186 12.1225 240.959
141.2052 54.2402 3.7426 0.1595 0.0798 119.3406 125.4523 -58.434 44.8045 221.4339
55.1562 34.3023 3.0412 0.2592 0.1323 71.5225 41.4124 29.9018 28.876 277.293
39.6819 10.6402 2.5304 0.3853 0.1783 9.5617 32.088 -10.1071 44.2994 150.0396
42.4594 14.8353 2.6808 0.3191 0.1804 34.6929 29.7121 -15.0021 38.663 227.95
23.1422 13.1456 2.6393 0.5256 0.2704 -39.2931 -8.679 5.9303 75.798 66.6335
24.7267 12.5686 2.5046 0.4493 0.2283 -22.3523 23.7463 -5.9642 45.1546 236.494
104.1475 62.185 3.1396 0.1714 0.0602 -65.4577 -64.7042 -45.9728 86.529 122.929
104.1515 86.1509 3.9265 0.1809 0.07 0.9244 -69.8131 -61.1185 88.047 355.9869
94.2957 77.9859 3.8505 0.1521 0.0811 -63.6886 25.2362 42.6952 44.223 409.048
32.3397 11.5883 2.5982 0.3959 0.2216 42.6557 19.9213 6.4039 49.5985 143.0258
144.116 54.137 4.0889 0.0489 0.0246 66.7194 127.59 -43.2116 14.1751 139.724
54.3629 35.4866 2.9901 0.3386 0.2041 -33.4844 -63.014 28.2825 82.2071 147.551
19.0211 5.8521 2.357 0.8615 0.6264 13.6638 18.7067 4.8082 21.155 223.314
33.6123 9.5611 2.3344 0.646 0.3327 -2.366 11.2659 -6.3587 55.449 238.3086
22.4688 13.3683 2.5308 0.4533 0.2163 -27.3877 -17.644 -10.6397 86.2492 141.2034
105.0299 34.6312 3.2866 0.2641 0.1211 -46.7977 -39.862 -24.8515 18.5288 363.2486
45.1333 9.835 2.4997 0.4557 0.2611 42.295 -17.9081 -5.2001 37.171 163.455
19.7131 7.9518 2.5179 0.5078 0.288 -6.4052 -9.1431 -5.7197 41.5306 173.5266
121.6825 82.8631 3.1495 0.2632 0.1427 57.2025 -61.0469 58.1906 69.5071 367.5839
66.7056 28.0067 2.8349 0.209 0.138 -57.869 -48.4784 -23.9722 10.1703 157.9185
38.8946 23.2908 2.9538 0.2614 0.1351 -22.3629 -23.8829 -9.8954 69.1178 98.1642
98.3822 33.8045 3.6669 0.1266 0.0657 -71.6167 -94.2616 -22.2867 10.3301 140.5947
76.1995 56.7805 2.993 0.2348 0.1367 29.9647 78.6567 -59.8886 86.7687 146.687
87.9401 12.7271 2.499 0.3048 0.1589 -142.8986 81.0619 7.2474 50.1146 104.1828
135.001 87.2186 3.1458 0.3074 0.159 -45.5034 -130.637 48.2537 5.337 383.405
15.8646 7.6278 2.52 0.5872 0.3069 -19.3034 14.7897 -10.1066 7.6553 188.0232
107.376 13.4791 2.7645 0.4213 0.2175 -79.0352 -92.2321 -12.8229 83.3126 62.1312
20.419 10.4451 2.4265 0.6479 0.3315 -5.5089 16.6211 5.8879 39.3763 261.466
214.4246 25.0263 2.8975 0.2188 0.1527 155.2837 217.624 14.211 18.6414 110.4345
29.8806 16.4314 2.7254 0.4209 0.2355 -20.5918 -0.9242 10.5041 72.641 155.9726
17.3479 1.5338 2.1772 0.7922 0.4828 -1.5906 7.3247 20.635 88.8382 259.137
90.4367 82.5906 3.189 0.3479 0.213 4.6697 -116.6638 41.5347 46.163 363.0987
107.625 97.6105 3.444 0.1953 0.1221 52.4506 114.739 -61.743 46.8125 304.342
115.5226 28.3765 2.9175 0.3322 0.2068 72.8068 111.4304 15.8426 79.5439 120.3123
48.3126 14.0104 2.6481 0.5029 0.3158 24.5655 30.6659 -3.7856 31.7151 165.2955
22.665 10.8615 2.5709 0.5368 0.3155 38.1536 17.3419 -4.3435 60.5993 89.3854
152.485 52.4004 3.3425 0.16 0.087 149.393 68.5252 -43.0794 80.8293 343.346
175.485 89.1504 3.7786 0.1282 0.0762 -145.587 129.121 -81.6312 79.547 347.389
69.4073 19.7331 3.153 0.2014 0.1167 22.164 83.3217 -15.5392 77.0349 153.2177
19.024 13.1725 2.6598 0.5 0.2808 -22.268 -2.1389 14.2145 54.7202 170.0144
12.9301 11.3184 2.3334 0.7425 0.4014 -14.9693 6.3542 11.3184 17.3121 46.3899
65.58 29.887 2.9939 0.4189 0.2135 7.6539 -45.1052 20.0508 16.636 433.743
149.9769 55.8372 3.1748 0.2211 0.0902 28.3561 183.9805 -23.1379 5.6602 147.4284
239.647 64.2808 3.3077 0.1728 0.0968 -235.069 -216.584 50.7395 13.615 252.983
45.3702 14.1142 2.8711 0.3681 0.2374 48.4971 44.3623 -2.5584 16.8293 250.4226
101.306 14.86 2.7987 0.3307 0.1852 -80.8902 -91.8252 -10.439 29.119 186.274
27.7783 8.95 2.7288 0.5453 0.3296 30.899 21.0537 -6.73 8.363 186.828
22.6859 10.1039 2.6968 0.5829 0.3307 -7.5143 13.0971 -1.2362 10.9199 131.041
144.7233 35.266 2.8498 0.303 0.1975 -182.5594 98.6607 -27.6145 22.6646 351.2214
101.6956 25.5144 3.2164 0.357 0.2357 11.0695 81.2832 -22.5763 32.0656 331.106
137.79 35.1898 3.5393 0.1089 0.0637 -58.2819 84.2169 -29.2239 17.4671 266.17
31.1667 9.0403 2.3646 0.5054 0.2959 32.7075 26.0651 -10.6431 66.547 242.763
20.2693 10.7374 2.4757 0.6154 0.3227 -20.4134 -18.5614 -10.9732 57.08 265.408
90.261 37.2026 3.2436 0.1476 0.1019 -68.5088 82.4496 -31.7799 13.7914 282.2377
36.1033 9.8567 2.6914 0.4093 0.244 28.9645 34.9587 -3.7283 29.761 156.2303
179.314 57.936 3.516 0.1536 0.0791 -279.543 84.5489 -52.5033 3.8061 195.287
11.9727 9.3311 2.4257 0.7557 0.5095 9.5137 -8.7463 -12.6611 72.2134 272.8939
27.2576 6.6316 2.4314 0.6333 0.3796 29.1986 19.9395 -4.7214 37.16 182.642
91.3536 21.9773 3.3955 0.1491 0.0854 57.1719 43.0507 -19.4339 31.8376 242.1138
15.7142 8.7197 2.5461 0.4806 0.2379 -34.8301 1.7194 -8.6761 36.7418 223.052
191.8036 49.7183 3.0006 0.2093 0.1225 146.2148 143.6098 31.6216 44.3492 245.4199
150.376 21.72 2.6542 0.5831 0.4002 -122.46 -106.522 -20.3734 23.5935 367.831
32.5462 11.5827 2.317 0.4434 0.2289 -30.5042 -18.9542 5.5154 86.7709 202.796
43.7829 10.5861 2.7229 0.4797 0.3119 23.6087 46.519 -4.0083 15.0807 270.3524
108.555 29.4081 2.8564 0.2797 0.1454 83.5491 88.0406 -29.4459 19.086 134.369
141.419 39.2883 3.6372 0.0712 0.0368 46.8119 111.782 31.1748 37.356 185.476
150.773 14.7692 2.6547 0.4142 0.2514 -67.104 -157.101 10.3759 25.6371 162.925
32.6642 23.8082 2.7376 0.28 0.1418 27.496 -29.8316 -13.7996 62.6273 151.776
117.106 27.1889 3.2183 0.1706 0.0935 104.91 60.7529 -23.698 24.99 68.1707
196.43 56.5929 3.5573 0.1766 0.0935 -212.985 -66.2854 55.344 13.97 176.931
19.5553 7.9626 2.4768 0.5502 0.2914 6.1961 17.5819 4.4002 26.3074 229.118
25.2153 9.9909 2.3283 0.8127 0.471 9.6883 2.8442 14.4927 40.539 52.7636
68.5513 12.418 2.6742 0.2664 0.1147 16.2009 58.9233 4.1013 33.8445 152.9144
233.685 39.0338 2.9442 0.357 0.2086 -141.761 -192.201 -16.7395 40.1961 172.779
103.407 64.4265 4.1762 0.0668 0.0349 -0.7411 64.3895 49.2008 74.192 159.135
18.7296 12.7288 2.5754 0.5739 0.3537 5.0236 17.3464 -9.4598 86.9335 104.34
149.998 20.3267 2.785 0.4167 0.2535 128.74 96.4835 -14.2222 12.27 73.912
129.138 20.4463 2.9523 0.3984 0.2271 -149.605 36.0174 15.9074 11.718 331.26
25.5468 9.4973 2.4322 0.5434 0.2976 7.2206 -6.477 2.7766 63.086 243.501
27.7228 17.1585 2.6912 0.4622 0.2678 13.1545 -28.3219 19.6474 29.4913 43.6948
116.8513 59.958 3.4833 0.2824 0.1674 -184.0379 81.6298 -50.8297 63.5177 399.3452
135.8522 57.0071 3.295 0.0842 0.0314 77.5425 141.9655 -33.8351 71.376 28.1046
78.4595 41.5985 3.5822 0.2227 0.1401 -48.64 32.9304 -32.3693 17.388 300.832
18.4797 9.5053 2.4265 0.6742 0.4476 18.2082 14.6962 -4.3474 35.1643 240.942
80.7943 75.5806 4.0649 0.1125 0.0632 -64.8241 24.705 51.4013 30.47 332.351
119.5765 39.0866 3.7943 0.1156 0.0557 15.3892 -32.0839 19.561 12.9172 175.218
157.609 57.0586 3.915 0.0737 0.0381 -26.9279 129.47 49.2551 67.313 279.262
22.2514 11.8975 2.574 0.5413 0.3027 10.2146 -11.3547 -10.0017 49.1356 108.667
23.4398 11.1314 2.4939 0.6447 0.3615 26.5636 24.5997 -0.6816 36.5224 129.896
58.9852 20.6539 3.102 0.1502 0.0925 87.4934 38.0697 17.0808 58.8046 138.7223
171.0088 60.9908 3.1721 0.2225 0.1214 74.1999 194.6039 -24.1557 49.181 65.2621
19.2274 10.2241 2.4298 0.6506 0.4108 -5.6524 15.4282 8.3542 61.454 188.82
18.8566 12.3731 2.6488 0.5544 0.2884 22.1084 15.0319 -10.5286 16.7295 182.218
17.9629 15.0162 2.6161 0.5015 0.2628 -5.9069 -22.4864 -10.1387 60.2672 227.796
107.5196 68.3487 3.5983 0.0723 0.0413 -10.4592 107.1643 -59.8394 65.0531 135.758
142.154 103.149 3.7962 0.1492 0.0754 -196.232 38.8824 -37.2529 51.6026 355.891
18.9319 10.9152 2.5315 0.6235 0.3426 -9.4961 17.3332 10.3192 27.758 199.32
25.3314 9.1355 2.6488 0.5567 0.3221 -16.9507 15.0419 2.9619 89.2587 46.1343
224.8501 36.3312 3.4115 0.1797 0.1242 -210.0519 -156.305 -26.8127 84.8603 224.5933
23.8526 7.2392 2.4249 0.688 0.4605 -7.8245 -16.9932 5.2628 67.4357 212.84
30.3863 20.3905 3.4251 0.3263 0.1895 25.0754 40.9309 -15.2878 66.8196 148.8942
26.0407 15.271 2.702 0.4786 0.2592 22.0287 22.1988 12.814 59.637 132.006
24.6614 8.469 2.6479 0.6074 0.3566 -4.8075 -6.3548 -8.3547 28.373 105.434
141.6016 72.8248 3.9616 0.1071 0.0573 -12.0544 -69.1813 -24.9297 81.6422 407.1576
194.165 70.5358 3.4461 0.1192 0.0693 -165.08 139.542 -65.7539 51.668 182.822
90.7546 17.2648 3.1602 0.3271 0.2154 -26.6754 62.8513 -15.6128 23.6185 309.433
156.192 98.9295 4.5943 0.0442 0.0245 6.5042 -44.1172 -88.7955 70.078 298.593
26.277 13.0813 2.4938 0.4866 0.3034 16.6552 3.684 -7.492 72.3736 231.8265
188.281 84.156 3.7625 0.0846 0.0501 -213.3907 -104.5015 48.9558 89.8206 344.0081
135.273 65.3513 3.5261 0.1096 0.0603 -23.0291 98.8722 -30.6597 24.4469 31.5625
32.262 17.019 2.6027 0.421 0.2708 9.0705 -17.5876 16.248 68.6518 132.9602
15.7018 12.2335 2.528 0.6525 0.3579 16.3805 6.333 -4.6724 30.8802 212.2398
18.287 10.4671 2.4346 0.5846 0.318 22.7385 10.3028 -4.2936 46.7955 225.26
173.943 55.7884 3.1599 0.2457 0.1484 121.629 145.672 57.0811 54.566 128.882
20.4682 17.3386 2.5453 0.5869 0.4088 3.2623 17.6107 17.9891 46.2043 227.212
98.2117 88.3026 3.7016 0.1658 0.0862 83.3153 83.0957 62.6282 53.102 392.144
158.9654 55.6146 3.6952 0.0639 0.0293 107.216 122.7247 37.5821 64.1905 178.2544
129.744 65.0119 4.1019 0.0904 0.0482 -204.984 45.0347 -44.2814 31.3419 316.815
31.5647 8.7083 2.6503 0.5794 0.3031 -17.7689 -21.4784 9.0608 30.705 114.334
14.805 11.9121 2.6637 0.6508 0.3894 5.5102 4.8126 8.3512 7.736 244.982
21.3864 16.5732 2.3528 0.7327 0.3852 6.4741 27.367 10.4684 36.1593 64.9341
50.5496 11.4882 2.8896 0.3172 0.1747 -33.6277 -34.8375 -7.2508 24.165 57.0755
166.518 67.7974 3.5938 0.1348 0.0829 -280.596 -110.008 -63.7341 86.5559 237.16
92.9886 43.8052 3.1059 0.1936 0.1085 -110.397 -63.9611 -63.1619 78.548 172.733
48.6009 31.3302 2.828 0.2273 0.1181 -57.7337 -44.6535 -7.4847 21.4301 96.2032
61.7547 7.2247 3.0021 0.2433 0.1069 -24.5622 -36.2658 -7.6131 24.7205 156.1852
25.5669 14.281 2.5447 0.388 0.2097 -18.561 -9.2701 1.9799 85.3588 222.365
31.0617 26.5938 2.8485 0.377 0.2077 -22.5709 15.7857 17.1143 31.0487 228.891
124.645 77.1222 4.2303 0.0886 0.0443 -45.5278 102.712 45.7916 68.7039 372.226
73.7689 10.6768 3.1317 0.2182 0.1158 39.7241 56.231 11.7694 25.2735 170.2389
46.6814 19.0874 2.9408 0.3117 0.1874 -30.7316 14.8639 18.0861 77.979 101.636
26.2755 8.9079 2.7999 0.5205 0.2757 12.9749 14.5442 -2.9468 7.3189 236.3672
21.3905 10.3612 2.5145 0.6453 0.4052 -17.2761 -18.4092 9.5312 45.883 177.891
33.5271 10.8784 2.8017 0.3757 0.1965 21.6737 23.3556 5.0008 41.94 133.618
99.5006 24.2466 2.8102 0.4628 0.233 -87.2308 -74.1335 7.8635 10.0367 302.58
20.0845 0 2.666 0.8846 0.4498 9.5794 -15.6732 0 34.225 138.577
29.3664 17.6795 2.7328 0.3108 0.1582 8.0455 20.1591 5.8608 52.9899 214.79
65.8683 25.7031 2.9088 0.4602 0.2684 -56.916 33.0477 19.3811 15.196 283.915
173.6085 49.7885 3.5218 0.2063 0.1037 -228.8788 -93.0779 32.1942 81.6312 303.3794
85.3087 18.4628 3.0304 0.2631 0.1165 -65.896 34.6759 -10.2942 4.4581 34.7187
161.2946 58.6567 3.6 0.0956 0.0371 68.0089 179.7483 -51.5118 48.6437 121.3655
60.1978 20.9071 2.8398 0.2752 0.157 59.3684 64.5593 -5.3056 57.4882 144.7271
132.299 31.2872 3.1882 0.1925 0.1066 45.115 168.544 -15.8673 7.886 22.5724
100.157 9.2877 2.3345 0.6481 0.4421 -112.053 59.4849 8.4801 36.432 289.785
85.0943 41.8733 3.3903 0.2678 0.1345 -84.3968 -109.8362 -21.9621 4.1744 395.0295
134.83 31.8561 3.464 0.2387 0.1235 -37.8917 -69.0517 -26.0874 10.009 325.287
28.403 10.4729 2.3473 0.5708 0.3843 28.1581 23.5121 -9.9098 51.1425 244.719
42.0829 11.5649 2.866 0.3921 0.2457 16.5901 36.3378 -8.451 18.539 239.752
79.4345 11.5257 3.1433 0.2408 0.1219 33.5341 39.966 -10.3594 15.9883 160.674
250.385 32.1462 3.0981 0.3558 0.2653 -180.608 -129.417 -24.0039 40.643 258.831
178.294 97.2321 3.464 0.0845 0.067 -124.1095 -69.6227 91.5418 82.9649 245.0717
94.1881 55.801 3.4351 0.1076 0.071 91.4071 -76.9703 -53.0506 84.1267 195.0257
179.2481 56.3396 3.1092 0.1647 0.1036 -43.9307 66.8591 44.5806 6.8589 70.2807
57.7931 11.6311 2.8296 0.2754 0.1458 -77.7946 -41.3028 -7.48 19.718 152.548
24.6938 19.9373 2.9004 0.3607 0.2212 -7.4046 25.4383 -5.8472 83.3861 171.2665
161.334 43.5999 3.0366 0.193 0.1098 -215.196 93.1886 -29.6464 0.7979 284.346
215.1743 102.3745 4.0593 0.0431 0.0381 -305.4581 152.7208 75.4611 89.7163 162.8776
142.74 92.8384 4.0558 0.0979 0.0527 -173.8 -78.1944 65.9667 51.7033 367.575
185.1567 47.0019 3.0927 0.2956 0.1723 -227.6224 -22.7838 -30.3957 31.1915 90.6294
33.416 29.1745 2.8811 0.323 0.1696 15.5881 43.0662 -20.592 30.3964 267.7236
66.7794 16.3312 2.5807 0.3774 0.2363 -46.9305 -46.8947 -7.5701 24.948 83.1796
39.2468 12.9345 2.5581 0.37 0.2036 36.4429 21.0278 8.1881 55.1081 143.2114
28.5322 15.1782 2.6686 0.4306 0.2399 30.9627 21.7936 21.9248 62.7504 254.0526
106.1958 58.8445 3.4895 0.1736 0.0889 81.8109 47.0791 48.2203 60.8307 93.3092
165.4262 85.8342 3.4531 0.1771 0.1055 -2.0326 -63.1795 91.7707 40.3092 298.7957
88.1673 46.887 3.2786 0.3 0.1704 30.8647 -101.593 26.0254 20.1773 342.1767
115.826 64.4185 3.2218 0.1464 0.0789 -178.445 58.4376 51.0303 47.159 354.943
120.944 58.6708 4.0819 0.0936 0.0518 46.9884 115.163 -72.1791 51.8458 149.761
178.8033 27.8186 2.8557 0.2507 0.1362 -127.0488 -157.9557 11.3951 53.59 162.059
50.1987 27.2441 2.6972 0.4562 0.2326 -9.3634 20.2914 -18.6638 21.9175 345.3173
32.0071 9.5178 2.7774 0.5876 0.2997 21.2107 24.9007 8.8641 6.1299 207.815
35.7821 19.222 2.7709 0.461 0.3025 28.0146 35.099 -18.3882 85.3837 139.902
17.6918 7.5442 2.4103 0.5977 0.3226 -5.5609 1.0832 5.8182 49.5886 241.5591
47.1049 11.2182 2.6246 0.3341 0.1915 2.5201 15.7807 -1.7044 70.5317 58.9963
49.4643 20.7054 2.9491 0.2462 0.1355 3.0888 -20.3002 17.623 43.721 139.1
243.23 96.6374 3.7522 0.1783 0.0963 -92.5935 -256.06 78.1447 45.5411 229.644
138.701 71.5139 3.9051 0.069 0.0353 43.5917 -109.727 57.1269 65.301 132.324
13.7929 9.3686 2.4208 0.8463 0.4383 14.6132 4.8925 11.6391 83.7854 160.538
28.3082 12.9431 2.596 0.3828 0.2015 14.4723 15.3343 -7.0111 53.097 177.959
26.2966 12.3308 2.5641 0.5593 0.3342 -7.2251 -15.9024 12.9278 82.153 57.864
34.7228 13.3626 2.6191 0.4639 0.2368 -43.1927 13.5598 -5.3328 42.666 130.752
35.1319 9.2773 2.7613 0.3882 0.2439 -11.8001 17.7042 -6.5113 31.7555 143.9916
21.4297 10.5062 2.5601 0.6384 0.4393 -3.75 17.368 -11.3864 7.4151 151.917
144.6539 60.9134 4.0965 0.12 0.0582 91.2752 107.0228 -36.7851 86.2399 395.8175
187.087 119.302 3.4404 0.1513 0.0909 -122.486 -141.272 83.0318 69.707 334.166
22.3628 15.4505 2.6518 0.4434 0.2737 20.138 2.0184 -12.8144 63.5531 149.4754
134.9242 78.9657 3.4392 0.2747 0.1164 -125.9193 104.4297 50.3826 73.7912 327.8042
15.658 13.1041 2.5234 0.6091 0.3245 -2.3962 4.8614 -1.0278 65.184 118.3092
200.7002 117.4295 4.4334 0.0723 0.002 -105.402 -216.3797 -71.9831 45.0938 289.0512
202.278 41.4567 3.1278 0.3454 0.2033 -238.3326 149.3121 -31.7013 22.8953 217.1652
48.2748 13.6537 2.5092 0.3994 0.209 -18.6883 -20.8908 -10.3643 45.9192 133.37
170.508 52.3237 3.126 0.2147 0.1238 -199.104 116.353 33.2482 11.0113 316.969
24.5508 11.1546 2.3983 0.5521 0.3532 29.431 18.19 -6.0402 62.4526 189.4756
189.784 103.0273 4.3485 0.0716 0.0265 -194.2488 -143.8078 -60.1889 80.585 186.977
13.9216 11.2749 2.6067 0.4955 0.2436 -25.0207 -12.4654 11.3689 54.0046 245.3768
37.5223 10.8539 2.3512 0.5301 0.2739 16.5668 30.9437 3.5153 87.066 210.852
24.7912 14.8539 2.6053 0.4715 0.2618 19.7658 22.6794 -5.3425 38.906 201.869
114.4338 41.8442 3.1016 0.2263 0.1206 117.6524 84.8472 22.9133 27.0193 167.1795
68.343 46.2474 3.3124 0.2923 0.1473 -15.1028 -44.7073 -25.5123 32.202 450.953
15.3417 11.5239 2.3357 0.8309 0.5495 25.0149 2.9592 -9.537 63.9277 236.4317
24.7271 14.5628 2.6069 0.4277 0.246 -8.76 -14.9319 8.5488 79.5231 203.767
263.914 256.382 3.7684 0.0651 0.0326 220.488 52.4448 -95.0139 10.312 31.9174
59.073 18.1358 2.8301 0.32 0.1836 -1.0152 26.4984 5.1079 25.266 225.4115
29.5565 9.7677 2.6609 0.4943 0.245 23.6265 15.0559 -13.8156 25.3811 121.8509
203.762 105.282 3.581 0.1052 0.055 -149.456 -92.8728 -121.663 32.8887 271.86
22.0326 9.5821 2.5004 0.6667 0.3554 13.6712 -10.2026 6.6267 55.545 63.957
22.8168 15.1381 2.6871 0.483 0.3155 -19.4802 -13.0207 7.7971 51.93 189.24
23.8914 11.447 2.5347 0.5606 0.2964 9.808 21.9157 -5.3552 47.8615 121.409
90.2668 31.9218 3.3578 0.1571 0.0902 -38.4016 70.3051 15.5585 28.7043 298.747
227.085 82.2788 3.5786 0.1272 0.0664 -217.326 -101.412 -74.4291 47.572 156.772
108.609 40.8033 3.2926 0.4466 0.2863 -25.0942 -130.225 23.6335 25.062 415.925
30.5049 13.8837 2.7668 0.3323 0.185 -14.806 32.2313 10.9483 28.3995 260.4674
197.9408 57.4915 3.3701 0.1251 0.0788 161.5794 195.7525 44.9358 37.7404 55.7734
178.856 83.4298 3.5877 0.1799 0.1009 174.53 119.454 -32.9901 85.7578 320.93
33.2724 11.1166 2.7903 0.4457 0.2796 29.6062 16.6947 -7.4326 36.4037 84.3813
142.8704 42.1124 4.2558 0.0555 0.0461 -87.3912 -154.899 31.9466 31.1968 169.7139
180.1338 84.4265 3.9838 0.0728 0.0333 -218.3388 -161.9227 59.0186 76.8384 223.097
31.0872 7.9259 2.4464 0.5438 0.2844 -2.0291 -15.6589 -4.3387 78.6684 49.1054
214.789 29.542 2.9861 0.2364 0.1358 -98.5757 -186.337 24.2856 10.652 232.448
24.5954 11.1363 2.6149 0.5291 0.2973 15.5226 -12.7341 10.1267 46.742 114.235
37.892 27.8928 3.1173 0.261 0.1466 5.6429 41.099 -27.826 51.7504 186.859
19.6423 14.3582 2.7177 0.4703 0.2623 18.9504 24.9844 5.4456 8.195 286.0257
156.1684 46.5707 3.2219 0.1242 0.0706 -234.9206 110.1398 16.4499 33.6235 182.8374
225.324 89.744 3.4151 0.1454 0.0767 -272.774 -121.842 76.5754 77.4807 216.774
23.555 14.1463 2.5403 0.4467 0.2666 10.4507 -10.3062 -12.7198 77.558 161.566
44.5114 6.4136 2.7082 0.5496 0.3203 15.3575 30.3679 9.0791 12.2536 158.886
70.441 33.5083 3.016 0.3219 0.1663 51.9687 52.4865 -20.8193 27.2726 237.014
85.9651 59.7824 3.1978 0.2248 0.1194 -173.3927 93.5119 -18.139 17.5239 201.7295
37.8536 11.4768 2.7243 0.4625 0.3052 10.7337 20.4481 3.0279 25.2228 187.9303
75.1334 15.2522 2.9072 0.4584 0.279 -32.9754 -33.4909 13.9371 16.886 307.6696
139.558 53.1675 3.3568 0.1614 0.0899 159.907 99.4739 -56.2044 28.2495 237.166
34.5557 15.2649 2.6753 0.2957 0.151 45.8224 22.8035 -8.1748 52.9638 221.013
121.8932 28.9923 3.2776 0.1305 0.0841 84.7689 77.8702 30.8205 34.5664 219.4513
154.961 96.2104 4.3957 0.056 0.0293 -176.675 -149.637 -87.2213 89.8408 280.251
51.2136 13.4449 2.8791 0.3516 0.1932 6.952 36.9659 0.75 34.4183 113.0529
32.5559 13.4546 2.4988 0.4081 0.2051 40.0831 11.4791 -2.077 80.684 185.1272
184.164 57.9875 4.2752 0.0638 0.0343 -175.834 -152.165 31.4217 51.049 226.136
72.5798 40.6827 3.0197 0.279 0.1715 -69.4912 59.8818 -22.7043 8.304 262.487
78.696 24.65 2.5673 0.2658 0.1756 -22.9674 -73.197 -13.3549 37.6947 38.8639
216.945 88.3373 3.456 0.1368 0.0788 -293.4591 -146.366 68.2337 75.5752 202.6111
190.5465 100.6911 3.9314 0.1631 0.0716 -190.1048 -190.1085 88.7545 54.7225 326.4367
36.8545 8.8556 2.4355 0.4997 0.2792 -11.9309 -15.9908 14.7398 45.3487 162.3352
140.2011 108.7905 3.476 0.1536 0.0702 29.9756 152.2416 60.1599 87.619 194.425
149.4279 92.2107 4.0438 0.0339 0.0197 7.6804 -148.5828 -72.7562 89.3512 270.7509
31.0867 8.1617 2.5441 0.7558 0.6283 -17.7821 -28.519 -7.0592 2.643 293.1816
87.4712 17.2932 3.1227 0.3777 0.1919 8.676 46.5491 -6.6282 23.8279 369.292
22.8898 18.1899 2.6146 0.4926 0.2921 31.4801 30.7245 11.9501 67.0121 211.3679
21.0211 16.2035 2.5832 0.5379 0.2859 28.9696 -13.4462 -13.6569 61.8302 142.35
234.1154 68.7045 4.0678 0.0751 0.0433 -229.1012 -233.563 50.292 18.097 209.6573
31.8841 13.4964 2.5752 0.4407 0.2786 -7.8235 18.4639 10.9742 77.7712 129.0888
150.7452 73.065 3.3265 0.2713 0.1551 97.9576 157.8799 49.5506 78.6364 278.0696
54.8257 14.5358 2.9919 0.2394 0.1248 -8.0165 26.6012 -8.541 39.198 106.24
22.7741 8.7941 2.5678 0.3704 0.199 25.3865 -21.1473 8.0633 89.2581 227.5435
59.2444 10.4634 2.8051 0.4019 0.1971 49.436 25.1317 7.0386 71.0828 48.129
212.723 102.19 3.3067 0.1594 0.1103 -167.462 -184.307 -88.4164 56.8342 196.938
39.5023 10.4801 2.5334 0.4129 0.2796 45.1525 27.8194 6.8898 41.692 237.537
189.7254 112.7797 3.3088 0.1978 0.0834 -155.6492 -153.5757 -112.9424 31.1675 198.606
24.3954 9.5513 2.3971 0.5331 0.3467 11.8769 -9.8058 -1.9277 70.108 225.579
190.238 57.258 3.7582 0.0471 0.024 -187.255 -123.523 48.97 22.017 140.84
103.6643 41.6434 3.0797 0.2273 0.1156 183.1032 -110.625 -9.7826 72.3333 208.6128
23.835 8.7207 2.5838 0.6102 0.4289 12.2334 10.9073 -5.2063 10.689 116.492
163.6451 89.6054 3.5191 0.1043 0.0219 -74.0803 -132.0003 -84.6088 86.1336 114.9204
37.299 19.3138 2.8559 0.2595 0.1541 -32.2027 -20.4652 -7.1478 82.1317 75.1205
125.0746 54.1217 3.0049 0.2215 0.121 131.946 60.373 -30.8957 17.2241 193.9131
15.2694 14.2251 2.5042 0.6237 0.3882 37.4033 27.36 4.8388 25.7086 78.3652
16.5961 16.3385 2.6037 0.6613 0.3161 6.5438 -2.4244 5.8007 49.9948 50.5259
18.4914 9.7635 2.4829 0.6579 0.3734 -1.806 7.652 6.726 33.8161 188.867
80.5156 60.7866 3.3892 0.1392 0.0749 150.617 -85.9259 -29.6661 63.18 222.739
25.6972 12.6139 2.5128 0.6832 0.4379 18.485 -14.4561 4.1148 70.6207 70.6379
168.6264 65.0079 3.2015 0.1626 0.0701 72.2237 151.233 30.0191 21.6765 216.8033
169.378 110.05 3.5601 0.1815 0.0935 -97.6401 85.5289 -74.4955 84.3716 349.336
167.478 24.3831 2.8597 0.5097 0.3805 -165.559 -79.3534 -24.0245 14.5927 201.064
36.825 11.5535 2.8017 0.3883 0.1997 5.4328 24.191 -6.8783 79.4669 93.9087
238.202 95.1143 4.5848 0.0383 0.0199 -209.673 -142.109 -81.5795 88.1881 286.833
35.4709 9.4004 2.6628 0.4087 0.2293 -0.2241 25.0851 5.1172 63.2829 71.4087
305.324 70.8569 3.8487 0.0871 0.0461 -334.514 -281.435 31.6361 44.111 189.214
184.9713 56.9314 4.1234 0.0351 0.0298 -65.6463 -173.8273 52.67 59.1918 101.9371
241.1381 94.0146 3.3003 0.2342 0.141 -236.0186 -175.8496 -57.6278 65.283 249.7471
181.9511 24.8698 2.9711 0.2807 0.1681 -266.1788 -62.3109 -13.691 35.7297 252.9749
34.7848 15.4689 2.7817 0.4384 0.2188 12.074 31.8729 -10.916 34.8364 139.8655
18.5269 6.6591 2.3936 0.8646 0.4747 17.9224 13.8558 4.1848 44.8909 147.456
53.721 9.2039 2.733 0.3993 0.2183 25.4567 36.1811 -9.827 67.939 51.3226
24.2724 8.4887 2.4144 0.5997 0.4107 8.3003 -11.2589 -9.8811 72.4373 163.2463
74.9343 58.4397 3.0213 0.2448 0.1213 64.1014 52.4519 25.9666 17.7354 355.6629
42.9189 11.153 2.7694 0.3503 0.1981 -21.9937 -25.156 7.2946 21.995 66.845
109.083 26.6171 2.9325 0.2664 0.1489 115.401 -68.3201 20.525 35.8313 122.277
15.3048 10.5498 2.4843 0.7443 0.5066 4.3585 7.4141 9.8985 15.551 173.458
183.609 90.203 3.4635 0.1343 0.0674 -211.3009 -91.2932 85.389 80.4185 289.152
30.1141 11.4561 2.3232 0.5766 0.3411 56.9658 44.0529 17.4062 56.1464 254.5616
11.5221 9.3735 2.7906 0.4432 0.2939 27.6371 11.8683 8.5016 48.1159 90.0056
236.35 39.6522 3.6827 0.0949 0.0481 -225.291 -111.583 -21.9604 74.249 211.289
32.3023 16.6622 2.7462 0.3049 0.1587 25.4948 23.9693 -9.3202 40.497 241.797
24.3356 12.2325 2.5105 0.466 0.2731 8.4297 16.1253 5.8151 81.6645 142.984
16.6957 8.4019 2.5397 0.6447 0.3789 -0.8332 24.2368 -8.7498 0.3774 255.9901
38.922 16.3018 2.4237 0.5848 0.3392 28.115 24.5058 -9.0248 54.6864 214.9816
47.8005 9.9435 2.8161 0.56 0.3115 -39.1436 -36.2118 -3.9047 15.9265 327.6241
31.2108 14.5848 2.673 0.3482 0.1879 -1.5379 -18.9801 -10.9041 55.583 258.48
21.3207 9.308 2.5453 0.6119 0.2863 31.4909 12.9454 14.8843 34.4698 143.7473
170.6361 114.7415 3.5196 0.1698 0.0841 -89.7788 87.5462 -73.4921 84.1197 352.8747
22.9549 6.9761 2.4757 0.7391 0.5134 2.9803 19.1889 5.5873 26.4472 142.796
193.654 73.6691 3.4715 0.1384 0.0815 -218.335 90.6984 -70.0768 85.0659 284.541
48.0266 17.5822 2.4855 0.4308 0.2281 38.7086 26.6904 -4.1124 59.1356 141.913
24.8463 15.8127 2.5873 0.4904 0.313 -6.1687 6.6229 -12.7957 74.1206 240.7409
22.4095 18.5192 2.602 0.5693 0.3223 -5.7093 -14.4156 -2.7003 67.8662 119.858
27.8664 23.2616 2.7941 0.339 0.1743 -28.4715 11.1398 15.4853 87.4691 181.371
38.6553 27.6317 2.7836 0.3024 0.1583 45.9195 52.9885 -32.5781 55.6531 204.6782
126.5 110.3594 4.0604 0.121 0.073 -62.9577 62.8116 70.3253 49.4252 373.9664
121.7113 57.343 3.1357 0.2242 0.091 83.8548 125.162 24.685 10.1712 285.6077
163.2118 53.8719 3.1417 0.1776 0.1205 -200.6192 116.9525 33.9842 10.9902 319.976
76.0124 13.3124 3.0348 0.2538 0.1361 22.1245 47.4091 10.7422 71.108 87.4189
61.9459 22.2825 2.3537 0.5951 0.337 -80.9915 41.2146 -20.3164 66.2831 310.1382
102.152 24.0967 2.7792 0.3392 0.1887 -58.5274 -123.359 -20.769 74.1019 175.967
246.5385 57.6978 3.9195 0.1619 0.0887 -179.8195 -246.5407 -38.16 41.5958 337.0055
98.5681 37.7214 3.2964 0.144 0.072 23.0117 113.518 23.9109 34.082 281.275
13.8156 10.4351 2.3916 0.6331 0.317 -29.8807 2.4167 -5.9532 68.4924 124.7406
180.4935 52.5839 3.0834 0.1997 0.093 -97.9913 -217.4087 -18.2737 33.4184 186.36
109.8467 81.9429 3.1843 0.1686 0.0795 24.0723 134.2717 -39.5789 87.7864 165.7636
79.4345 11.5257 3.1433 0.2408 0.1219 33.5341 39.966 -10.3594 15.9883 160.674
106.4077 87.4672 3.5358 0.1817 0.0689 -86.6603 34.2897 85.0615 36.318 319.03
65.7025 11.3238 2.969 0.2689 0.177 62.4519 54.5793 -8.0689 21.3627 240.5631
17.2008 9.7948 2.5276 0.7122 0.503 -6.416 13.1378 8.7957 87.4928 170.407
12.1557 11.3919 2.5554 0.8075 0.42 6.8019 18.6748 16.8511 2.9939 235.5998
31.881 6.401 2.6244 0.5059 0.2877 5.1272 15.8025 -6.6771 52.9994 68.2131
110.7401 43.7493 2.8722 0.2802 0.1353 -35.6133 -125.704 -31.1223 28.8148 61.8488
96.1923 70.6579 3.655 0.1706 0.1046 -36.8342 35.6064 64.7771 6.7027 305.0236
161.606 67.1405 3.1464 0.3583 0.2159 -173.363 60.0966 66.063 28.3269 235.438
19.4375 11.853 2.5557 0.5786 0.299 -4.0616 9.7467 9.3438 36.997 225.103
130.4518 27.1369 3.1999 0.372 0.1883 -98.1669 -109.2498 11.2795 9.6941 385.4177
123.5097 71.642 4.3904 0.0582 0.0325 -142.8396 78.0804 -48.9085 35.1456 286.9649
57.4837 41.9194 3.0278 0.4152 0.2321 -39.8719 -33.8586 33.4722 81.6526 182.1387
22.0774 9.6995 2.601 0.619 0.317 21.5306 14.4567 7.7992 20.4406 182.617
42.5193 22.7804 2.8904 0.3488 0.2181 -38.2756 -38.3537 -19.967 42.0641 81.1201
131.046 82.5585 3.3253 0.2095 0.1076 65.7691 86.4194 66.7253 69.433 409.482
131.851 32.4922 3.1075 0.2217 0.1144 -48.6616 -89.5004 -15.0075 4.37 293.047
72.4762 61.65 3.1204 0.1449 0.0791 2.7104 -26.8392 -70.6845 84.8187 154.1564
80.0424 50.341 3.8463 0.1054 0.0602 -104.127 47.4167 -39.2878 22.995 264.79
20.3612 6.9041 2.4074 0.5513 0.2962 -40.0515 6.2928 10.0156 87.0836 155.8387
22.8962 8.6891 2.6453 0.5457 0.4265 13.1812 25.2332 -1.7451 40.9458 99.6347
152.485 52.4004 3.3425 0.16 0.087 149.393 68.5252 -43.0794 80.8293 343.346
47.8082 40.0114 3.1472 0.1489 0.0773 -42.1884 -33.3275 23.1291 25.998 114.605
41.3879 8.8863 2.7882 0.4593 0.2549 28.8366 27.8504 7.7592 15.616 81.6753
162.1211 42.7781 3.1793 0.1804 0.1218 -186.5479 -114.016 29.1666 77.0084 116.691
30.8152 12.0368 2.5792 0.498 0.2754 -11.9691 22.7116 8.1449 41.5882 168.774
208.805 53.7535 3.7304 0.166 0.0868 -86.9695 -252.676 37.1693 3.296 298.884
91.2356 24.8769 2.6258 0.4402 0.2497 -39.2618 -95.4027 -14.1885 13.5704 169.306
37.2552 16.6907 2.43 0.3448 0.1874 -41.1337 -11.0278 6.478 84.5037 145.1456
69.9754 33.0572 3.1084 0.2353 0.1212 -4.539 -66.9234 19.522 24.9148 179.293
158.6957 73.4606 2.9615 0.2008 0.1045 10.7277 158.8019 47.8393 51.5 242.2319
266.66 177.782 3.5848 0.109 0.0618 -261.165 -204.973 108.551 31.715 188.693
102.291 25.5723 3.2019 0.2324 0.1303 -66.0551 -102.087 -19.4027 19.9025 275.425
123.935 58.3488 2.8222 0.3163 0.1709 -175.845 -86.5982 31.9732 20.4454 152.573
120.9082 108.9327 4.0089 0.1344 0.0621 14.7849 -42.123 -89.6633 88.6873 337.6749
90.2687 47.6937 3.4328 0.122 0.0534 3.3522 -81.2962 35.8926 70.0625 82.9808
113.2256 74.9455 3.7172 0.1724 0.1037 -73.9057 58.0487 47.5306 79.5444 370.3518
24.7797 13.147 2.5185 0.5152 0.2985 -15.3039 -10.2143 12.8097 80.7402 183.76
18.6623 16.6923 2.5625 0.5742 0.4441 25.0625 11.9869 20.9496 20.0382 198.3459
100.296 41.647 3.2072 0.1049 0.0524 91.7623 86.6277 37.7065 88.1303 111.458
25.5753 14.7931 2.6091 0.46 0.294 -1.9189 -24.7612 2.6348 79.453 241.5
120.765 72.165 4.1921 0.083 0.0429 -31.8855 65.9726 43.81 58.771 352.983
26.3449 16.1219 2.5729 0.4759 0.266 1.1404 23.5678 -15.3784 47.7234 192.141
93.1176 56.0304 3.45 0.199 0.1292 -23.8404 42.5379 33.0975 12.7497 314.1163
38.6861 14.6548 2.9038 0.2701 0.1405 8.6646 18.1322 20.6142 41.6313 214.7117
92.7855 82.3446 3.2084 0.216 0.134 -133.806 -58.1007 36.6385 2.79 195.648
69.6843 50.6352 3.4087 0.1334 0.0774 96.1586 -40.9205 39.2364 44.7645 208.114
238.1686 84.5643 3.6106 0.124 0.0859 -175.5476 -93.5337 -82.8953 59.5554 175.1797
231.518 172.926 3.5345 0.1236 0.0621 -235.693 115.973 179.851 60.3405 197.133
54.9452 11.3293 2.8854 0.319 0.2012 -14.0427 -29.1187 8.0343 10.123 65.0085
99.0831 85.1111 3.269 0.1485 0.0842 -28.8498 -135.527 -39.7947 11.9085 191.537
25.7472 11.3646 2.7835 0.3595 0.2029 -5.8632 30.8939 9.3699 77.5066 139.74
222.238 87.3398 3.246 0.2123 0.1234 -307.122 -82.4761 78.8522 63.245 249.948
156.5331 19.959 2.7477 0.5351 0.2796 -158.313 89.5768 -22.5281 30.5091 210.5647
18.0376 10.1857 2.48 0.4676 0.2715 2.5402 15.6146 -12.0983 75.8844 193.7465
20.4596 12.1963 2.5017 0.4945 0.2504 28.3678 -7.9433 -7.6821 78.702 218.016
225.4103 57.4624 3.9479 0.0981 0.0424 -167.242 -150.6701 -34.4469 17.7686 170.6206
48.0197 13.5927 2.8152 0.3045 0.163 21.0809 33.6538 7.3235 32.779 189.51
114.5368 89.9911 4.2954 0.1221 0.0487 -136.3077 -44.7882 -63.781 74.7184 338.6713
18.3551 9.7463 2.4706 0.5027 0.309 17.3834 15.7083 -10.1938 70.814 239.5914
199.2583 77.0995 3.28 0.1646 0.1095 -255.8119 149.5179 37.8952 68.4182 248.5969
22.073 10.7299 2.4614 0.7002 0.3547 -7.0037 6.8825 3.2942 51.7331 136.6233
52.412 11.8978 3.102 0.2183 0.1087 44.073 32.7187 -6.612 36.3549 140.0659
192.996 111.603 3.286 0.1744 0.0903 -178.735 -140.528 -112.486 34.1 194.983
31.2328 14.1452 2.6107 0.5454 0.3454 5.3276 12.9491 18.4301 44.5937 173.4713
30.5319 12.9627 2.4387 0.4753 0.2606 -7.0236 -20.1713 -10.7351 80.9807 104.302
31.4736 9.9279 2.4263 0.5869 0.3106 8.0964 -6.4232 -13.3131 88.8524 222.5253
167.177 99.002 3.6886 0.1538 0.0898 -176.386 -125.533 -94.8971 29.519 331.263
45.8725 18.032 2.6481 0.3665 0.1836 32.7409 62.5241 -3.4762 79.8092 177.9305
65.4779 30.3383 2.5308 0.3505 0.1959 -30.6422 -63.524 -19.5296 66.7994 113.792
19.1572 12.657 2.5617 0.5487 0.284 -5.0417 -12.5653 -6.1822 70.066 253.643
119.6889 26.3635 2.9075 0.1852 0.11 158.0282 -90.4173 10.384 89.8538 182.4629
158.6183 24.2601 2.6634 0.3558 0.1729 -97.6732 -132.142 -21.3707 13.1409 43.8612
52.8226 8.5884 2.7513 0.4311 0.2272 51.5839 17.0861 7.3753 50.6085 31.0405
18.5741 11.4615 2.5299 0.5898 0.3624 9.1045 30.6896 2.2733 18.9933 210.5246
46.9412 44.2798 3.2843 0.1331 0.055 -53.6993 -21.9605 33.7577 15.6243 153.5856
63.2206 13.9444 3.1346 0.2307 0.1183 76.65 28.2917 12.7073 22.1223 67.8807
150.965 45.7136 3.6286 0.0981 0.0521 -259.083 129.254 20.2187 61.152 189.67
27.7603 14.3865 2.4396 0.6331 0.384 32.9895 11.5611 -7.3777 71.1574 183.5483
152.756 21.5442 2.9358 0.4262 0.2795 -129.3791 85.0392 -17.7516 32.8927 342.0483
46.7632 16.9845 2.6417 0.5397 0.4021 14.9347 41.034 -15.0506 74.3218 128.8484
23.3525 11.1607 2.5192 0.5234 0.2647 7.8794 20.6501 -6.2839 37.0993 202.753
47.399 20.7903 2.633 0.3143 0.1921 38.881 49.3949 -7.1493 68.813 158.557
25.7298 14.0834 2.6469 0.4081 0.2063 33.3195 10.4099 7.542 81.4489 265.643
35.0878 18.8217 2.7165 0.3374 0.1729 -42.9991 -41.0107 12.7714 26.1555 75.6824
125.4721 25.3788 2.802 0.366 0.171 149.4692 -57.274 25.1217 14.7839 92.7216
102.9478 56.5431 3.4098 0.1532 0.0758 108.9337 101.2472 29.2795 87.2815 118.618
28.7189 10.9236 2.4119 0.5501 0.3441 9.1313 10.9371 7.9162 85.9512 170.2305
202.0901 21.0873 2.732 0.3441 0.1634 -246.4075 120.6812 -17.8598 31.3446 225.3911
129.122 97.6202 3.4526 0.1432 0.0788 90.1591 110.96 67.3162 45.4554 172.516
22.0169 10.8862 2.5099 0.5688 0.3478 5.9032 17.6218 -7.9334 32.666 207.981
20.5164 12.402 2.4616 0.5043 0.2608 21.3094 8.2034 -6.174 74.934 143.368
102.017 24.6591 3.105 0.179 0.0899 121.72 79.5034 18.1412 77.6631 110.072
22.424 5.9684 2.3008 0.7398 0.5407 -0.9882 7.0016 13.2913 17.1994 246.4288
111.436 43.329 3.5299 0.1641 0.0843 -97.5 -38.8263 36.8736 10.884 341.008
13.0105 11.9466 2.4157 0.7287 0.3995 6.6582 10.3197 4.867 64.2228 132.0409
50.589 22.9554 2.7792 0.5287 0.3367 -36.2332 -52.5121 15.5852 23.132 88.937
59.6244 14.5995 2.905 0.402 0.2483 39.4524 50.7317 5.2481 11.179 271.542
99.3183 9.0335 2.471 0.5602 0.3311 -99.9175 32.9048 -0.4232 33.1973 228.4047
221.374 58.4763 3.2936 0.2172 0.1178 -244.834 140.212 -42.6319 68.534 179.855
24.2738 10.2544 2.4338 0.5709 0.3591 3.5958 20.6702 8.8547 84.759 227.16
47.0082 30.5307 2.9133 0.1929 0.102 -79.2509 26.9893 -23.574 14.9212 291.1
109.8207 42.0889 3.0908 0.2807 0.1294 -20.8404 -98.1219 41.0004 11.9581 366.5993
91.6622 35.3177 2.6779 0.296 0.1195 48.2459 80.414 9.2752 27.0291 243.3712
26.0277 7.401 2.4223 0.6194 0.3791 -27.867 14.0382 -12.9981 64.7583 186.2433
172.2442 20.1926 2.9009 0.2887 0.194 124.599 112.9452 -21.4436 28.9553 210.8496
21.5189 15.4205 2.7328 0.5587 0.3117 -7.3668 9.2409 17.1609 80.4307 223.973
115.264 14.0075 2.854 0.7544 0.4136 -88.2076 -117.486 8.4777 28.01 336.991
133.495 40.1631 3.305 0.1169 0.0602 84.1711 -81.3323 -31.0503 28.1458 319.373
39.5223 18.6327 2.8341 0.2462 0.1414 24.1819 23.219 -12.9245 46.268 187.097
120.5135 76.9018 3.9939 0.0944 0.0683 5.8043 -93.5224 -63.8389 84.6874 408.3166
