0.0164 0.0173 0.0347 0.007 0.0187 0.0671 0.1056 0.0697 0.0962 0.0251 0.0801 0.1056 0.1266 0.089 0.0198 0.1133 0.2826 0.3234 0.3238 0.4333 0.6068 0.7652 0.9203 0.9719 0.9207 0.7545 0.8289 0.8907 0.7309 0.6896 0.5829 0.4935 0.3101 0.0306 0.0244 0.1108 0.1594 0.1371 0.0696 0.0452 0.062 0.1421 0.1597 0.1384 0.0372 0.0688 0.0867 0.0513 0.0092 0.0198 0.0118 0.009 0.0223 0.0179 0.0084 0.0068 0.0032 0.0035 0.0056 0.004
0.0039 0.0063 0.0152 0.0336 0.031 0.0284 0.0396 0.0272 0.0323 0.0452 0.0492 0.0996 0.1424 0.1194 0.0628 0.0907 0.1177 0.1429 0.1223 0.1104 0.1847 0.3715 0.4382 0.5707 0.6654 0.7476 0.7654 0.8555 0.972 0.9221 0.7502 0.7209 0.7757 0.6055 0.5021 0.4499 0.3947 0.4281 0.4427 0.3749 0.1972 0.0511 0.0793 0.1269 0.1533 0.069 0.0402 0.0534 0.0228 0.0073 0.0062 0.0062 0.012 0.0052 0.0056 0.0093 0.0042 3e-04 0.0053 0.0036
0.0123 0.0309 0.0169 0.0313 0.0358 0.0102 0.0182 0.0579 0.1122 0.0835 0.0548 0.0847 0.2026 0.2557 0.187 0.2032 0.1463 0.2849 0.5824 0.7728 0.7852 0.8515 0.5312 0.3653 0.5973 0.8275 1 0.8673 0.6301 0.4591 0.394 0.2576 0.2817 0.2641 0.2757 0.2698 0.3994 0.4576 0.394 0.2522 0.1782 0.1354 0.0516 0.0337 0.0894 0.0861 0.0872 0.0445 0.0134 0.0217 0.0188 0.0133 0.0265 0.0224 0.0074 0.0118 0.0026 0.0092 9e-04 0.0044
0.0124 0.0433 0.0604 0.0449 0.0597 0.0355 0.0531 0.0343 0.1052 0.212 0.164 0.1901 0.3026 0.2019 0.0592 0.239 0.3657 0.3809 0.5929 0.6299 0.5801 0.4574 0.4449 0.3691 0.6446 0.894 0.8978 0.498 0.3333 0.235 0.1553 0.3666 0.434 0.3082 0.3024 0.4109 0.5501 0.4129 0.5499 0.5018 0.3132 0.2802 0.2351 0.2298 0.1155 0.0724 0.0621 0.0318 0.045 0.0167 0.0078 0.0083 0.0057 0.0174 0.0188 0.0054 0.0114 0.0196 0.0147 0.0062
0.027 0.0092 0.0145 0.0278 0.0412 0.0757 0.1026 0.1138 0.0794 0.152 0.1675 0.137 0.1361 0.1345 0.2144 0.5354 0.683 0.56 0.3093 0.3226 0.443 0.5573 0.5782 0.6173 0.8132 0.9819 0.9823 0.9166 0.7423 0.7736 0.8473 0.7352 0.6671 0.6083 0.6239 0.5972 0.5715 0.5242 0.2924 0.1536 0.2003 0.2031 0.2207 0.1778 0.1353 0.1373 0.0749 0.0472 0.0325 0.0179 0.0045 0.0084 0.001 0.0018 0.0068 0.0039 0.012 0.0132 0.007 0.0088
0.0115 0.015 0.0136 0.0076 0.0211 0.1058 0.1023 0.044 0.0931 0.0734 0.074 0.0622 0.1055 0.1183 0.1721 0.2584 0.3232 0.3817 0.4243 0.4217 0.4449 0.4075 0.3306 0.4012 0.4466 0.5218 0.7552 0.9503 1 0.9084 0.8283 0.7571 0.7262 0.6152 0.568 0.5757 0.5324 0.3672 0.1669 0.0866 0.0646 0.1891 0.2683 0.2887 0.2341 0.1668 0.1015 0.1195 0.0704 0.0167 0.0107 0.0091 0.0016 0.0084 0.0064 0.0026 0.0029 0.0037 0.007 0.0041
0.0293 0.0644 0.039 0.0173 0.0476 0.0816 0.0993 0.0315 0.0736 0.086 0.0414 0.0472 0.0835 0.0938 0.1466 0.0809 0.1179 0.2179 0.3326 0.3258 0.2111 0.2302 0.3361 0.4259 0.4609 0.2606 0.0874 0.2862 0.5606 0.8344 0.8096 0.725 0.8048 0.9435 1 0.896 0.5516 0.3037 0.2338 0.2382 0.3318 0.3821 0.1575 0.2228 0.1582 0.1433 0.1634 0.1133 0.0567 0.0133 0.017 0.0035 0.0052 0.0083 0.0078 0.0075 0.0105 0.016 0.0095 0.0011
0.0201 0.0026 0.0138 0.0062 0.0133 0.0151 0.0541 0.021 0.0505 0.1097 0.0841 0.0942 0.1204 0.042 0.0031 0.0162 0.0624 0.2127 0.3436 0.3813 0.3825 0.4764 0.6313 0.7523 0.8675 0.8788 0.7901 0.8357 0.9631 0.9619 0.9236 0.8903 0.9708 0.9647 0.7892 0.5307 0.2718 0.1953 0.1374 0.3105 0.379 0.4105 0.3355 0.2998 0.2748 0.2024 0.1043 0.0453 0.0337 0.0122 0.0072 0.0108 0.007 0.0063 0.003 0.0011 7e-04 0.0024 0.0057 0.0044
0.0084 0.0153 0.0291 0.0432 0.0951 0.0752 0.0414 0.0259 0.0692 0.1753 0.197 0.1167 0.1683 0.0814 0.2179 0.5121 0.7231 0.7776 0.6222 0.3501 0.3733 0.2622 0.3776 0.7361 0.8673 0.8223 0.7772 0.7862 0.5652 0.3635 0.3534 0.3865 0.337 0.1693 0.2627 0.3195 0.1388 0.1048 0.1681 0.191 0.1174 0.0933 0.0856 0.0951 0.0986 0.0956 0.0426 0.0407 0.0106 0.0179 0.0056 0.0236 0.0114 0.0136 0.0117 0.006 0.0058 0.0031 0.0072 0.0045
0.0094 0.0166 0.0398 0.0359 0.0681 0.0706 0.102 0.0893 0.0381 0.1328 0.1303 0.0273 0.0644 0.0712 0.1204 0.0717 0.1224 0.2349 0.3684 0.3918 0.4925 0.8793 0.9606 0.8786 0.6905 0.6937 0.5674 0.654 0.7802 0.7575 0.5836 0.6316 0.8108 0.9039 0.8647 0.6695 0.4027 0.237 0.2685 0.3662 0.3267 0.22 0.2996 0.2205 0.1163 0.0635 0.0465 0.0422 0.0174 0.0172 0.0134 0.0141 0.0191 0.0145 0.0065 0.0129 0.0217 0.0087 0.0077 0.0122
0.0333 0.0221 0.027 0.0481 0.0679 0.0981 0.0843 0.1172 0.0759 0.092 0.1475 0.0522 0.1119 0.097 0.1174 0.1678 0.1642 0.1205 0.0494 0.1544 0.3485 0.6146 0.9146 0.9364 0.8677 0.8772 0.8553 0.8833 1 0.8296 0.6601 0.5499 0.5716 0.6859 0.6825 0.5142 0.275 0.1358 0.1551 0.2646 0.1994 0.1883 0.2746 0.1651 0.0575 0.0695 0.0598 0.0456 0.0021 0.0068 0.0036 0.0022 0.0032 0.006 0.0054 0.0063 0.0143 0.0132 0.0051 0.0041
0.0123 0.0022 0.0196 0.0206 0.018 0.0492 0.0033 0.0398 0.0791 0.0475 0.1152 0.052 0.1192 0.1943 0.184 0.2077 0.1956 0.163 0.1218 0.1017 0.1354 0.3157 0.4645 0.5906 0.6776 0.8119 0.8594 0.9228 0.8387 0.7238 0.6292 0.5181 0.4629 0.5255 0.5147 0.3929 0.1279 0.0411 0.0859 0.1131 0.1306 0.1757 0.2648 0.1955 0.0656 0.058 0.0319 0.0301 0.0272 0.0074 0.0149 0.0125 0.0134 0.0026 0.0038 0.0018 0.0113 0.0058 0.0047 0.0071
0.0091 0.0213 0.0206 0.0505 0.0657 0.0795 0.097 0.0872 0.0743 0.0837 0.1579 0.0898 0.0309 0.1856 0.2969 0.2032 0.1264 0.1655 0.1661 0.2091 0.231 0.446 0.6634 0.6933 0.7663 0.8206 0.7049 0.756 0.7466 0.6387 0.4846 0.3328 0.5356 0.8741 0.8573 0.6718 0.3446 0.315 0.2702 0.2598 0.2742 0.3594 0.4382 0.246 0.0758 0.0187 0.0797 0.0748 0.0367 0.0155 0.03 0.0112 0.0112 0.0102 0.0026 0.0097 0.0098 0.0043 0.0071 0.0108
0.0068 0.0232 0.0513 0.0444 0.0249 0.0637 0.0422 0.113 0.1911 0.2475 0.1606 0.0922 0.2398 0.322 0.4295 0.2652 0.0666 0.1442 0.2373 0.2595 0.2493 0.3903 0.6384 0.8037 0.7026 0.6874 0.6997 0.8558 1 0.9621 0.8996 0.7575 0.6902 0.5686 0.4396 0.4546 0.2959 0.1587 0.1681 0.0842 0.1173 0.1754 0.2728 0.1705 0.0194 0.0213 0.0354 0.042 0.0093 0.0204 0.0199 0.0173 0.0163 0.0055 0.0045 0.0068 0.0041 0.0052 0.0194 0.0105
0.0093 0.0185 0.0056 0.0064 0.026 0.0458 0.047 0.0057 0.0425 0.064 0.0888 0.1599 0.1541 0.2768 0.2176 0.2799 0.3491 0.2824 0.2479 0.3005 0.43 0.4684 0.452 0.5026 0.6217 0.6571 0.6632 0.7321 0.8534 1 0.8448 0.6354 0.6308 0.6211 0.6976 0.5868 0.4889 0.3683 0.2043 0.1469 0.222 0.1449 0.149 0.1211 0.1144 0.0791 0.0365 0.0152 0.0085 0.012 0.0022 0.0069 0.0064 0.0129 0.0114 0.0054 0.0089 0.005 0.0058 0.0025
0.0211 0.0319 0.0415 0.0286 0.0121 0.0438 0.1299 0.139 0.0695 0.0568 0.0869 0.1935 0.1478 0.1871 0.1994 0.3283 0.6861 0.5814 0.25 0.1734 0.3363 0.5588 0.6592 0.7012 0.8099 0.8901 0.8745 0.7887 0.8725 0.9376 0.892 0.7508 0.6832 0.761 0.9017 1 0.9123 0.7388 0.5915 0.4057 0.3019 0.2331 0.2931 0.2298 0.2391 0.191 0.1096 0.03 0.0171 0.0383 0.0053 0.009 0.0042 0.0153 0.0106 0.002 0.0105 0.0049 0.007 0.008
0.0093 0.0269 0.0217 0.0339 0.0305 0.1172 0.145 0.0638 0.074 0.136 0.2132 0.3738 0.3738 0.2673 0.2333 0.5367 0.7312 0.7659 0.6271 0.4395 0.433 0.4326 0.5544 0.736 0.8589 0.8989 0.942 0.9401 0.9379 0.8575 0.7284 0.67 0.7547 0.8773 0.9919 0.9922 0.9419 0.8388 0.6605 0.4816 0.2917 0.1769 0.1136 0.0701 0.1578 0.1938 0.1106 0.0693 0.0176 0.0205 0.0309 0.0212 0.0091 0.0056 0.0086 0.0092 0.007 0.0116 0.006 0.011
0.019 0.0038 0.0642 0.0452 0.0333 0.069 0.0901 0.1454 0.074 0.0349 0.1459 0.3473 0.3197 0.2823 0.0166 0.0572 0.2164 0.4563 0.3819 0.5627 0.6484 0.7235 0.8242 0.8766 1 0.8582 0.6563 0.5087 0.4817 0.453 0.4521 0.4532 0.5385 0.5308 0.5356 0.5271 0.426 0.2436 0.1205 0.3845 0.4107 0.5067 0.4216 0.2479 0.1586 0.1124 0.0651 0.0789 0.0325 0.007 0.0026 0.0093 0.0118 0.0112 0.0094 0.014 0.0072 0.0022 0.0055 0.0122
0.0119 0.0582 0.0623 0.06 0.1397 0.1883 0.1422 0.1447 0.0487 0.0864 0.2143 0.372 0.2665 0.2113 0.1103 0.1136 0.1934 0.4142 0.3279 0.6222 0.7468 0.7676 0.7867 0.8253 1 0.9481 0.7539 0.6008 0.5437 0.5387 0.5619 0.5141 0.6084 0.5621 0.5956 0.6078 0.5025 0.2829 0.0477 0.2811 0.3422 0.5147 0.4372 0.247 0.1708 0.1343 0.0838 0.0755 0.0304 0.0074 0.0069 0.0025 0.0103 0.0074 0.0123 0.0069 0.0076 0.0073 0.003 0.0138
0.0131 0.0068 0.0308 0.0311 0.0085 0.0767 0.0771 0.064 0.0726 0.0901 0.075 0.0844 0.1226 0.1619 0.2317 0.2934 0.3526 0.3657 0.3221 0.3093 0.4084 0.4285 0.4663 0.5956 0.6948 0.8386 0.8875 0.6404 0.3308 0.3425 0.492 0.4592 0.3034 0.4366 0.5175 0.5122 0.4746 0.4902 0.4603 0.446 0.4196 0.2873 0.2296 0.0949 0.0095 0.0527 0.0383 0.0107 0.0108 0.0077 0.0109 0.0062 0.0028 0.004 0.0075 0.0039 0.0053 0.0013 0.0052 0.0023
0.0087 0.0046 0.0081 0.023 0.0586 0.0682 0.0993 0.0717 0.0576 0.0818 0.1315 0.1862 0.2789 0.2579 0.224 0.2568 0.2933 0.2991 0.3924 0.4691 0.5665 0.6464 0.6774 0.7577 0.8856 0.9419 1 0.8564 0.679 0.5587 0.4147 0.2946 0.2025 0.0688 0.1171 0.2157 0.2216 0.2776 0.2309 0.1444 0.1513 0.1745 0.1756 0.1424 0.0908 0.0138 0.0469 0.048 0.0159 0.0045 0.0015 0.0052 0.0038 0.0079 0.0114 0.005 0.003 0.0064 0.0058 0.003
0.0293 0.0378 0.0257 0.0062 0.013 0.0612 0.0895 0.1107 0.0973 0.0751 0.0528 0.1209 0.1763 0.2039 0.2727 0.2321 0.2676 0.2934 0.3295 0.491 0.5402 0.6257 0.6826 0.7527 0.8504 0.8938 0.9928 0.9134 0.708 0.6318 0.6126 0.4638 0.2797 0.1721 0.1665 0.2561 0.2735 0.3209 0.2724 0.188 0.1552 0.2522 0.2121 0.1801 0.1473 0.0681 0.1091 0.0919 0.0397 0.0093 0.0076 0.0065 0.0072 0.0108 0.0051 0.0102 0.0041 0.0055 0.005 0.0087
0.0132 0.008 0.0188 0.0141 0.0436 0.0668 0.0609 0.0131 0.0899 0.0922 0.1445 0.1475 0.2087 0.2558 0.2603 0.1985 0.2394 0.3134 0.4077 0.4529 0.4893 0.5666 0.6234 0.6741 0.8282 0.8823 0.9196 0.8965 0.7549 0.6736 0.6463 0.5007 0.3663 0.2298 0.1362 0.2123 0.2395 0.2673 0.2865 0.206 0.1659 0.2633 0.2552 0.1696 0.1467 0.1286 0.0926 0.0716 0.0325 0.0258 0.0136 0.0044 0.0028 0.0021 0.0022 0.0048 0.0138 0.014 0.0028 0.0064
0.0201 0.0116 0.0123 0.0245 0.0547 0.0208 0.0891 0.0836 0.1335 0.1199 0.1742 0.1387 0.2042 0.258 0.2616 0.2097 0.2532 0.3213 0.4327 0.476 0.5328 0.6057 0.6696 0.7476 0.893 0.9405 1 0.9785 0.8473 0.7639 0.6701 0.4989 0.3718 0.2196 0.1416 0.268 0.263 0.3104 0.3392 0.2123 0.117 0.2655 0.2203 0.1541 0.1464 0.1044 0.1225 0.0745 0.049 0.0224 0.0032 0.0076 0.0045 0.0056 0.0075 0.0037 0.0045 0.0029 8e-04 0.0018
0.0216 0.0124 0.0174 0.0152 0.0608 0.1026 0.1139 0.0877 0.116 0.0866 0.1564 0.078 0.0997 0.0915 0.0662 0.1134 0.174 0.2573 0.3294 0.391 0.5438 0.6115 0.7022 0.761 0.7973 0.9105 0.8807 0.7949 0.799 0.718 0.6407 0.6312 0.5929 0.6168 0.6498 0.6764 0.6253 0.5117 0.389 0.3273 0.2509 0.153 0.1323 0.1657 0.1215 0.0978 0.0452 0.0273 0.0179 0.0092 0.0018 0.0052 0.0049 0.0096 0.0134 0.0122 0.0047 0.0018 6e-04 0.0023
0.0225 0.0019 0.0075 0.0097 0.0445 0.0906 0.0889 0.0655 0.1624 0.1452 0.1442 0.0948 0.0618 0.1641 0.0708 0.0844 0.259 0.2679 0.3094 0.4678 0.5958 0.7245 0.8773 0.9214 0.9282 0.9942 1 0.9071 0.8545 0.7293 0.6499 0.6071 0.5588 0.5967 0.6275 0.5459 0.4786 0.3965 0.2087 0.1651 0.1836 0.0652 0.0758 0.0486 0.0353 0.0297 0.0241 0.0379 0.0119 0.0073 0.0051 0.0034 0.0129 0.01 0.0044 0.0057 0.003 0.0035 0.0021 0.0027
0.0125 0.0152 0.0218 0.0175 0.0362 0.0696 0.0873 0.0616 0.1252 0.1302 0.0888 0.05 0.0628 0.1274 0.0801 0.0742 0.2048 0.295 0.3193 0.4567 0.5959 0.7101 0.8225 0.8425 0.9065 0.9802 1 0.8752 0.7583 0.6616 0.5786 0.5128 0.4776 0.4994 0.5197 0.5071 0.4577 0.3505 0.1845 0.189 0.1967 0.1041 0.055 0.0492 0.0622 0.0505 0.0247 0.0219 0.0102 0.0047 0.0019 0.0041 0.0074 0.003 0.005 0.0048 0.0017 0.0041 0.0086 0.0058
0.013 6e-04 0.0088 0.0456 0.0525 0.0778 0.0931 0.0941 0.1711 0.1483 0.1532 0.11 0.089 0.1236 0.1197 0.1145 0.2137 0.2838 0.364 0.543 0.6673 0.7979 0.9273 0.9027 0.9192 1 0.9821 0.9092 0.8184 0.6962 0.59 0.5447 0.5142 0.5389 0.5531 0.5318 0.4826 0.379 0.1831 0.175 0.1679 0.0674 0.0609 0.0375 0.0533 0.0278 0.0179 0.0114 0.0073 0.0116 0.0092 0.0078 0.0041 0.0013 0.0011 0.0045 0.0039 0.0022 0.0023 0.0016
0.0135 0.0045 0.0051 0.0289 0.0561 0.0929 0.1031 0.0883 0.1596 0.1908 0.1576 0.1112 0.1197 0.1174 0.1415 0.2215 0.2658 0.2713 0.3862 0.5717 0.6797 0.8747 1 0.8948 0.842 0.9174 0.9307 0.905 0.8228 0.6986 0.5831 0.4924 0.4563 0.5159 0.567 0.5284 0.5144 0.3742 0.2282 0.1193 0.1088 0.0431 0.107 0.0583 0.0046 0.0473 0.0408 0.029 0.0192 0.0094 0.0025 0.0037 0.0084 0.0102 0.0096 0.0024 0.0037 0.0028 0.003 0.003
0.0086 0.0215 0.0242 0.0445 0.0667 0.0771 0.0499 0.0906 0.1229 0.1185 0.0775 0.1101 0.1042 0.0853 0.0456 0.1304 0.269 0.2947 0.3669 0.4948 0.6275 0.8162 0.9237 0.871 0.8052 0.8756 1 0.9858 0.9427 0.8114 0.6987 0.681 0.6591 0.6954 0.729 0.668 0.5917 0.4899 0.3439 0.2366 0.1716 0.1013 0.0766 0.0845 0.026 0.0333 0.0205 0.0309 0.0101 0.0095 0.0047 0.0072 0.0054 0.0022 0.0016 0.0029 0.0058 0.005 0.0024 0.003
0.0067 0.0096 0.0024 0.0058 0.0197 0.0618 0.0432 0.0951 0.0836 0.118 0.0978 0.0909 0.0656 0.0593 0.0832 0.1297 0.2038 0.3811 0.4451 0.5224 0.5911 0.6566 0.6308 0.5998 0.4958 0.5647 0.6906 0.8513 1 0.9166 0.7676 0.6177 0.5468 0.5516 0.5463 0.5515 0.4561 0.3466 0.3384 0.2853 0.2502 0.1641 0.1605 0.1491 0.1326 0.0687 0.0602 0.0561 0.0306 0.0154 0.0029 0.0048 0.0023 0.002 0.004 0.0019 0.0034 0.0034 0.0051 0.0031
0.0071 0.0103 0.0135 0.0494 0.0253 0.0806 0.0701 0.0738 0.0117 0.0898 0.0289 0.1554 0.1437 0.1035 0.1424 0.1227 0.0892 0.2047 0.0827 0.1524 0.3031 0.1608 0.0667 0.1426 0.0395 0.1653 0.3399 0.4855 0.5206 0.5508 0.6102 0.5989 0.6764 0.8897 1 0.9517 0.8459 0.7073 0.6697 0.6326 0.5102 0.4161 0.2816 0.1705 0.1421 0.0971 0.0879 0.0863 0.0355 0.0233 0.0252 0.0043 0.0048 0.0076 0.0124 0.0105 0.0054 0.0032 0.0073 0.0063
0.0176 0.0172 0.0501 0.0285 0.0262 0.0351 0.0362 0.0535 0.0258 0.0474 0.0526 0.1854 0.104 0.0948 0.0912 0.1688 0.1568 0.0375 0.1316 0.2086 0.1976 0.0946 0.1965 0.1242 0.0616 0.2141 0.4642 0.6471 0.634 0.6107 0.7046 0.5376 0.5934 0.8443 0.9481 0.9705 0.7766 0.6313 0.576 0.6148 0.545 0.4813 0.3406 0.1916 0.1134 0.064 0.0911 0.098 0.0563 0.0187 0.0088 0.0042 0.0175 0.0171 0.0079 0.005 0.0112 0.0179 0.0294 0.0063
0.0265 0.044 0.0137 0.0084 0.0305 0.0438 0.0341 0.078 0.0844 0.0779 0.0327 0.206 0.1908 0.1065 0.1457 0.2232 0.207 0.1105 0.1078 0.1165 0.2224 0.0689 0.206 0.2384 0.0904 0.2278 0.5872 0.8457 0.8467 0.7679 0.8055 0.626 0.6545 0.8747 0.9885 0.9348 0.696 0.5733 0.5872 0.6663 0.5651 0.5247 0.3684 0.1997 0.1512 0.0508 0.0931 0.0982 0.0524 0.0188 0.01 0.0038 0.0187 0.0156 0.0068 0.0097 0.0073 0.0081 0.0086 0.0095
0.0368 0.0403 0.0317 0.0293 0.082 0.1342 0.1161 0.0663 0.0155 0.0506 0.0906 0.2545 0.1464 0.1272 0.1223 0.1669 0.1424 0.1285 0.1857 0.1136 0.2069 0.0219 0.24 0.2547 0.024 0.1923 0.4753 0.7003 0.6825 0.6443 0.7063 0.5373 0.6601 0.8708 0.9518 0.9605 0.7712 0.6772 0.6431 0.672 0.6035 0.5155 0.3802 0.2278 0.1522 0.0801 0.0804 0.0752 0.0566 0.0175 0.0058 0.0091 0.016 0.016 0.0081 0.007 0.0135 0.0067 0.0078 0.0068
0.0195 0.0142 0.0181 0.0406 0.0391 0.0249 0.0892 0.0973 0.084 0.1191 0.1522 0.1322 0.1434 0.1244 0.0653 0.089 0.1226 0.1846 0.388 0.3658 0.2297 0.261 0.4193 0.5848 0.5643 0.5448 0.4772 0.6897 0.9797 1 0.9546 0.8835 0.7662 0.6547 0.5447 0.4593 0.4679 0.1987 0.0699 0.1493 0.1713 0.1654 0.26 0.3846 0.3754 0.2414 0.1077 0.0224 0.0155 0.0187 0.0125 0.0028 0.0067 0.012 0.0012 0.0022 0.0058 0.0042 0.0067 0.0012
0.0216 0.0215 0.0273 0.0139 0.0357 0.0785 0.0906 0.0908 0.1151 0.0973 0.1203 0.1102 0.1192 0.1762 0.239 0.2138 0.1929 0.1765 0.0746 0.1265 0.2005 0.1571 0.2605 0.5386 0.844 1 0.8684 0.6742 0.5537 0.4638 0.3609 0.2055 0.162 0.2092 0.31 0.2344 0.1058 0.0383 0.0528 0.1291 0.2241 0.1915 0.1587 0.0942 0.084 0.067 0.0342 0.0469 0.0357 0.0136 0.0082 0.014 0.0044 0.0052 0.0073 0.0021 0.0047 0.0024 9e-04 0.0017
0.0065 0.0122 0.0068 0.0108 0.0217 0.0284 0.0527 0.0575 0.1054 0.1109 0.0937 0.0827 0.092 0.0911 0.1487 0.1666 0.1268 0.1374 0.1095 0.1286 0.2146 0.2889 0.4238 0.6168 0.8167 0.9622 0.828 0.5816 0.4667 0.3539 0.2727 0.141 0.1863 0.2176 0.236 0.1725 0.0589 0.0621 0.1847 0.2452 0.2984 0.3041 0.2275 0.148 0.1102 0.1178 0.0608 0.0333 0.0276 0.01 0.0023 0.0069 0.0025 0.0027 0.0052 0.0036 0.0026 0.0036 6e-04 0.0035
0.0036 0.0078 0.0092 0.0387 0.053 0.1197 0.1243 0.1026 0.1239 0.0888 0.0937 0.1245 0.1599 0.1542 0.1846 0.1732 0.1477 0.1748 0.1455 0.1579 0.2257 0.1975 0.3368 0.5828 0.8505 1 0.8457 0.6624 0.5564 0.3925 0.3233 0.2054 0.192 0.2227 0.3147 0.2268 0.0795 0.0748 0.1166 0.1969 0.2619 0.2507 0.1983 0.0948 0.0931 0.0965 0.0381 0.0435 0.0336 0.0055 0.0079 0.0119 0.0055 0.0035 0.0036 4e-04 0.0018 0.0049 0.0024 0.0016
0.0208 0.0186 0.0131 0.0211 0.061 0.0613 0.0612 0.0506 0.0989 0.1093 0.1063 0.1179 0.1291 0.1591 0.168 0.1918 0.1615 0.1647 0.1397 0.1426 0.2429 0.2816 0.429 0.6443 0.9061 1 0.8087 0.6119 0.526 0.3677 0.2746 0.102 0.1339 0.1582 0.1952 0.1787 0.0429 0.1096 0.1762 0.2481 0.315 0.292 0.1902 0.0696 0.0758 0.091 0.0441 0.0244 0.0265 0.0095 0.014 0.0074 0.0063 0.0081 0.0087 0.0044 0.0028 0.0019 0.0049 0.0023
0.0139 0.0222 0.0089 0.0108 0.0215 0.0136 0.0659 0.0954 0.0786 0.1015 0.1261 0.0828 0.0493 0.0848 0.1514 0.1396 0.1066 0.1923 0.2991 0.3247 0.3797 0.5658 0.7483 0.8757 0.9048 0.7511 0.6858 0.7043 0.5864 0.3773 0.2206 0.2628 0.2672 0.2907 0.1982 0.2288 0.3186 0.2871 0.2921 0.2806 0.2682 0.2112 0.1513 0.1789 0.185 0.1717 0.0898 0.0656 0.0445 0.011 0.0024 0.0062 0.0072 0.0113 0.0012 0.0022 0.0025 0.0059 0.0039 0.0048
0.0109 0.0093 0.0121 0.0378 0.0679 0.0863 0.1004 0.0664 0.0941 0.1036 0.0972 0.0501 0.1546 0.3404 0.4804 0.657 0.7738 0.7827 0.8152 0.8129 0.8297 0.8535 0.887 0.8894 0.898 0.9667 1 0.9134 0.6762 0.4659 0.2895 0.2959 0.1746 0.2112 0.2569 0.2276 0.2149 0.1601 0.0371 0.0117 0.0488 0.0288 0.0597 0.0431 0.0369 0.0025 0.0327 0.0257 0.0182 0.0108 0.0124 0.0077 0.0023 0.0117 0.0053 0.0077 0.0076 0.0056 0.0055 0.0039
0.0202 0.0104 0.0325 0.0239 0.0807 0.1529 0.1154 0.0608 0.1317 0.137 0.0843 0.0269 0.1254 0.3046 0.5584 0.7973 0.8341 0.8057 0.8616 0.8769 0.9413 0.9403 0.9409 1 0.9725 0.9309 0.9351 0.7317 0.4421 0.3244 0.4161 0.4611 0.4031 0.3 0.2459 0.1348 0.2541 0.2255 0.1598 0.1485 0.0845 0.0569 0.0855 0.1262 0.1153 0.057 0.0426 0.0425 0.0235 6e-04 0.0188 0.0127 0.0081 0.0067 0.0043 0.0065 0.0049 0.0054 0.0073 0.0054
0.0239 0.0189 0.0466 0.044 0.0657 0.0742 0.138 0.1099 0.1384 0.1376 0.0938 0.0259 0.1499 0.2851 0.5743 0.8278 0.8669 0.8131 0.9045 0.9046 1 0.9976 0.9872 0.9761 0.9009 0.9724 0.9675 0.7633 0.4434 0.3822 0.4727 0.4007 0.3381 0.3172 0.2222 0.0733 0.2692 0.1888 0.0712 0.1062 0.0694 0.03 0.0893 0.1459 0.1348 0.0391 0.0546 0.0469 0.0201 0.0095 0.0155 0.0091 0.0151 0.008 0.0018 0.0078 0.0045 0.0026 0.0036 0.0024
0.0336 0.0294 0.0476 0.0539 0.0794 0.0804 0.1136 0.1228 0.1235 0.0842 0.0357 0.0689 0.1705 0.3257 0.4602 0.6225 0.7327 0.7843 0.7988 0.8261 1 0.9814 0.962 0.9601 0.9118 0.9086 0.7931 0.5877 0.3474 0.4235 0.4633 0.341 0.2849 0.2847 0.1742 0.0549 0.1192 0.1154 0.0855 0.1811 0.1264 0.0799 0.0378 0.1268 0.1125 0.0505 0.0949 0.0677 0.0259 0.017 0.0033 0.015 0.0111 0.0032 0.0035 0.0169 0.0137 0.0015 0.0069 0.0051
0.0231 0.0351 0.003 0.0304 0.0339 0.086 0.1738 0.1351 0.1063 0.0347 0.0575 0.1382 0.2274 0.4038 0.5223 0.6847 0.7521 0.776 0.7708 0.8627 1 0.8873 0.8057 0.876 0.9066 0.943 0.8846 0.65 0.297 0.2423 0.2992 0.2285 0.2277 0.1529 0.1037 0.0352 0.1073 0.1373 0.1331 0.1454 0.1115 0.044 0.0762 0.1381 0.0831 0.0654 0.0844 0.0595 0.0497 0.0313 0.0154 0.0106 0.0097 0.0022 0.0052 0.0072 0.0056 0.0038 0.0043 0.003
0.0108 0.0086 0.0058 0.046 0.0752 0.0887 0.1015 0.0494 0.0472 0.0393 0.1106 0.1412 0.2202 0.2976 0.4116 0.4754 0.539 0.6279 0.706 0.7918 0.9493 1 0.9645 0.9432 0.8658 0.7895 0.6501 0.4492 0.4739 0.6153 0.4929 0.3195 0.3735 0.3336 0.1052 0.0671 0.0379 0.0461 0.1694 0.2169 0.1677 0.0644 0.0159 0.0778 0.0653 0.021 0.0509 0.0387 0.0262 0.0101 0.0161 0.0029 0.0078 0.0114 0.0083 0.0058 3e-04 0.0023 0.0026 0.0027
0.01 0.0194 0.0155 0.0489 0.0839 0.1009 0.1627 0.2071 0.2696 0.299 0.3242 0.3565 0.3951 0.5201 0.6953 0.8468 1 0.9278 0.851 0.801 0.8142 0.8825 0.7302 0.6107 0.7159 0.8458 0.6319 0.4808 0.6291 0.7152 0.6005 0.4235 0.4106 0.3992 0.173 0.1975 0.237 0.1339 0.1583 0.3151 0.1968 0.2054 0.1272 0.1129 0.1946 0.2195 0.193 0.1498 0.0773 0.0196 0.0122 0.013 0.0073 0.0077 0.0075 0.006 0.008 0.0019 0.0053 0.0019
0.0409 0.0421 0.0573 0.013 0.0183 0.1019 0.1054 0.107 0.2302 0.2259 0.2373 0.3323 0.3827 0.484 0.6812 0.7555 0.9522 0.9826 0.8871 0.8268 0.7561 0.8217 0.6967 0.6444 0.6948 0.8014 0.6053 0.6084 0.8877 0.8557 0.5563 0.2897 0.3638 0.4786 0.2908 0.0899 0.2043 0.1707 0.0407 0.1286 0.1581 0.2191 0.1701 0.0971 0.2217 0.2732 0.1874 0.1062 0.0665 0.0405 0.0113 0.0028 0.0036 0.0105 0.012 0.0087 0.0061 0.0061 0.003 0.0078
0.0217 0.034 0.0392 0.0236 0.1081 0.1164 0.1398 0.1009 0.1147 0.1777 0.4079 0.4113 0.3973 0.5078 0.6509 0.8073 0.9819 1 0.9407 0.8452 0.8106 0.846 0.6212 0.5815 0.7745 0.8204 0.5601 0.2989 0.5009 0.6628 0.5753 0.4055 0.3746 0.3481 0.158 0.1422 0.213 0.1866 0.1003 0.2396 0.2241 0.2029 0.071 0.1606 0.1669 0.17 0.1829 0.1403 0.0506 0.0224 0.0095 0.0031 0.0103 0.0078 0.0077 0.0094 0.0031 0.003 0.0013 0.0069
0.0378 0.0318 0.0423 0.035 0.1787 0.1635 0.0887 0.0817 0.1779 0.2053 0.3135 0.3118 0.3686 0.3885 0.585 0.7868 0.9739 1 0.9843 0.861 0.8443 0.9061 0.5847 0.4033 0.5946 0.6793 0.6389 0.5002 0.5578 0.4831 0.4729 0.3318 0.3969 0.3894 0.2314 0.1036 0.1312 0.0864 0.2569 0.3179 0.2649 0.2714 0.1713 0.0584 0.123 0.22 0.2198 0.1074 0.0423 0.0162 0.0093 0.0046 0.0044 0.0078 0.0102 0.0065 0.0061 0.0062 0.0043 0.0053
0.0188 0.037 0.0953 0.0824 0.0249 0.0488 0.1424 0.1972 0.1873 0.1806 0.2139 0.1523 0.1975 0.4844 0.7298 0.7807 0.7906 0.6122 0.42 0.2807 0.5148 0.7569 0.8596 1 0.8457 0.6797 0.6971 0.5843 0.4772 0.5201 0.4241 0.1592 0.1668 0.0588 0.3967 0.7147 0.7319 0.3509 0.0589 0.269 0.42 0.3874 0.244 0.2 0.2307 0.1886 0.196 0.1701 0.1366 0.0398 0.0143 0.0093 0.0033 0.0113 0.003 0.0057 0.009 0.0057 0.0068 0.0024
0.0856 0.0454 0.0382 0.0203 0.0385 0.0534 0.214 0.311 0.2837 0.2751 0.2707 0.0946 0.102 0.4519 0.6737 0.6699 0.7066 0.5632 0.3785 0.2721 0.5297 0.7697 0.8643 0.9304 0.9372 0.6247 0.6024 0.681 0.5047 0.5775 0.4754 0.24 0.2779 0.1997 0.5305 0.7409 0.7775 0.4424 0.1416 0.3508 0.4482 0.4208 0.3054 0.2235 0.2611 0.2798 0.2392 0.2021 0.1326 0.0358 0.0128 0.0172 0.0138 0.0079 0.0037 0.0051 0.0258 0.0102 0.0037 0.0037
0.0235 0.0291 0.0749 0.0519 0.0227 0.0834 0.0677 0.2002 0.2876 0.3674 0.2974 0.0837 0.1912 0.504 0.6352 0.6804 0.7505 0.6595 0.4509 0.2964 0.4019 0.6794 0.8297 1 0.824 0.7115 0.7726 0.6124 0.4936 0.5648 0.4906 0.182 0.1811 0.1107 0.4603 0.665 0.6423 0.2166 0.1951 0.4947 0.4925 0.4041 0.2402 0.1392 0.1779 0.1946 0.1723 0.1522 0.0929 0.0179 0.0242 0.0083 0.0037 0.0095 0.0105 0.003 0.0132 0.0068 0.0108 0.009
0.0181 0.0146 0.0026 0.0141 0.0421 0.0473 0.0361 0.0741 0.1398 0.1045 0.0904 0.0671 0.0997 0.1056 0.0346 0.1231 0.1626 0.3652 0.3262 0.2995 0.2109 0.2104 0.2085 0.2282 0.0747 0.1969 0.4086 0.6385 0.797 0.7508 0.5517 0.2214 0.4672 0.4479 0.2297 0.3235 0.448 0.5581 0.652 0.5354 0.2478 0.2268 0.1788 0.0898 0.0536 0.0374 0.099 0.0956 0.0317 0.0142 0.0076 0.0223 0.0255 0.0145 0.0233 0.0041 0.0018 0.0048 0.0089 0.0085
