0.02 0.0371 0.0428 0.0207 0.0954 0.0986 0.1539 0.1601 0.3109 0.2111 0.1609 0.1582 0.2238 0.0645 0.066 0.2273 0.31 0.2999 0.5078 0.4797 0.5783 0.5071 0.4328 0.555 0.6711 0.6415 0.7104 0.808 0.6791 0.3857 0.1307 0.2604 0.5121 0.7547 0.8537 0.8507 0.6692 0.6097 0.4943 0.2744 0.051 0.2834 0.2825 0.4256 0.2641 0.1386 0.1051 0.1343 0.0383 0.0324 0.0232 0.0027 0.0065 0.0159 0.0072 0.0167 0.018 0.0084 0.009 0.0032
0.0453 0.0523 0.0843 0.0689 0.1183 0.2583 0.2156 0.3481 0.3337 0.2872 0.4918 0.6552 0.6919 0.7797 0.7464 0.9444 1 0.8874 0.8024 0.7818 0.5212 0.4052 0.3957 0.3914 0.325 0.32 0.3271 0.2767 0.4423 0.2028 0.3788 0.2947 0.1984 0.2341 0.1306 0.4182 0.3835 0.1057 0.184 0.197 0.1674 0.0583 0.1401 0.1628 0.0621 0.0203 0.053 0.0742 0.0409 0.0061 0.0125 0.0084 0.0089 0.0048 0.0094 0.0191 0.014 0.0049 0.0052 0.0044
0.0262 0.0582 0.1099 0.1083 0.0974 0.228 0.2431 0.3771 0.5598 0.6194 0.6333 0.706 0.5544 0.532 0.6479 0.6931 0.6759 0.7551 0.8929 0.8619 0.7974 0.6737 0.4293 0.3648 0.5331 0.2413 0.507 0.8533 0.6036 0.8514 0.8512 0.5045 0.1862 0.2709 0.4232 0.3043 0.6116 0.6756 0.5375 0.4719 0.4647 0.2587 0.2129 0.2222 0.2111 0.0176 0.1348 0.0744 0.013 0.0106 0.0033 0.0232 0.0166 0.0095 0.018 0.0244 0.0316 0.0164 0.0095 0.0078
0.01 0.0171 0.0623 0.0205 0.0205 0.0368 0.1098 0.1276 0.0598 0.1264 0.0881 0.1992 0.0184 0.2261 0.1729 0.2131 0.0693 0.2281 0.406 0.3973 0.2741 0.369 0.5556 0.4846 0.314 0.5334 0.5256 0.252 0.209 0.3559 0.626 0.734 0.612 0.3497 0.3953 0.3012 0.5408 0.8814 0.9857 0.9167 0.6121 0.5006 0.321 0.3202 0.4295 0.3654 0.2655 0.1576 0.0681 0.0294 0.0241 0.0121 0.0036 0.015 0.0085 0.0073 0.005 0.0044 0.004 0.0117
0.0762 0.0666 0.0481 0.0394 0.059 0.0649 0.1209 0.2467 0.3564 0.4459 0.4152 0.3952 0.4256 0.4135 0.4528 0.5326 0.7306 0.6193 0.2032 0.4636 0.4148 0.4292 0.573 0.5399 0.3161 0.2285 0.6995 1 0.7262 0.4724 0.5103 0.5459 0.2881 0.0981 0.1951 0.4181 0.4604 0.3217 0.2828 0.243 0.1979 0.2444 0.1847 0.0841 0.0692 0.0528 0.0357 0.0085 0.023 0.0046 0.0156 0.0031 0.0054 0.0105 0.011 0.0015 0.0072 0.0048 0.0107 0.0094
0.0286 0.0453 0.0277 0.0174 0.0384 0.099 0.1201 0.1833 0.2105 0.3039 0.2988 0.425 0.6343 0.8198 1 0.9988 0.9508 0.9025 0.7234 0.5122 0.2074 0.3985 0.589 0.2872 0.2043 0.5782 0.5389 0.375 0.3411 0.5067 0.558 0.4778 0.3299 0.2198 0.1407 0.2856 0.3807 0.4158 0.4054 0.3296 0.2707 0.265 0.0723 0.1238 0.1192 0.1089 0.0623 0.0494 0.0264 0.0081 0.0104 0.0045 0.0014 0.0038 0.0013 0.0089 0.0057 0.0027 0.0051 0.0062
0.0317 0.0956 0.1321 0.1408 0.1674 0.171 0.0731 0.1401 0.2083 0.3513 0.1786 0.0658 0.0513 0.3752 0.5419 0.544 0.515 0.4262 0.2024 0.4233 0.7723 0.9735 0.939 0.5559 0.5268 0.6826 0.5713 0.5429 0.2177 0.2149 0.5811 0.6323 0.2965 0.1873 0.2969 0.5163 0.6153 0.4283 0.5479 0.6133 0.5017 0.2377 0.1957 0.1749 0.1304 0.0597 0.1124 0.1047 0.0507 0.0159 0.0195 0.0201 0.0248 0.0131 0.007 0.0138 0.0092 0.0143 0.0036 0.0103
0.0519 0.0548 0.0842 0.0319 0.1158 0.0922 0.1027 0.0613 0.1465 0.2838 0.2802 0.3086 0.2657 0.3801 0.5626 0.4376 0.2617 0.1199 0.6676 0.9402 0.7832 0.5352 0.6809 0.9174 0.7613 0.822 0.8872 0.6091 0.2967 0.1103 0.1318 0.0624 0.099 0.4006 0.3666 0.105 0.1915 0.393 0.4288 0.2546 0.1151 0.2196 0.1879 0.1437 0.2146 0.236 0.1125 0.0254 0.0285 0.0178 0.0052 0.0081 0.012 0.0045 0.0121 0.0097 0.0085 0.0047 0.0048 0.0053
0.0223 0.0375 0.0484 0.0475 0.0647 0.0591 0.0753 0.0098 0.0684 0.1487 0.1156 0.1654 0.3833 0.3598 0.1713 0.1136 0.0349 0.3796 0.7401 0.9925 0.9802 0.889 0.6712 0.4286 0.3374 0.7366 0.9611 0.7353 0.4856 0.1594 0.3007 0.4096 0.317 0.3305 0.3408 0.2186 0.2463 0.2726 0.168 0.2792 0.2558 0.174 0.2121 0.1099 0.0985 0.1271 0.1459 0.1164 0.0777 0.0439 0.0061 0.0145 0.0128 0.0145 0.0058 0.0049 0.0065 0.0093 0.0059 0.0022
0.0079 0.0086 0.0055 0.025 0.0344 0.0546 0.0528 0.0958 0.1009 0.124 0.1097 0.1215 0.1874 0.3383 0.3227 0.2723 0.3943 0.6432 0.7271 0.8673 0.9674 0.9847 0.948 0.8036 0.6833 0.5136 0.309 0.0832 0.4019 0.2344 0.1905 0.1235 0.1717 0.2351 0.2489 0.3649 0.3382 0.1589 0.0989 0.1089 0.1043 0.0839 0.1391 0.0819 0.0678 0.0663 0.1202 0.0692 0.0152 0.0266 0.0174 0.0176 0.0127 0.0088 0.0098 0.0019 0.0059 0.0058 0.0059 0.0032
0.009 0.0062 0.0253 0.0489 0.1197 0.1589 0.1392 0.0987 0.0955 0.1895 0.1896 0.2547 0.4073 0.2988 0.2901 0.5326 0.4022 0.1571 0.3024 0.3907 0.3542 0.4438 0.6414 0.4601 0.6009 0.869 0.8345 0.7669 0.5081 0.462 0.538 0.5375 0.3844 0.3601 0.7402 0.7761 0.3858 0.0667 0.3684 0.6114 0.351 0.2312 0.2195 0.3051 0.1937 0.157 0.0479 0.0538 0.0146 0.0068 0.0187 0.0059 0.0095 0.0194 0.008 0.0152 0.0158 0.0053 0.0189 0.0102
0.0298 0.0615 0.065 0.0921 0.1615 0.2294 0.2176 0.2033 0.1459 0.0852 0.2476 0.3645 0.2777 0.2826 0.3237 0.4335 0.5638 0.4555 0.4348 0.6433 0.3932 0.1989 0.354 0.9165 0.9371 0.462 0.2771 0.6613 0.8028 0.42 0.5192 0.6962 0.5792 0.8889 0.7863 0.7133 0.7615 0.4401 0.3009 0.3163 0.2809 0.2898 0.0526 0.1867 0.1553 0.1633 0.1252 0.0748 0.0452 0.0064 0.0154 0.0031 0.0153 0.0071 0.0212 0.0076 0.0152 0.0049 0.02 0.0073
0.0352 0.0116 0.0191 0.0469 0.0737 0.1185 0.1683 0.1541 0.1466 0.2912 0.2328 0.2237 0.247 0.156 0.3491 0.3308 0.2299 0.2203 0.2493 0.4128 0.3158 0.6191 0.5854 0.3395 0.2561 0.5599 0.8145 0.6941 0.6985 0.866 0.593 0.3664 0.675 0.8697 0.7837 0.7552 0.5789 0.4713 0.1252 0.6087 0.7322 0.5977 0.3431 0.1803 0.2378 0.3424 0.2303 0.0689 0.0216 0.0469 0.0426 0.0346 0.0158 0.0154 0.0109 0.0048 0.0095 0.0015 0.0073 0.0067
0.0192 0.0607 0.0378 0.0774 0.1388 0.0809 0.0568 0.0219 0.1037 0.1186 0.1237 0.1601 0.352 0.4479 0.3769 0.5761 0.6426 0.679 0.7157 0.5466 0.5399 0.6362 0.7849 0.7756 0.578 0.4862 0.4181 0.2457 0.0716 0.0613 0.1816 0.4493 0.5976 0.3785 0.2495 0.5771 0.8852 0.8409 0.357 0.3133 0.6096 0.6378 0.2709 0.1419 0.126 0.1288 0.079 0.0829 0.052 0.0216 0.036 0.0331 0.0131 0.012 0.0108 0.0024 0.0045 0.0037 0.0112 0.0075
0.0126 0.0149 0.0641 0.1732 0.2565 0.2559 0.2947 0.411 0.4983 0.592 0.5832 0.5419 0.5472 0.5314 0.4981 0.6985 0.8292 0.7839 0.8215 0.9363 1 0.9224 0.7839 0.547 0.4562 0.5922 0.5448 0.3971 0.0882 0.2385 0.2005 0.0587 0.2544 0.2009 0.0329 0.1547 0.1212 0.2446 0.3171 0.3195 0.3051 0.0836 0.1266 0.1381 0.1136 0.0516 0.0073 0.0278 0.0372 0.0121 0.0153 0.0092 0.0035 0.0098 0.0121 6e-04 0.0181 0.0094 0.0116 0.0063
0.0473 0.0509 0.0819 0.1252 0.1783 0.307 0.3008 0.2362 0.383 0.3759 0.3021 0.2909 0.2301 0.1411 0.1582 0.243 0.4474 0.5964 0.6744 0.7969 0.8319 0.7813 0.8626 0.7369 0.4122 0.2596 0.3392 0.3788 0.4488 0.6281 0.7449 0.7328 0.7704 0.787 0.6048 0.586 0.6385 0.7279 0.6286 0.5316 0.4069 0.1791 0.1625 0.2527 0.1903 0.1643 0.0604 0.0209 0.0436 0.0175 0.0107 0.0193 0.0118 0.0064 0.0042 0.0054 0.0049 0.0082 0.0028 0.0027
0.0664 0.0575 0.0842 0.0372 0.0458 0.0771 0.0771 0.113 0.2353 0.1838 0.2869 0.4129 0.3647 0.1984 0.284 0.4039 0.5837 0.6792 0.6086 0.4858 0.3246 0.2013 0.2082 0.1686 0.2484 0.2736 0.2984 0.4655 0.699 0.7474 0.7956 0.7981 0.6715 0.6942 0.744 0.8169 0.8912 1 0.8753 0.7061 0.6803 0.5898 0.4618 0.3639 0.1492 0.1216 0.1306 0.1198 0.0578 0.0235 0.0135 0.0141 0.019 0.0043 0.0036 0.0026 0.0024 0.0162 0.0109 0.0079
0.0099 0.0484 0.0299 0.0297 0.0652 0.1077 0.2363 0.2385 0.0075 0.1882 0.1456 0.1892 0.3176 0.134 0.2169 0.2458 0.2589 0.2786 0.2298 0.0656 0.1441 0.1179 0.1668 0.1783 0.2476 0.257 0.1036 0.5356 0.7124 0.6291 0.4756 0.6015 0.7208 0.6234 0.5725 0.7523 0.8712 0.9252 0.9709 0.9297 0.8995 0.7911 0.56 0.2838 0.4407 0.5507 0.4331 0.2905 0.1981 0.0779 0.0396 0.0173 0.0149 0.0115 0.0202 0.0139 0.0029 0.016 0.0106 0.0134
0.0151 0.032 0.0599 0.105 0.1163 0.1734 0.1679 0.1119 0.0889 0.1205 0.0847 0.1518 0.2305 0.2793 0.3404 0.4527 0.695 0.8807 0.9154 0.7542 0.6736 0.7146 0.8335 0.7701 0.6993 0.6543 0.504 0.4926 0.4992 0.4161 0.1631 0.0404 0.0637 0.2962 0.3609 0.1866 0.0476 0.1497 0.2405 0.198 0.3175 0.2379 0.1716 0.1559 0.1556 0.0422 0.0493 0.0476 0.0219 0.0059 0.0086 0.0061 0.0015 0.0084 0.0128 0.0054 0.0011 0.0019 0.0023 0.0062
0.0177 0.03 0.0288 0.0394 0.063 0.0526 0.0688 0.0633 0.0624 0.0613 0.168 0.3476 0.4561 0.5188 0.6308 0.7201 0.5153 0.3818 0.2644 0.3345 0.4865 0.6628 0.7389 0.9213 1 0.775 0.5593 0.6172 0.8635 0.6592 0.477 0.4983 0.333 0.3076 0.2876 0.2226 0.0794 0.0603 0.1049 0.0606 0.153 0.0983 0.1643 0.1901 0.1107 0.1917 0.1467 0.0392 0.0356 0.027 0.0168 0.0102 0.0122 0.0044 0.0075 0.0124 0.0099 0.0057 0.0032 0.0019
0.01 0.0275 0.019 0.0371 0.0416 0.0201 0.0314 0.0651 0.1896 0.2668 0.3376 0.3282 0.2432 0.1268 0.1278 0.4441 0.6795 0.7051 0.7966 0.9401 0.9857 0.8193 0.5789 0.6394 0.7043 0.6875 0.4081 0.1811 0.2064 0.3917 0.3791 0.2042 0.2227 0.3341 0.3984 0.5077 0.5534 0.3352 0.2723 0.2278 0.2044 0.1986 0.0835 0.0908 0.138 0.1948 0.1211 0.0843 0.0589 0.0247 0.0118 0.0088 0.0104 0.0036 0.0088 0.0047 0.0117 0.002 0.0091 0.0058
0.0189 0.0308 0.0197 0.0622 0.008 0.0789 0.144 0.1451 0.1789 0.2522 0.2607 0.371 0.3906 0.2672 0.2716 0.4183 0.6988 0.5733 0.2226 0.2631 0.7473 0.7263 0.3393 0.2824 0.6053 0.5897 0.4967 0.8616 0.8339 0.4084 0.2268 0.1745 0.0507 0.1588 0.304 0.1369 0.1605 0.2061 0.0734 0.0202 0.1638 0.1583 0.183 0.1886 0.1008 0.0663 0.0183 0.0404 0.0108 0.0143 0.0091 0.0038 0.0096 0.0142 0.019 0.014 0.0099 0.0092 0.0052 0.0075
0.024 0.0218 0.0324 0.0569 0.033 0.0513 0.0897 0.0713 0.0569 0.0389 0.1934 0.2434 0.2906 0.2606 0.3811 0.4997 0.3015 0.3655 0.6791 0.7307 0.5053 0.4441 0.6987 0.8133 0.7781 0.8943 0.8929 0.8913 0.861 0.8063 0.554 0.2446 0.3459 0.1615 0.2467 0.5564 0.4681 0.0979 0.1582 0.0751 0.3321 0.3745 0.2666 0.1078 0.1418 0.1687 0.0738 0.0634 0.0144 0.0226 0.0061 0.0162 0.0146 0.0093 0.0112 0.0094 0.0054 0.0019 0.0066 0.0023
0.0195 0.0213 0.0058 0.019 0.0319 0.0571 0.1004 0.0668 0.0691 0.0242 0.0728 0.0639 0.3002 0.3854 0.4767 0.4602 0.3175 0.416 0.6428 1 0.8631 0.5212 0.3156 0.5952 0.7732 0.6042 0.4375 0.5487 0.472 0.6235 0.3851 0.159 0.3891 0.5294 0.3504 0.448 0.4041 0.5031 0.6475 0.5493 0.3548 0.2028 0.1882 0.0845 0.1315 0.159 0.0562 0.0617 0.0343 0.037 0.0261 0.0157 0.0074 0.0271 0.0203 0.0089 0.0095 0.0095 0.0021 0.0053
0.0442 0.0477 0.0049 0.0581 0.0278 0.0678 0.1664 0.149 0.0974 0.1268 0.1109 0.2375 0.2007 0.214 0.1109 0.2036 0.2468 0.6682 0.8345 0.8252 0.8017 0.8982 0.9664 0.8515 0.6626 0.3241 0.2054 0.5669 0.5726 0.4877 0.7532 0.76 0.5185 0.412 0.556 0.5569 0.1336 0.3831 0.4611 0.433 0.2556 0.1466 0.3489 0.2659 0.0944 0.137 0.1344 0.0416 0.0719 0.0637 0.021 0.0204 0.0216 0.0135 0.0055 0.0073 0.008 0.0105 0.0059 0.0105
0.0311 0.0491 0.0692 0.0831 0.0079 0.02 0.0981 0.1016 0.2025 0.0767 0.1767 0.2555 0.2812 0.2722 0.3227 0.3463 0.5395 0.7911 0.9064 0.8701 0.7672 0.2957 0.4148 0.6043 0.3178 0.3482 0.6158 0.8049 0.6289 0.4999 0.583 0.666 0.4124 0.126 0.2487 0.4676 0.5382 0.315 0.2139 0.1848 0.1679 0.2328 0.1015 0.0713 0.0615 0.0779 0.0761 0.0845 0.0592 0.0068 0.0089 0.0087 0.0032 0.013 0.0188 0.0101 0.0229 0.0182 0.0046 0.0038
0.0206 0.0132 0.0533 0.0569 0.0647 0.1432 0.1344 0.2041 0.1571 0.1573 0.2327 0.1785 0.1507 0.1916 0.2061 0.2307 0.236 0.1299 0.3812 0.5858 0.4497 0.4876 1 0.8675 0.4718 0.5341 0.6197 0.7143 0.5605 0.3728 0.2481 0.1921 0.1386 0.3325 0.2883 0.3228 0.2607 0.204 0.2396 0.1319 0.0683 0.0334 0.0716 0.0976 0.0787 0.0522 0.05 0.0231 0.0221 0.0144 0.0307 0.0386 0.0147 0.0018 0.01 0.0096 0.0077 0.018 0.0109 0.007
0.0257 0.0447 0.0388 0.0239 0.1315 0.1323 0.1608 0.2145 0.0847 0.0561 0.0891 0.0861 0.1531 0.1524 0.1849 0.2871 0.2009 0.2748 0.5017 0.2172 0.4978 0.5265 0.3647 0.5768 0.5161 0.5715 0.4006 0.365 0.6685 0.8659 0.8052 0.4082 0.3379 0.5092 0.6776 0.7313 0.6062 0.704 0.8849 0.8979 0.7751 0.7247 0.7733 0.7762 0.6009 0.4514 0.3096 0.1859 0.0956 0.0206 0.0206 0.0096 0.0153 0.0096 0.0131 0.0198 0.0025 0.0199 0.0255 0.018
0.0408 0.0653 0.0397 0.0604 0.0496 0.1817 0.1178 0.1024 0.0583 0.2176 0.2459 0.3332 0.3087 0.2613 0.3232 0.3731 0.4203 0.5364 0.7062 0.8196 0.8835 0.8299 0.7609 0.7605 0.8367 0.8905 0.7652 0.5897 0.3037 0.0823 0.2787 0.7241 0.8032 0.805 0.7676 0.7468 0.6253 0.173 0.2916 0.5003 0.522 0.4824 0.4004 0.3877 0.1651 0.0442 0.0663 0.0418 0.0475 0.0235 0.0066 0.0062 0.0129 0.0184 0.0069 0.0198 0.0199 0.0102 0.007 0.0055
0.0308 0.0339 0.0202 0.0889 0.157 0.175 0.092 0.1353 0.1593 0.2795 0.3336 0.294 0.1608 0.3335 0.4985 0.7295 0.735 0.8253 0.8793 0.9657 1 0.8707 0.6471 0.5973 0.8218 0.7755 0.6111 0.4195 0.299 0.1354 0.2438 0.5624 0.5555 0.6963 0.7298 0.7022 0.5468 0.1421 0.4738 0.641 0.4375 0.3178 0.2377 0.2808 0.1374 0.1136 0.1034 0.0688 0.0422 0.0117 0.007 0.0167 0.0127 0.0138 0.009 0.0051 0.0029 0.0122 0.0056 0.002
0.0373 0.0281 0.0232 0.0225 0.0179 0.0733 0.0841 0.1031 0.0993 0.0802 0.1564 0.2565 0.2624 0.1179 0.0597 0.1563 0.2241 0.3586 0.1792 0.3256 0.6079 0.6988 0.8391 0.8553 0.771 0.6215 0.5736 0.4402 0.4056 0.4411 0.513 0.5965 0.7272 0.6539 0.5902 0.5393 0.4897 0.4081 0.4145 0.6003 0.7196 0.6633 0.6287 0.4087 0.3212 0.2518 0.1482 0.0988 0.0317 0.0269 0.0066 8e-04 0.0045 0.0024 6e-04 0.0073 0.0096 0.0054 0.0085 0.006
0.0353 0.0713 0.0326 0.0272 0.037 0.0792 0.1083 0.0687 0.0298 0.088 0.1078 0.0979 0.225 0.2819 0.2099 0.124 0.1699 0.0939 0.1091 0.141 0.1268 0.3151 0.143 0.2264 0.5756 0.7876 0.7158 0.5998 0.5583 0.6295 0.7659 0.894 0.8436 0.6807 0.838 1 0.9497 0.7866 0.5647 0.348 0.2585 0.2304 0.2948 0.3363 0.3017 0.2193 0.1316 0.1078 0.0559 0.0035 0.0098 0.0163 0.0242 0.0043 0.0202 0.0108 0.0037 0.0096 0.0093 0.0053
0.0152 0.0102 0.0113 0.0263 0.0097 0.0391 0.0857 0.0915 0.0949 0.1504 0.1911 0.2115 0.2249 0.2573 0.1701 0.2023 0.2538 0.3417 0.4026 0.4553 0.5525 0.5991 0.5854 0.7114 0.95 0.9858 1 0.9578 0.8642 0.7128 0.5893 0.4323 0.2897 0.1744 0.077 0.2297 0.2459 0.3101 0.3312 0.222 0.0871 0.2064 0.1808 0.1624 0.112 0.0815 0.1117 0.095 0.0412 0.012 0.0048 0.0049 0.0041 0.0036 0.0013 0.0046 0.0037 0.0011 0.0034 0.0033
0.0229 0.0369 0.004 0.0375 0.0455 0.1452 0.2211 0.1188 0.075 0.1631 0.2709 0.3358 0.4091 0.44 0.5485 0.7213 0.8137 0.9185 1 0.9418 0.9116 0.9349 0.7484 0.5146 0.4106 0.3443 0.6981 0.8713 0.9013 0.8014 0.438 0.1319 0.1709 0.2484 0.3044 0.2312 0.1338 0.2056 0.2474 0.279 0.161 0.0056 0.0351 0.1148 0.1331 0.0276 0.0763 0.0631 0.0309 0.024 0.0115 0.0064 0.0022 0.0122 0.0151 0.0056 0.0026 0.0029 0.0104 0.0163
0.0365 0.1632 0.1636 0.1421 0.113 0.1306 0.2112 0.2268 0.2992 0.3735 0.3042 0.0387 0.2679 0.5397 0.6204 0.7257 0.835 0.6888 0.445 0.3921 0.5605 0.7545 0.8311 1 0.8762 0.7092 0.7009 0.5014 0.3942 0.4456 0.4072 0.0773 0.1423 0.0401 0.3597 0.6847 0.7076 0.3597 0.0612 0.3027 0.3966 0.3868 0.238 0.2059 0.2288 0.1704 0.1587 0.1792 0.1022 0.0151 0.0223 0.011 0.0071 0.0205 0.0164 0.0063 0.0078 0.0094 0.011 0.0068
0.0274 0.0242 0.0621 0.056 0.1129 0.0973 0.1823 0.1745 0.144 0.1808 0.2366 0.0906 0.1749 0.4012 0.5187 0.7312 0.9062 0.926 0.7434 0.4463 0.5103 0.6952 0.7755 0.8364 0.7283 0.6399 0.5759 0.4146 0.3495 0.4437 0.2665 0.2024 0.1942 0.0765 0.3725 0.5843 0.4827 0.2347 0.0999 0.3244 0.399 0.2975 0.1684 0.1761 0.1683 0.0729 0.119 0.1297 0.0748 0.0067 0.0255 0.0113 0.0108 0.0085 0.0047 0.0074 0.0104 0.0161 0.022 0.0173
0.0126 0.0519 0.0621 0.0518 0.1072 0.2587 0.2304 0.2067 0.3416 0.4284 0.3015 0.1207 0.3299 0.5707 0.6962 0.9751 1 0.9293 0.621 0.4586 0.5001 0.5032 0.7082 0.842 0.8109 0.769 0.8105 0.6203 0.2356 0.2595 0.6299 0.6762 0.2903 0.4393 0.8529 0.718 0.4801 0.5856 0.4993 0.2866 0.0601 0.1167 0.2737 0.2812 0.2078 0.066 0.0491 0.0345 0.0172 0.0287 0.0027 0.0208 0.0048 0.0199 0.0126 0.0022 0.0037 0.0034 0.0114 0.0077
0.0253 0.0808 0.0507 0.0244 0.1724 0.3823 0.3729 0.3583 0.3429 0.2197 0.2653 0.3223 0.5582 0.6916 0.7943 0.7152 0.3512 0.2008 0.2676 0.4299 0.528 0.3489 0.143 0.5453 0.6338 0.7712 0.6838 0.8015 0.8073 0.831 0.7792 0.5049 0.1413 0.2767 0.5084 0.4787 0.1356 0.2299 0.2789 0.3833 0.2933 0.1155 0.1705 0.1294 0.0909 0.08 0.0567 0.0198 0.0114 0.0151 0.0085 0.0178 0.0073 0.0079 0.0038 0.0116 0.0033 0.0039 0.0081 0.0053
0.026 0.0192 0.0254 0.0061 0.0352 0.0701 0.1263 0.108 0.1523 0.163 0.103 0.2187 0.1542 0.263 0.294 0.2978 0.0699 0.1401 0.299 0.3915 0.3598 0.2403 0.4208 0.5675 0.6094 0.6323 0.6549 0.7673 1 0.8463 0.5509 0.4444 0.5169 0.4268 0.1802 0.0791 0.0535 0.1906 0.2561 0.2153 0.2769 0.2841 0.1733 0.0815 0.0335 0.0933 0.1018 0.0309 0.0208 0.0318 0.0132 0.0118 0.012 0.0051 0.007 0.0015 0.0035 8e-04 0.0044 0.0077
0.0459 0.0437 0.0347 0.0456 0.0067 0.089 0.1798 0.1741 0.1598 0.1408 0.2693 0.3259 0.4545 0.5785 0.4471 0.2231 0.2164 0.3201 0.2915 0.4235 0.446 0.238 0.6415 0.8966 0.8918 0.7529 0.6838 0.839 1 0.8362 0.5427 0.4577 0.8067 0.6973 0.3915 0.1558 0.1598 0.2161 0.5178 0.4782 0.2344 0.3599 0.2785 0.1807 0.0352 0.0473 0.0322 0.0408 0.0163 0.0088 0.0121 0.0067 0.0032 0.0109 0.0164 0.0151 0.007 0.0085 0.0117 0.0056
0.0025 0.0309 0.0171 0.0228 0.0434 0.1224 0.1947 0.1661 0.1368 0.143 0.0994 0.225 0.2444 0.3239 0.3039 0.241 0.0367 0.1672 0.3038 0.4069 0.3613 0.1994 0.4611 0.6849 0.7272 0.7152 0.7102 0.8516 1 0.769 0.4841 0.3717 0.6096 0.511 0.2586 0.0916 0.0947 0.2287 0.348 0.2095 0.1901 0.2941 0.2211 0.1524 0.0746 0.0606 0.0692 0.0446 0.0344 0.0082 0.0108 0.0149 0.0077 0.0036 0.0114 0.0085 0.0101 0.0016 0.0028 0.0014
0.0291 0.04 0.0771 0.0809 0.0521 0.1051 0.0145 0.0674 0.1294 0.1146 0.0942 0.0794 0.0252 0.1191 0.1045 0.205 0.1556 0.269 0.3784 0.4024 0.347 0.1395 0.1208 0.2827 0.15 0.2626 0.4468 0.752 0.9036 0.7812 0.4766 0.2483 0.5372 0.6279 0.3647 0.4572 0.6359 0.6474 0.552 0.3253 0.2292 0.0653 0 0 0 0 0 0 0 0 0 0.0056 0.0237 0.0204 0.005 0.0137 0.0164 0.0081 0.0139 0.0111
