29.268978	-46.987537
29.235474	-47.002132
71.6423	-0.44688794
70.90163	0.49080902
70.797455	-0.10033381
58.125507	-15.676266
58.246895	-15.814225
-0.9652167	-25.970638
-1.9742483	-26.189264
-0.56013954	-22.317904
-6.566761	-19.590942
-5.2548413	-19.837944
-2.3473809	62.994083
-2.3214345	62.894104
-2.224677	62.75642
-20.625969	-3.0762331
-18.78864	-5.2218537
12.023142	18.690948
60.96227	-19.271782
10.458201	46.274403
9.4164915	46.999756
12.343745	47.81251
46.720894	-9.512738
51.25763	-7.2825828
51.04913	-6.5131536
50.725616	-7.694311
45.310722	-10.656254
53.026466	-7.3629856
45.077442	-10.8424635
-16.338554	-63.102543
-16.33869	-63.10386
3.6653101	-73.06398
3.919812	-73.58356
5.4317703	-73.367836
6.154294	-75.298546
3.5621347	-80.636955
-1.179443	-61.974373
3.5588193	-61.152584
-59.24055	-14.566864
-50.229954	6.249818
-37.71446	5.717773
-48.41102	13.999897
-36.179474	-19.112152
-39.821243	8.692137
-50.379093	13.011756
-68.60123	0.88341016
-67.49179	-2.211753
-55.156403	24.786476
-65.290436	16.281683
-65.710304	14.8371525
-41.528614	-4.6515546
-41.368427	-5.930457
-40.415	-6.2938275
-40.386627	-6.114891
-23.071766	13.964617
-21.958559	12.945127
-22.869095	13.206212
-23.056406	13.963289
-23.780191	13.587105
41.977417	-41.226574
28.766848	-6.3487554
52.48851	-9.830377
54.776157	-11.932166
55.405804	-11.549799
52.45719	-9.76439
55.56912	-11.478055
57.55218	-14.15265
57.647923	-14.24051
-0.21414252	-39.92429
3.4665504	-35.7008
26.167599	6.7362013
26.082521	6.672975
12.561209	47.325066
33.407757	-12.374784
33.347675	-12.384487
37.451794	-6.6997213
32.396423	-13.642322
51.56939	-6.4286666
45.61693	-10.4095745
52.12285	-6.9698577
69.654915	-10.436442
-16.138443	-58.91805
-16.146986	-58.94422
-6.393355	-61.143913
-16.061361	-59.734493
1.2056437	-71.12459
1.2007179	-71.57911
1.2023242	-71.57935
3.4089174	-63.49969
-1.5479223	-62.037872
-59.91739	-11.297302
-49.567074	6.503707
-59.566967	-11.169975
-59.451664	-11.538073
-49.486885	7.0213776
-43.565765	4.5615015
-59.415176	-9.034547
-48.256695	11.956295
-53.03337	13.186655
-54.502583	11.5555525
-54.338768	14.02568
-70.30798	0.022859477
-57.55397	-8.856457
-67.96279	0.3920216
-57.47403	-7.6571016
-65.80879	5.9766607
-54.276485	24.62474
7.4114003	1.8253258
-41.918137	-6.3159127
7.6302404	1.6968977
-32.813793	8.503725
-30.152943	7.0197864
42.267296	-43.199036
42.51709	-43.10129
42.59177	-43.125763
40.856476	-44.274788
73.06669	0.0155454315
24.161081	-43.5433
11.650616	-37.156353
7.417942	-27.900444
1.1375046	-13.521163
-7.463994	-19.961422
22.455864	-7.524467
14.091623	18.072824
-8.348746	8.004092
-8.764869	2.9229665
8.438551	44.905838
-5.6124153	37.6786
-6.6148343	32.894726
-14.140943	49.929695
44.500637	25.738861
47.41625	28.375158
54.25909	-4.0079775
47.40355	29.205894
-7.565254	-62.12931
-0.28708422	-81.17933
1.6273081	-80.256226
2.2321587	-79.647575
2.267127	-81.10459
4.969031	-62.42947
3.4388063	-62.28582
3.599239	-59.16125
3.906624	-60.551807
3.2023828	-60.427498
-31.80698	-24.120173
-73.15814	-3.6884847
-73.14758	-3.634079
-37.735226	5.7272406
-39.38391	7.2173543
-48.36721	11.012556
-50.774445	12.122719
-41.206367	6.1979704
-40.142994	6.1520867
-49.993675	15.227845
-51.26055	7.0066357
-52.130787	7.0750794
-52.35759	6.3251443
-53.974533	11.711452
-71.79285	1.1122512
-46.255722	3.137422
-46.25033	3.14134
-54.77787	7.837304
-58.077267	-7.3231454
-54.95388	18.147131
-54.195213	6.9545355
-54.9783	20.057522
-55.52912	19.041937
-65.018845	24.404812
-64.49596	23.283903
-35.070107	25.148487
-38.119736	18.309212
-38.480114	17.312489
-38.492107	17.28379
-32.729362	9.837152
41.616768	-42.09569
29.336643	-46.807983
70.61824	4.57749
71.17864	5.2075014
71.14998	4.6346917
68.79207	2.2358818
69.72105	-0.30937847
10.86119	-37.899597
10.304311	-36.731792
10.626961	-36.44511
-1.0386556	-26.222107
-3.8836703	-19.029842
-3.9763622	-18.687878
3.9067292	-14.332211
4.647984	-15.078337
3.397816	-16.059978
4.1083302	-14.817382
18.765097	2.9177194
18.755154	2.931884
-27.372465	-25.247776
12.962207	18.51264
-27.82544	-25.043945
9.396401	15.727036
1.3662083	40.086346
8.431986	45.077557
1.7789148	38.79015
1.632622	39.3551
1.814318	37.906654
-1.152427	39.125107
45.240337	25.715275
44.09838	25.07566
60.734146	2.025137
-8.9099045	-63.535095
-8.928112	-62.31946
-8.42519	-61.534763
-8.117854	-63.00926
-7.455692	-61.22446
-0.33303958	-80.24992
-5.5447474	-61.82512
0.7365344	-80.74614
1.3117942	-79.45647
-3.8721697	-62.65017
3.1144285	-78.54846
2.0095477	-77.39929
8.179042	-72.79453
5.1181793	-60.855206
4.581871	-61.440704
-72.90647	-3.0904272
-49.240135	8.084161
-39.291737	8.960736
-36.12925	-19.193672
-41.144585	9.094966
-48.117535	10.879982
-43.466175	6.1963196
-46.913933	2.8090217
-54.56863	7.9731393
-70.517914	-0.09541005
-68.74776	0.42718947
-67.53498	-2.1672606
-74.88238	2.4169393
-74.90885	2.4146364
-55.06448	26.183094
-55.821617	24.060692
-56.60552	18.756784
-57.9872	19.050482
-41.80978	-4.533796
-42.090412	-4.69763
-30.235565	7.484136
-31.291847	7.39613
28.279911	-46.524506
8.998941	-58.89143
71.62532	0.22578241
73.053085	0.16951026
10.80704	-28.951178
-19.859598	-27.26581
10.321705	-37.790123
-6.741324	-15.837484
-3.8060548	-18.260056
1.9555349	-16.619482
1.3285565	-13.808332
22.257856	52.940517
14.159978	18.04227
-27.023035	-21.445335
-27.028429	-21.464384
-28.39134	-24.678194
-8.367449	4.6913276
-9.1765175	2.4910963
-7.032708	-11.201102
-14.488293	49.493946
34.058434	26.6703
44.78959	23.983276
45.60147	23.990044
53.371258	-1.3662086
35.06529	26.920542
35.19286	26.973503
47.684273	27.529821
-7.380715	-63.27066
1.0532519	-78.2216
2.9444656	-78.145424
5.587143	-75.6174
5.2769384	-75.29909
5.229491	-74.34
6.6987643	-74.18641
2.8476737	-61.063843
-58.89254	-13.624906
-43.52429	4.604586
-39.449234	6.454701
-40.12345	9.390837
-51.775864	13.914077
-52.849403	14.522476
-69.536064	1.9265344
-71.26834	1.3844562
-54.434193	-10.225802
-55.128933	24.373014
-65.67658	14.994793
-30.090996	7.820398
-24.878546	10.884836
39.995777	-44.298187
39.419044	-45.017483
7.503446	-59.71538
72.683525	2.720848
22.788673	-40.95743
1.8584198	-33.277927
-1.3455061	-25.683731
-0.49105266	-23.612324
4.819085	-15.2651415
1.6356388	-14.481666
13.520599	51.33155
13.607816	51.721104
21.235657	-5.252171
20.749416	-0.37191305
20.417356	-1.0833865
20.791903	-1.0036366
20.203077	-0.41280052
-29.025698	-24.230095
8.561238	16.283602
8.627486	16.291914
5.379782	14.678149
-5.28399	9.527921
8.253442	46.279446
45.65362	25.031887
44.859848	24.89728
47.31419	26.4573
53.35799	-1.3349293
55.077213	-4.4941816
54.390957	-4.116368
60.18854	1.8670467
-8.090412	-64.190475
-7.173846	-64.28048
-5.8427434	-64.233086
-6.5956373	-63.22977
-5.084668	-63.373196
-6.495615	-62.362923
0.12352678	-79.283875
0.6456945	-79.785126
7.307764	-74.622536
8.339964	-72.6798
-33.763893	-22.27066
-50.480484	7.0992007
-50.4148	14.015316
-40.211037	7.000662
-49.89062	13.6645565
-41.5452	7.0391994
-41.271297	8.607229
-51.27573	13.223826
-54.78209	9.639853
-63.95221	22.269388
-56.30149	-5.2172456
-52.889004	-1.1611713
-36.30289	22.056221
-37.28268	20.595444
-33.936123	10.828968
