12.416547	53.352024
12.620415	51.27241
49.148846	46.359516
15.017232	31.273018
41.776615	-28.750881
33.407776	-36.493153
-0.3129765	-30.626099
33.344025	-26.361008
41.510017	-30.242332
22.51288	22.47772
18.674337	53.832294
14.326349	-32.43084
8.933155	7.115814
-22.34655	13.190892
-10.217071	-0.43249038
-10.411036	63.576546
5.7858157	-5.7206025
-17.388184	-16.033365
-29.747177	-11.068098
-17.69424	-26.206297
-31.098715	-13.929423
32.718113	-39.434746
-17.208319	13.023061
42.078773	-30.31026
26.092342	33.075542
17.587252	0.17924418
-22.920477	13.738786
-17.350195	-17.37917
-0.31044313	-28.716824
-17.298223	-18.118324
-10.071234	43.50432
-17.364805	31.32724
13.189751	-33.056442
-0.52316916	4.8473835
-19.816078	34.36346
-11.4247675	40.279984
-26.555054	-21.522696
0.9811325	4.341177
32.84552	-29.134754
-9.510357	-3.518122
0.43381795	-27.87333
-6.4790754	18.624002
4.555686	-3.9843142
20.965876	4.899141
-19.673834	-39.306335
-32.373592	-14.02991
-1.416549	55.194992
-31.920006	-14.61181
-0.3164149	31.957668
41.26699	27.284906
40.52796	29.359303
-5.2419877	9.790872
9.891367	-23.121944
19.15227	54.311455
-32.624992	-9.750176
6.614416	6.145067
-17.550215	-14.980133
-30.202015	-5.031112
-9.986288	63.64122
-29.736723	-4.5298667
-3.7136254	64.02274
-26.561054	34.807056
-13.392272	-23.92337
1.6317543	5.4555306
34.070885	-13.937652
-27.041237	-5.1159225
-28.106691	-12.294039
-27.224575	-12.829332
-15.553655	10.142855
-34.058235	-5.1290226
-9.502149	-7.49958
-32.160717	-5.580747
-2.8043838	64.331985
-15.99109	-24.567116
8.034029	26.17898
14.536086	17.685791
38.794495	36.330353
-36.266205	-4.6156664
20.021564	54.879795
33.526703	-28.239794
-33.221424	-7.969797
-33.09475	-9.107684
10.963223	-19.718592
10.461176	36.78618
12.179836	20.549438
35.625225	-39.554787
11.0071125	37.41163
-16.161907	-13.959607
-12.441398	44.00258
8.920597	23.955141
7.356772	5.8244915
-21.488039	-23.294708
33.34323	-33.68552
-9.804241	-8.524587
-10.406715	44.70464
18.516436	-8.882069
33.429718	-29.991262
19.338171	3.469561
-0.7836363	63.878548
-18.208042	-18.25033
-9.744995	-5.082569
-15.6998825	-15.584099
-14.548455	49.733444
-16.907814	45.166054
-2.804896	56.270798
-26.838276	-4.1572113
4.1867046	62.81692
-36.288666	-6.2028055
-21.059917	-40.43935
13.801804	-16.305141
17.353275	54.776516
35.41436	-42.530293
-14.713544	-23.039545
29.194998	12.420424
11.73165	55.611176
-32.003796	-11.736941
-17.759666	-4.5061216
9.8671255	37.381718
-2.4653337	33.532402
-12.858453	-24.443348
-8.349707	45.853943
3.980895	-3.303244
12.120108	11.632819
-18.062208	-25.530434
-17.029367	14.146615
-47.62098	-58.024006
-27.731133	-10.262723
18.236568	-7.1638384
22.039295	12.656933
16.00844	60.769062
11.497874	-20.830866
30.305172	-24.197746
-16.558287	10.772621
5.531203	-4.863942
25.501415	-24.089396
1.4980117	-29.169308
-2.2569096	56.891685
-48.37291	-58.384556
-11.416266	-9.24029
-16.837223	-3.6245418
-16.492498	-4.1264386
-17.270313	-39.45118
-0.824894	55.859295
6.1208396	-26.59261
-21.769537	-39.17352
0.30835348	21.375738
-31.091398	-4.635644
-0.28401384	-15.345345
-19.133928	-24.124016
-14.12025	-4.9649067
32.93266	-14.0131
-1.7444189	-12.893386
-31.913992	-6.713664
-60.431618	-48.407917
-24.961512	-42.15586
11.5053	22.763632
12.453719	56.54273
-18.998625	-12.511853
-12.243997	-9.155615
9.896407	-2.157143
17.425797	9.147291
1.0862844	56.148624
-22.674004	-40.17009
-21.84407	-39.70477
-33.28963	-0.58578616
9.170672	33.47826
-33.290848	-0.34827834
-21.697035	43.61525
-37.304817	-10.515589
-27.43866	-11.321876
-12.819619	-12.10613
17.01694	52.57573
1.9958695	55.429443
11.179005	21.661383
-43.85852	-50.199966
-54.999676	-55.257442
-23.588717	-37.914135
-11.472785	-12.616945
-36.01126	-7.282504
-36.010624	-2.8958876
11.161025	-25.14585
-57.021202	-59.66963
34.42662	40.56583
24.368757	6.292603
-24.815971	-7.325566
13.486194	20.669817
11.407438	-22.800917
-0.83695495	-31.587673
-30.70607	-63.43688
-15.447792	-4.555947
-20.231298	-23.61589
8.33016	32.5231
10.196421	38.030285
24.353176	22.597742
-29.720922	-12.16706
-23.889778	-22.371883
6.171113	-2.0296626
-22.993244	-22.360952
-8.888438	-17.650305
0.31001985	21.371649
-30.238464	-45.601307
-34.64016	-10.05981
-10.931775	-14.121214
-24.008799	-22.946991
-33.10003	-17.650837
-56.734467	-58.823235
-0.7321992	-14.482225
-30.499704	-13.121555
19.676453	-31.227243
-32.402863	-66.35524
22.661535	-45.70089
23.471298	-46.12641
29.6971	-36.71612
-29.515472	-47.44708
-10.287143	-7.6868396
0.5928838	-14.275442
19.52817	5.987093
-34.4194	-56.698193
-38.21884	-55.57424
-30.718887	-47.3837
-15.394433	-3.7300289
-28.006754	-58.957138
-28.537025	-48.44476
-15.229738	28.569956
23.326534	-38.231045
-32.19051	-59.244568
-30.825191	-58.33867
-37.922836	-59.01392
-13.801045	24.309286
-9.910849	0.6358705
-8.38209	13.750461
-25.977396	-58.339397
9.904203	-0.34485695
-26.514854	-59.28688
-9.258232	-42.92855
23.491703	-28.747698
-14.641701	-50.335777
-33.227917	-59.531464
-5.344076	3.1685886
23.883385	11.65379
1.9311662	32.279587
-16.504234	-52.28922
-10.08865	-45.50168
-7.3235435	14.593052
24.754223	-20.621946
-10.091431	-41.565155
-12.113076	-41.54656
8.334763	10.865007
21.320799	13.700722
19.61274	7.8383546
21.363955	-18.31825
13.092152	28.754992
-17.4326	1.1559801
33.356007	-39.614117
30.828218	-42.69299
19.717207	13.508257
20.438072	-17.579723
31.895977	-23.954172
2.022655	60.120037
32.09354	-33.621716
20.164463	-34.912205
17.705257	-3.4991705
-15.053993	24.333572
26.27118	-20.122663
20.082819	-16.01822
10.513252	-31.275873
15.191309	61.361282
24.344374	7.607359
20.595976	22.493122
28.702793	-25.61758
4.7354555	4.622694
-23.919867	42.18147
-1.5205913	35.851284
-21.846546	34.52002
-14.149832	25.509203
19.109491	8.620505
23.608307	-36.70075
20.789259	-35.85283
-17.599081	-43.60203
22.926794	9.992339
11.720658	-34.358425
6.7296786	18.273218
-21.848564	42.617153
0.70174795	30.396431
-24.320772	40.67418
0.5860477	44.247715
-19.713263	42.101494
-12.891798	43.65266
-3.1019092	14.254701
-26.639542	33.716644
-17.896698	43.374462
3.552483	3.8541842
24.744776	-23.834997
-20.125576	21.03077
22.832024	12.276662
-19.717857	21.134432
12.192313	-15.520857
-23.559288	41.141964
-16.049307	42.792004
-7.08281	63.275974
1.6635059	65.528786
-13.936519	29.67395
10.518685	7.314471
20.287432	7.056192
-18.716942	36.64075
-17.525501	34.51644
12.202633	7.4183664
7.8947005	49.350742
15.03671	29.35153
-19.0952	22.986805
19.06729	-7.205342
15.924645	1.6763971
19.869957	9.390265
25.502596	-19.495226
0.8954032	43.408867
24.503742	-36.1017
4.6182375	3.0334134
10.852141	51.41499
17.291248	13.162622
27.646137	-27.165129
-19.799646	35.37263
-9.413003	13.624325
-9.091494	10.809607
22.676348	7.475966
14.290213	27.348059
-5.862269	12.92091
7.3583713	11.686887
12.691059	0.36542013
15.284782	-14.18879
17.62631	-1.0470761
21.862175	-34.26842
24.721867	-34.511097
0.084455326	5.6760516
-25.514996	33.872486
24.508339	-19.767036
-14.942261	31.278889
-24.996603	42.93502
21.400032	-34.96791
18.468487	-7.929445
-25.645271	32.326996
-20.666336	37.5393
7.4400783	32.099247
35.569492	-37.608253
28.331575	-27.76718
24.28373	-28.656237
-2.0222626	11.410398
13.790102	-17.347868
27.143057	-21.298363
14.752169	12.3962965
-23.915049	43.54726
-2.632679	11.910609
-6.720068	62.120403
23.362066	-18.682846
13.505232	-14.965318
13.015202	60.062042
0.7694301	58.539185
-5.677108	59.234722
-0.06868853	42.886784
25.02064	8.593837
-1.590951	36.742874
24.992332	28.709755
14.972671	60.87306
20.27369	11.246168
13.004205	-35.23533
-21.437191	14.97279
7.178822	31.64977
32.048428	17.482191
9.307751	9.971686
-14.913834	9.463466
-11.990728	22.780611
-18.319057	12.532222
11.13555	-34.671467
-10.36074	12.143583
13.446797	-13.433337
-16.285864	36.845974
11.065471	-32.651062
-25.904549	33.29194
1.5803035	33.303276
-3.4380238	30.711945
21.370958	7.555821
-7.1264086	6.6397605
-11.745185	41.077427
-20.975552	23.82299
19.828587	12.227687
29.075193	-25.20729
24.807562	-37.769093
13.775495	29.83931
-12.968047	30.613607
23.501131	-35.53268
16.374245	0.61671084
19.811123	-18.879255
14.355247	-21.689579
-20.345139	24.184574
-7.5062957	11.369183
37.19076	46.09226
-3.960244	13.425104
22.218468	-35.54369
34.34274	-28.731148
-6.602888	6.258916
27.905867	11.218869
32.357662	-25.117575
12.619719	21.645403
12.312249	60.70738
-8.956766	45.063572
8.001446	46.676033
-3.0355825	59.11463
-12.668954	-5.651534
-9.11537	18.168331
-7.442202	18.53315
11.418368	52.655922
-29.140837	-9.017223
15.951084	-19.613152
0.43718985	36.08867
-0.6026929	37.44045
0.5577528	31.172499
26.51075	9.706602
21.418491	3.014367
0.82326525	-13.585775
0.9465034	34.16453
6.739025	46.919693
23.537262	21.995914
14.172895	53.078384
-16.209763	13.574828
10.487997	22.524666
-13.006301	47.946487
17.91391	25.626062
-2.809684	57.508163
18.79899	28.461864
18.252335	26.726751
38.054993	37.887077
32.51657	-14.0928135
-7.5116816	-3.590995
14.931498	20.523436
26.066265	32.07859
-6.0796714	65.87256
19.449097	24.428661
-30.366358	-56.671455
10.197156	52.60936
0.96888375	61.60223
38.62733	41.048862
-23.336147	43.949112
9.056113	60.847507
13.334167	23.669668
8.275938	61.463608
-32.060802	-56.266438
8.693355	7.9625697
21.443361	22.801748
-6.9296727	60.92947
-31.043974	-49.293964
-14.636396	11.146654
-9.877796	41.2694
3.0368106	-26.410402
12.469428	13.587186
13.657869	-35.821526
-22.36019	40.493156
-0.307087	40.906635
-3.440509	-10.290046
-9.145449	-5.0640154
-1.9599077	65.96204
-1.7889615	63.73247
9.3935795	51.150208
-14.345236	48.678345
-11.838145	-5.6500163
-16.011412	44.8304
7.875633	25.464085
31.3236	-32.058384
-32.641056	-54.810635
15.656208	28.158295
-6.556764	64.542305
13.633098	10.302843
17.095436	-33.100456
15.92865	27.318882
-9.058207	43.15619
-3.5751712	32.275852
-29.807468	-57.466064
6.4101753	5.1310363
-7.544272	65.052
-12.698806	11.108168
14.95353	-20.081434
32.272453	-30.42107
6.930981	17.99566
-17.208181	-52.894398
36.62509	45.089397
-31.55823	-57.183434
-12.182817	25.58602
24.96177	29.74164
-9.089784	-2.3949695
36.367844	46.466045
23.383766	23.297071
-25.352005	35.00748
31.211935	18.201468
14.889438	-32.913876
-19.770212	37.342873
15.838701	20.903172
10.18525	60.575935
-13.703814	47.686592
30.989664	-42.49653
-17.240952	45.613388
41.84938	27.61253
36.991447	44.44313
40.696285	28.374664
23.058903	29.53607
16.104298	55.28159
16.543516	52.855934
7.23363	-25.15981
31.511166	15.733061
-0.8694444	64.72411
-0.5516789	39.851368
-0.9217333	33.81789
1.9956188	-27.51754
13.205616	-20.656706
-9.068126	40.810104
11.152915	60.99114
-0.22746783	44.11472
12.176005	-22.319983
16.133234	-21.320623
-18.965452	37.886467
-11.899213	26.099356
-38.008068	-57.66515
11.964407	13.421334
10.762494	53.55129
2.681887	45.109882
10.49047	31.11263
27.046087	12.25043
20.502728	3.9947515
27.66914	-35.011345
1.1551503	62.788452
44.692535	46.319347
18.240168	-33.59538
-0.76602715	36.18704
1.7429913	44.24074
11.545442	51.955254
25.944418	-22.2113
16.297728	-32.829773
-4.4495745	62.165295
27.257496	10.528702
-4.512469	60.47198
5.9739146	46.587193
13.894602	19.562635
-1.3914318	65.515884
18.744324	24.02933
-27.790987	-3.97695
12.497998	-20.250273
-8.758554	18.942692
7.650952	-23.972038
-35.12392	-56.48235
0.7633225	33.01509
3.4740288	63.15078
23.010351	32.003418
5.960164	47.831688
29.071447	-23.730968
-12.11532	10.876109
6.862703	25.493431
5.628016	-1.928365
9.802532	61.536995
-26.631725	-11.47983
8.380066	-24.76073
-5.749618	62.009346
-9.643499	12.198219
-1.3553622	42.990128
32.178474	18.496386
4.753316	46.421867
31.23249	15.017568
15.6202	3.0305243
5.8391767	-3.079133
13.51251	57.774895
-11.720641	-24.407536
-6.0188828	63.20361
2.5591884	62.584255
9.935149	47.211308
29.973644	13.672792
2.0367727	63.737553
-7.2154455	65.99721
20.544924	-32.519314
8.833879	49.336197
23.474548	10.029018
-0.64117527	30.642853
-11.982439	0.8247231
-5.002793	-11.245843
-38.054436	-45.88325
-52.3174	-39.855984
-55.730484	-41.765984
31.186928	-22.30811
48.184624	47.718735
-37.182465	-61.35097
-13.605522	-39.14379
-55.418213	-64.8455
-12.394927	-40.054825
-20.745472	24.94763
34.360806	-32.091225
-22.890858	-0.47766337
-37.866695	46.508583
-56.78855	-64.99391
-57.58398	-63.419384
15.22534	-2.0185025
-16.464355	-33.928024
-55.56604	-42.09284
35.056942	-27.337896
42.643665	-28.672997
-28.609837	-40.988407
42.60442	-29.138165
-53.299297	-68.38545
-23.040628	-58.811478
-34.11041	-60.40079
-58.777473	-41.196255
-28.224571	-42.371838
-34.983303	-60.40281
-55.593388	-65.688835
-57.04024	-62.493835
11.26119	-0.30734327
-55.77915	-63.898945
-16.774147	2.6640143
-25.791319	-60.126137
-13.115279	-33.742577
-18.620287	46.31491
-58.912624	-41.21541
-33.071518	-18.629477
-15.554045	-40.892338
-56.325184	-62.99425
-57.98371	-61.99212
10.239851	-33.695942
-13.826537	-38.15906
-26.17384	-60.94419
-54.73663	-66.40373
-29.601301	-42.34178
-13.715177	-55.870373
-53.500286	-67.8098
-13.563559	-31.493015
-56.796906	-64.03989
-15.64057	-54.263138
-54.88632	-41.85326
-32.011356	-43.440517
-15.668187	37.62837
-25.175278	-59.225796
-32.63383	-61.2535
-31.303438	-65.2453
-21.24077	-31.320942
25.123053	-38.970737
-14.078329	-50.67874
-16.372818	-33.20689
-38.034718	46.03039
-39.53135	46.72278
-20.815413	-32.000126
-17.562733	-32.600437
-1.7216289	-28.324532
-25.22697	-2.1554852
-36.40504	-54.541763
-26.87261	-42.88564
15.236424	1.5876329
-13.679966	44.041965
-13.124257	24.795652
-48.65043	-59.14679
9.949514	7.9219546
30.128393	-24.994537
19.707235	-18.1118
-12.991643	-54.456253
-37.60184	-46.10874
-35.26601	1.4639189
-14.007085	-30.715809
2.0437284	-18.512535
-20.408304	-31.084196
-17.62255	-31.08356
-38.34388	-62.697586
-14.416014	-55.19303
-33.722935	-61.92706
-18.107325	-55.305786
-14.971526	-51.7924
6.3536506	-35.095898
-37.225956	46.012367
-11.622711	-54.004555
-35.155384	1.3413724
-14.245688	-30.187845
-28.392187	-41.60723
-16.44455	35.007385
14.948903	26.858747
-57.433964	-61.157
-14.956546	-40.94506
-12.176244	-44.055355
-24.726103	45.010708
-17.447517	-0.6580455
-17.687874	22.676994
-19.816391	-32.48361
-16.27948	27.022198
-21.562374	16.48196
-37.475346	-45.78021
-52.22685	-40.057568
-52.595722	-40.259724
-13.401063	-32.587704
-35.699226	-8.484855
-20.940842	-41.738728
-52.84114	-68.41117
0.5851737	6.3050475
16.80215	-1.2925832
-38.631565	46.474472
5.6564913	-35.470737
-18.415197	-45.054142
33.14259	-43.656563
41.578197	43.91177
-17.00719	-15.391722
36.5206	34.47966
43.96129	45.920654
-28.377787	-56.82843
0.96016663	-20.643656
1.920971	-20.534319
-31.731623	-52.39656
-31.515583	-51.479546
-38.255802	-53.90221
-50.0803	-50.433895
-53.077557	-53.253956
35.60828	39.613113
-30.362595	-44.349712
-13.5241995	-9.67294
-21.125917	-43.296394
26.303034	50.787373
9.640034	38.777126
-38.546738	-53.0237
-50.825737	-52.272392
-39.32761	-51.338737
36.817574	41.370667
25.921188	51.17832
-33.44723	-4.0335917
-53.934875	-53.33124
-39.095848	-54.241676
-50.00641	-51.318005
-30.580643	-42.887978
-55.00822	-53.58881
36.13654	42.87396
-55.57232	-36.312405
36.852234	37.41145
36.918728	39.829597
35.45488	43.307793
-50.996864	-52.93258
-30.75297	-41.23512
20.828045	53.76317
-45.469044	-49.892216
-52.21658	-50.915726
-57.13756	-49.6284
-31.696842	-15.788773
-44.18741	-50.273052
37.123928	36.50832
-48.712624	-53.016983
25.40741	52.07429
34.414135	43.259277
-37.24028	-53.111782
35.789345	41.71569
-56.44836	-51.700996
-26.52939	-22.808714
21.946423	53.37723
-26.237953	-42.346836
-53.360973	-50.318375
33.498592	43.878654
-55.688416	-36.368732
-54.201927	-50.73089
-3.0540872	-11.332652
-36.98019	-8.704158
-53.412262	-51.454586
-55.581177	-50.553036
-55.95552	-52.650093
-54.638847	-52.23302
2.758996	-20.503515
-55.8878	-36.749138
27.113884	33.868973
-53.834175	-49.32743
-57.46603	-38.945854
26.001139	51.907032
-38.233345	-52.213623
1.3720949	-18.151714
-52.731743	-52.216606
34.75768	42.254967
25.628695	49.503708
-62.815998	-38.775616
40.192543	44.641598
36.45439	38.330437
39.89532	44.055225
-43.46548	-48.481167
-16.09413	-48.449615
-16.213947	-48.133385
24.959082	-28.061468
-3.7893353	-11.38994
-17.813414	-28.256094
-9.391735	-43.72276
38.37285	-31.634071
-19.086609	-50.236027
-16.047903	41.633068
-16.893803	-42.59772
-11.111841	13.9287405
-13.639655	-33.29771
2.3564038	2.925456
-15.419557	-34.54644
-11.157232	-41.959133
-23.243761	-44.516396
33.1551	-41.70445
33.135044	-49.651352
25.500427	20.866922
20.479012	-33.192406
-6.12758	3.729392
-8.682196	-42.39891
-22.180635	11.633595
-15.133666	-53.098454
31.818508	-47.720585
-63.620342	-40.39073
-63.832306	-40.812817
-9.078484	-16.337168
-18.29585	2.568196
-9.383842	-15.855666
-36.910637	-59.99791
-8.955866	-17.941416
-10.764961	-12.531383
-21.027628	-29.439648
-12.84908	40.220234
31.641651	-38.336403
8.8159685	-23.711432
16.08334	21.70598
-32.12628	47.79757
-29.634155	-48.418755
0.08770942	-31.941217
7.7293816	-34.883415
29.540972	-28.337627
-9.594161	-45.587692
-30.93995	46.640995
19.783157	-8.216844
10.978839	-3.0075715
21.137787	-16.767626
-32.493317	48.221073
29.140566	-39.24474
-15.239239	-26.917177
-60.261204	-48.632046
23.214378	20.617872
-6.293573	13.471861
12.746776	-14.764491
-7.7016587	15.100822
18.124153	-4.295934
-27.291264	-60.22749
-20.499552	25.743275
2.0782475	-33.079147
10.176809	-25.5967
-16.796375	2.9905813
9.502968	34.553352
33.57277	-45.251217
4.0739017	4.0578775
-24.92419	41.481537
12.877605	-36.563133
-13.880852	-10.670949
0.37736005	-31.057468
16.825943	9.88112
0.53727996	66.17786
-14.347537	23.539139
-25.828636	41.80741
29.918026	-35.960182
38.116184	-33.031364
-10.89879	-0.3687287
11.789279	12.082596
-39.982555	-60.424816
-40.167816	-60.97266
-41.346195	-61.509537
-40.969738	-61.908432
-13.058228	26.78956
-14.699235	27.694502
-17.13565	-40.321877
-35.567657	-61.358578
-33.450027	-63.490788
-35.011322	-62.201336
-32.157257	-63.549976
33.47276	-38.60525
5.311056	-35.885468
15.111347	-14.748241
-18.580488	-55.732887
-34.532448	-65.49476
-34.358463	-64.71249
-32.5752	-64.737366
35.225693	-13.990071
32.13843	43.029705
25.058294	31.033642
30.660261	18.923113
-23.798426	-43.590874
36.309727	-30.124292
-10.156544	40.28036
17.618011	19.931652
-0.053701334	55.402702
3.7406592	-19.287308
-19.65262	-50.20024
-16.873623	-27.387093
25.27394	32.349586
31.431293	-30.38446
-23.083868	-1.0014651
