2.3565187	-1.4506813
1.8883387	-1.8619119
1.8329436	1.8215253
1.2347741	2.600415
1.0633762	2.7980373
2.1593437	-0.4655208
2.6883817	-1.3363875
3.189411	-1.0363998
3.6287043	-0.40025285
-2.786086	-1.2765274
-4.4182262	-2.2357047
0.6273842	2.1820097
-4.278377	-2.1324174
4.260907	0.23290469
-0.5427224	-0.88733053
0.6634064	-1.2274421
2.0243666	1.9496682
1.5757922	1.7410998
5.3403635	-2.5127935
2.6440823	-2.6097705
5.6929502	-2.9924645
1.6197206	-1.9396946
2.812137	-1.0512751
0.72747797	1.3960022
-3.040804	-1.0328019
3.081247	-1.4726852
2.429765	0.6864966
2.8302171	-1.1732545
3.0134103	-0.765416
-1.6119349	-1.5463475
1.0631558	3.6228766
1.7782103	-1.5730506
3.452379	0.1586462
-3.8634076	-0.9115915
-1.9935334	-2.0313756
-0.7934484	-2.0198689
1.1241511	-1.776413
1.6482816	1.744798
2.1511073	-1.9578233
-0.7228809	-1.3284286
1.7586714	-1.9192588
-2.1063867	-1.3302597
3.126084	-2.1068358
1.0142902	0.29385158
3.2448866	-0.20794632
4.3553076	0.18817678
-0.38345745	3.1202066
1.7710055	-1.3799516
2.9524002	0.18647638
2.9218328	-1.0878026
3.5759485	0.582753
3.2561598	-1.9538282
-2.8868296	-1.4098073
2.3027556	1.3019689
-0.20114166	1.5477893
2.885726	-0.7432536
-0.21400018	-2.230705
0.087390855	-2.3971114
5.4563437	-1.313803
2.9375572	0.28456163
1.6201128	1.5719689
0.16539167	-0.8481372
-0.32998815	-2.4400353
1.7772918	2.5456975
4.9300084	-0.80600953
-0.5499255	-1.8418592
-4.206538	-1.4139615
2.482709	1.3987861
-1.5331727	-2.039133
-1.2457464	-2.1087713
4.060218	-0.48584267
1.015343	-1.5686483
2.4461043	2.6216233
2.948957	-1.796233
1.7833765	-0.68105376
0.04767006	3.486325
2.1971686	-1.5648685
4.4730797	-2.0045698
2.7185764	1.379462
1.9948895	-2.360145
0.7251113	2.6872616
0.3062304	-2.0897732
5.4271727	-1.462382
-0.9789381	-2.2417777
1.5191505	2.4020393
2.802768	0.31128
5.11244	-1.0133985
1.6937181	2.3968356
-0.14116019	2.5847638
3.9542348	-1.8010767
-4.3582716	-1.3004941
0.7644724	1.8335618
3.0236862	0.6539693
2.1718776	1.2442569
1.3720074	-0.534526
2.106851	1.0210763
-0.076673485	-1.7967052
1.8167396	1.2425319
2.404482	0.8837521
1.8851889	0.70469743
0.40321282	3.6155863
2.2223883	-1.2851255
1.063155	1.5086895
4.2481613	-1.3519061
3.2271118	-1.4118837
3.6130989	0.42624488
-3.406811	-1.5303111
2.9287405	0.1866906
0.98716295	1.6961925
2.341495	-2.2332847
4.3915067	-1.700168
1.5178791	-0.77122784
1.3277683	3.2351189
4.9852214	-2.1029997
3.8120282	-1.382084
0.45865163	-0.40124956
0.28985086	3.1479394
-0.7669368	-1.8089181
3.9631486	0.2753484
1.3700339	1.4065691
1.8222666	2.9196548
-1.4466232	-1.1201798
4.3542395	-0.68423784
-0.11854424	-1.2034076
2.6873307	-0.011624382
3.052251	0.063381776
2.231311	-2.4054706
3.3530617	0.78209394
3.72095	-0.5755033
1.4150634	1.3615116
-4.2024746	-1.2429752
-1.7350632	-0.7055719
1.2201494	3.24328
1.8476923	-1.6254251
2.1116195	-1.8267878
2.1565354	0.68494725
4.857077	-2.1110125
5.3322306	-1.8490119
2.5648475	-1.7616199
4.0461	-0.37635717
3.846578	-0.7754027
0.022123396	-2.7075195
0.4195189	0.85895926
4.4195404	-1.434203
-0.16786484	-2.6666546
2.8141522	0.75151956
4.309262	-0.07740544
3.6963534	-1.048044
-4.098245	-1.4797618
1.5882233	1.1726927
1.2962669	-1.629908
1.7786503	-1.793682
0.8258383	2.3203788
2.3341012	1.1837407
0.73113304	3.020046
-2.9636421	-0.6415702
1.2864225	2.1437054
4.0678473	-2.0259707
-4.0413704	-2.111695
2.7050006	0.7304506
5.8220754	-1.2724452
-0.3998585	4.3773065
-0.7626463	-1.225321
3.172732	0.9059551
-3.623042	-1.8784504
-2.2629983	-2.1548536
-2.938296	-1.5748345
-1.6665201	-1.5276749
4.400951	-2.505008
2.9525943	-2.0431504
2.0324435	2.1929293
0.49536172	-0.8748717
1.8158337	1.3791267
3.3193817	0.037042283
4.650928	-1.1964781
3.3523417	-0.93558276
1.9559739	-2.0045662
0.16575913	2.0378633
2.2879822	2.0130458
-1.1733923	-1.981423
0.40984783	-1.8220022
1.4702824	-2.405802
-3.3533735	-1.9992993
-4.9908476	-1.9305419
3.6137366	-0.24968463
0.30485007	2.5066545
2.828113	-2.695185
4.8261456	-1.6122081
0.91276115	2.1445332
4.2101026	-2.1173158
1.3338482	3.2467675
-2.3150918	-2.837171
2.1206903	-0.7859261
-5.0957146	-1.246089
-1.1934283	-2.9419441
2.9341893	-0.70618343
-0.24998857	-2.973262
-0.43711907	3.3377476
-1.7746286	-0.80741537
2.5338972	1.0712922
-4.3001976	-1.1634816
0.82462746	2.2766376
-0.2333768	2.5132186
-2.1337245	-1.8143512
-0.33895805	2.2766001
2.6807594	-1.5391692
4.980412	-0.8963417
3.2132876	-0.33953965
-0.6910637	3.1701508
-0.43972778	-1.7524804
-0.887109	-2.2166634
-0.2661938	1.9434034
4.1829762	-1.3596351
2.076685	0.68510014
-2.9999359	-1.5474087
-0.42089343	2.983083
2.1055155	0.1079371
3.5892441	-1.3078337
-2.4514546	-2.374516
4.4370832	-2.4905949
0.99417895	0.029130949
0.4963528	3.0410645
3.2207925	-0.40461808
2.3740191	-1.8441507
0.45225683	-1.3028286
2.1340947	1.2702699
1.4935526	-1.0515223
-4.79014	-2.8420877
2.0948296	2.3830087
4.1613274	-1.13153
4.1035547	-1.1683829
-4.3478637	-2.281819
-0.79125994	-1.8697392
1.9008951	-1.0238916
1.820872	2.9644268
-4.621529	-2.7949636
0.56874365	-2.0651484
3.1348088	-3.1226733
3.8450322	-2.1858149
3.5330026	-2.2189791
3.609483	-1.7822776
3.4236295	-0.79194903
3.658107	-0.6750075
1.5438564	-1.5643941
0.56453925	1.6768645
1.4227216	-0.59805584
2.1130052	-1.8794687
1.6064615	-2.8180559
5.087006	-1.0960804
-4.8693137	-1.5343117
5.3678207	-2.222645
-3.9084637	-2.4971716
0.5114689	4.3297887
4.0533323	-1.5325096
3.0840209	1.6585375
-2.4124887	-1.1374133
1.8244728	1.0392548
2.9374602	-2.2452624
1.7135779	-1.2002653
3.4804986	-2.4612038
-0.41244292	-1.6668948
0.7770633	3.105437
5.60058	-1.8501046
-4.0334554	-1.2327659
3.1968136	0.45351708
3.0850644	1.9885522
-0.25628585	2.4560628
1.0448716	2.3451858
1.8281975	1.2222848
-2.275967	-1.616762
-0.6808161	-1.400391
2.2615266	1.2321156
-3.814014	-1.4920086
-0.07467014	-1.3956153
2.6939468	-0.89382493
2.6256282	1.2473242
-3.1632986	-1.171611
3.8097422	-0.30975583
-3.7073307	-1.2855924
3.3368	-0.9838664
-3.2092097	-2.4601853
1.2033914	0.55112
-2.1518683	-2.3929143
0.45638594	1.4756318
3.872708	-2.7851098
0.31892714	-0.2366207
3.7716267	-1.4879156
2.4620357	0.76232123
4.946347	-0.4627539
-0.84441096	-2.6312559
3.629772	-1.3862296
1.5236169	-1.6924772
2.6256654	2.4194407
2.8426151	-1.5785731
-4.898878	-2.29492
-0.89155245	-0.7182246
2.4526346	-1.3264326
-0.7030027	-3.9584844
2.1766074	-1.5124326
-1.6629509	-1.6360832
1.9512683	0.92481655
4.0121593	0.82659113
-3.0086594	-2.4252799
1.4109813	-1.4460326
1.0367764	2.036729
1.773005	0.7299824
1.9695076	-1.4893314
2.945879	1.4733412
-1.3800973	-1.6650518
0.4080068	-1.3420336
-0.21608694	-2.108716
-0.5292147	-2.4496295
4.735826	-2.5619397
3.0125794	0.09844888
0.7019872	2.7224183
2.2263563	1.7628903
2.7597349	2.1122432
2.3709025	0.64357316
-1.5434952	-1.0830532
2.3874886	-1.8654878
0.91151774	3.8977096
2.7194362	0.6335526
0.6322526	-2.3117695
3.3425207	-1.4412943
3.363653	-0.010342071
2.1770225	-1.4716709
0.88263947	2.1178157
2.7543147	-1.4723953
3.1543572	0.92606056
1.067849	0.9777385
4.21874	-1.6756942
0.4882573	-2.0893986
1.3665456	1.3997813
2.4166975	1.17215
1.1173251	-1.8899361
-1.0917963	-1.8960965
2.860629	-0.7033946
4.5405703	-0.65968376
2.4905663	-0.24698421
0.5937467	2.955999
4.102262	-0.89679956
-2.592258	-0.82321113
-4.691984	-1.2859278
-2.9751396	-0.5965714
1.942707	3.6957211
2.2695708	2.6636586
2.24905	-1.3841099
2.146235	1.7009869
-1.4947929	-2.0081594
4.7884483	-0.7589156
1.2282218	-1.9167639
1.3559754	-1.1651436
3.2284827	0.9068365
4.564828	-1.6848955
-0.15422611	-1.1395352
-0.33422923	2.9530427
1.7575972	0.94808257
4.5081215	-1.3158917
-0.89854145	-3.5209384
2.0622551	1.5266391
0.7047365	3.6898046
0.9399199	1.8368673
2.6020963	0.22591658
-4.704972	-1.0325354
3.4955795	-1.625126
3.6280186	-1.4684365
-2.8044472	-1.4963441
2.1823263	1.1903484
0.6076968	-1.9886603
-4.0329523	-1.8565043
-3.079081	-1.5318899
0.877903	-1.1902746
0.63336164	-2.7862818
1.3540483	0.27793074
0.34851798	3.7947693
4.478011	-0.80533177
3.1478972	0.4846465
3.591305	-1.0931308
2.5973136	-0.9123555
-0.4849504	-2.1902287
3.4973524	0.31405386
2.4727004	-0.19229019
-0.17217961	-1.6631178
1.3035221	-2.3834913
2.9583082	-0.4626485
2.2001948	-1.6210351
0.8443217	1.7189848
3.786066	-2.318543
-0.5274115	-2.1480427
-0.90128213	-0.7199102
3.229722	-0.5458302
-3.4042406	-1.6114997
-0.094771594	2.0870326
-0.21391653	3.4086716
0.24126028	-1.8590556
1.6859348	2.1345208
2.5139134	-2.2269685
2.2242281	2.772609
0.68046004	3.7279217
-4.614598	-2.5102794
2.4439614	-1.4435201
-0.8666283	-1.4844695
2.1011934	1.3380966
4.835183	-1.9008399
-3.1798897	-2.3050387
1.3558453	-2.0039203
4.6914763	-1.1340432
-3.0843256	-0.5104355
0.8640363	2.775129
2.2476716	0.45008096
0.5745692	1.6615627
3.9241252	-1.5200443
-2.6086166	-0.8807777
-5.0290656	-0.70433074
2.4515653	0.45932323
2.0425334	1.1559563
2.2612839	-0.7977224
4.195005	-0.53617245
2.8172433	0.88848263
2.8696592	0.7316012
3.3861563	1.3616393
-0.20363672	-2.4743178
3.6015275	-2.916255
2.3460536	-2.2119358
3.6677318	-1.6271479
-5.1828856	-1.5458901
1.7749336	-1.5857446
1.256084	2.6193335
0.26643288	2.4156528
5.224069	-0.6118468
2.450761	0.56616247
3.8708177	-1.7366893
0.839084	1.4395558
4.006815	-2.124731
3.1891165	-0.960815
4.3544283	-1.9280014
2.6262703	-0.67861843
3.5070589	-0.20786425
1.2381084	1.2444391
3.5638041	-0.0519475
1.7184719	1.8844253
-2.7171378	-2.0063555
2.7758029	1.7039403
1.133983	-1.8116769
1.2656379	2.8989103
0.1727334	-2.7286851
1.5736107	2.3205853
0.72462225	-0.5402906
3.1871667	-1.5238849
3.3790917	-0.96868575
2.1591458	0.4438463
-0.50202996	-1.3890661
3.0801573	-2.0816858
-0.15254591	-2.4474306
3.7867405	-2.3196146
-0.30197912	1.9713186
4.677738	-0.7792401
1.0261543	1.1192683
5.5686917	-1.7935603
3.465582	-1.028091
2.984592	-2.452525
4.8051167	-1.2643609
4.2479553	-1.4009824
-0.8529244	-2.7086341
-1.3612798	-2.5411136
-4.5926046	-2.0325272
2.0073946	0.9082605
-1.7517772	-2.0287604
1.4729842	0.39882985
0.48302191	1.5264518
5.000278	-1.8653868
0.3946618	-1.9340984
2.2502048	1.7310274
4.4708605	0.52210325
1.5177399	2.8815818
-0.5545113	2.5029812
3.7692683	-1.1310128
1.7973	0.70365053
0.968677	0.67990714
1.3141315	1.1487218
2.2542298	0.431031
-2.9046583	-1.0892981
-2.1551003	-2.5831108
2.8179011	-1.1342643
5.4888	-0.505825
-3.725874	-0.38923067
1.0816785	3.006117
-2.6879756	-1.9797808
2.1981404	1.2478142
3.8868642	-0.6221302
0.622863	-1.9642998
0.781634	-2.5204134
0.42151877	-0.87403756
1.5601754	1.5407981
1.7289249	-2.4513838
3.8423557	-0.7872981
0.17937408	-2.4167717
1.4660765	-2.9962337
4.7371306	-1.4395272
1.2790551	1.8604057
2.4525337	-3.349913
2.5020795	1.4959366
1.8922622	1.3566461
-4.808554	-2.5867214
2.5062215	0.0039436077
4.7070107	-0.5868071
-1.3565558	-2.0712264
0.9639916	-1.3567772
-2.6405375	-1.0648619
1.3405559	1.7145405
-0.000109798275	1.8781114
1.9006022	-1.2149597
3.4602306	-2.001748
-4.165014	-2.9794872
2.298	0.13978627
3.1126943	-1.1416845
-1.8156589	-2.52803
-0.006187437	-1.2875155
4.03943	-1.5369581
0.8420938	1.6709508
-1.4082084	-0.50380045
3.8023834	-0.52308065
-1.3224934	-1.781346
0.2609035	-1.4908513
2.129403	-1.0384897
2.6805816	1.0217341
2.9092944	-2.9142108
2.8752768	-0.118394226
1.881965	2.1395442
-3.8090641	-2.0563378
4.733663	-1.881766
-4.88113	-2.7076547
-0.7333073	-1.4492192
1.288085	-1.3751091
1.1100786	-2.4257088
2.3947496	1.2625165
0.97503215	2.968587
2.2860177	1.8547893
-4.1926737	-2.098787
0.4609817	2.485211
-2.183516	-2.407918
1.0713185	-1.9054682
0.14005667	1.7770834
1.7995425	1.8348947
3.2412188	0.032496244
3.8410206	-3.7240171
4.8409066	-2.8813555
-2.0706472	-0.98619896
0.4718816	3.4244661
-0.6135359	4.0553985
-3.2877462	-0.64605814
0.99737346	2.9222746
-0.70978105	-1.2450687
5.1113634	-0.36970684
0.65660965	3.1623101
1.0583848	3.4846418
0.775342	-1.0025461
0.8256866	-1.6469988
2.4458194	0.13108397
3.1159263	-0.6570628
1.6194443	1.7660035
4.858268	-1.585647
-1.8462893	-0.33124503
2.8650405	-0.9226857
3.8679285	-1.907419
3.7726014	-2.1273959
0.5614314	4.047736
1.6741459	2.2772353
2.3967717	1.688794
3.9263134	-2.031564
4.6448574	-2.4533074
4.408623	-0.39206463
3.0507438	-0.7617368
1.1579468	-1.9539654
2.260817	1.2503326
1.5747232	-1.7122924
1.8050735	0.12674196
0.055032928	-0.8227304
2.2994962	-0.974527
3.0171914	-1.064596
3.230081	-1.705748
-0.10303348	-2.6869135
1.493291	1.0464796
3.1746187	-0.12238096
2.2087953	-0.68807524
1.8653219	0.47919384
1.0509118	1.5031655
3.939244	-1.8476434
1.1996541	2.450703
2.1271832	2.205914
3.8649848	-1.0521625
3.0856364	-0.470107
0.122666456	-1.4605469
0.10488412	-0.58836865
0.44078296	-2.2043936
0.38214254	-1.7362953
3.9013429	-1.3988744
2.8319595	0.12789027
1.7796768	1.379262
1.0265603	-1.3108594
-2.9785144	-2.0689511
-0.3872703	2.5790477
-0.54179376	-0.7221283
1.4707595	0.75008684
1.6931155	1.7446537
-1.5891821	-1.6694959
0.76989335	-1.4580177
-3.1320088	-1.4995867
-3.7963777	-2.3566704
0.6451909	3.3124545
2.567527	1.158927
2.2861497	-0.73858345
5.3059173	-1.0354657
3.1302993	-0.9977997
-5.6156893	-1.6636683
-4.583268	-0.9562239
2.9653432	-1.4782748
2.153806	1.5134411
3.8507757	-0.10496392
3.1665683	-1.5992546
0.26268744	-1.7939993
2.8466885	-0.25788516
-2.467753	-1.8748119
-1.1890996	-2.93978
4.5240026	-2.357383
2.7951803	1.4677266
3.8811278	-1.7916117
2.2363164	1.8851036
3.673471	2.2682621
2.4284446	2.157605
4.541573	-2.193316
0.60167736	-0.8341092
2.824381	1.2440038
4.2043257	-2.4127069
3.720994	-0.7807756
0.8447269	-1.6578642
0.19698781	-0.87932694
-2.1290598	-2.0767531
3.3410614	0.32292536
3.9565842	-0.90680605
4.941583	-0.32414544
2.4235456	-0.68730617
1.0829791	2.1137023
4.210446	-0.998344
0.50106066	3.216138
-4.8591905	-1.9493837
-3.3549035	-1.1383277
1.053281	3.3305216
-0.8562407	-1.3239527
-2.135747	-2.024111
-2.1669052	-1.7241496
1.0240821	2.0204475
0.59043914	3.5241153
3.1303682	-1.1664221
5.2692003	-1.2850536
-1.1494417	-1.8100243
-1.4259475	-1.3562146
4.261675	-1.0107456
-0.395798	3.1259606
0.5842226	2.7960784
1.2653483	2.11204
1.938769	-1.194092
1.1075312	1.18467
-2.0840733	-1.1665652
2.654995	-1.1723058
0.9033664	-2.3038723
3.2236586	-2.2967527
-2.9489472	-2.2911627
2.7741463	-1.2378263
1.226321	2.0294697
1.7551205	2.2657712
4.6361303	-0.3983737
1.6519865	3.5665517
-1.1091945	-1.7664964
4.5536246	-2.7661173
4.6160927	-1.6373091
-4.540553	-1.7811941
2.114529	0.382693
2.3805106	1.2652222
-0.2585126	-2.062808
5.14166	-0.7074179
1.7628739	-1.7849851
3.479004	-0.26314464
-0.34344342	1.6646776
2.1630485	1.8163925
1.864305	0.64053774
3.7943652	-1.3510008
-2.083313	-2.2402844
0.013611515	-3.1019647
1.566124	0.99442303
-0.30207145	-1.350585
-0.7491055	-2.6296709
-3.437805	-2.1252413
-0.01725259	1.1039621
1.6667097	-2.6079814
0.46269077	-0.9568467
2.0219615	1.7828219
3.6490612	-1.1980978
2.1176198	-2.412615
1.1367903	1.2088431
1.6573153	-2.2134483
2.8503678	-0.43799388
2.283276	-1.4180303
3.617835	-0.5099064
-0.7733149	-2.402875
3.8990047	-2.4713736
2.4129817	0.8818369
2.9180748	-0.40601906
-4.5951824	-1.4646022
2.579005	1.2766699
5.264421	-2.3195474
0.9202411	2.9407103
2.6366506	0.9156647
1.6303477	0.39032215
0.73283046	3.0420477
2.6603155	-1.2130809
4.777181	-0.8747038
-2.525884	-1.5262389
3.7859857	-0.54259187
5.311213	-1.4672723
-1.4811714	-0.9234513
0.9683417	-1.9927616
0.5754635	4.388289
2.8592892	1.0686318
-0.10369719	-0.8129121
3.306107	-1.6721847
2.027858	0.58543915
4.062013	-1.0621785
-4.160986	-2.3555062
4.03362	-1.4386276
1.4669404	-1.6463717
2.9796782	1.2138984
2.6660848	-2.0600314
0.52787215	1.9882357
1.3963653	-1.3978757
-1.7552811	-0.41708082
0.8811437	3.6508985
3.7622457	-1.4883931
1.21664	-2.1214013
3.515744	0.15862098
-0.69759566	-2.0502527
0.617266	1.775659
-1.2861458	-1.9819531
3.8752704	-1.1023972
-1.5677701	-1.2168342
0.70512384	3.672511
1.5198557	1.5479692
-0.22114284	-1.1820877
1.8154385	-1.4308078
3.5273936	-2.6224482
5.121402	-1.385148
-0.9757933	-2.046283
1.283552	-1.36324
-0.27215427	3.9152915
-0.6524909	-2.3116772
4.3127193	-1.1961421
-1.6997939	-1.3190553
0.505856	-2.8292785
0.4914322	4.071483
1.3219156	0.90545356
-2.5943234	-2.582647
2.3694503	0.47790313
4.9749565	-0.9089542
1.9732805	0.9478974
1.1189214	3.1301544
0.866404	1.413044
-1.288995	2.2483118
-0.1453285	2.6910558
-3.9635253	-1.3916326
-4.5706754	-1.1973771
4.1592274	-1.5215183
4.3065243	-1.56607
-1.7421007	-1.2883927
-2.6113818	-2.4097943
-2.1092744	-0.8771239
-0.72142977	-2.0323176
3.0811512	0.5700587
3.4403744	-0.2654545
4.645917	-1.348791
3.1465142	-2.2675526
-1.6041663	-1.3438334
3.7827156	-0.6312149
3.957732	-2.6592202
0.16912328	2.7898326
0.9048292	3.0604615
2.99259	-1.019652
2.6362793	0.6876507
4.1651897	-0.31385407
-0.8621084	-1.4417709
0.7970317	2.5658493
3.0699756	-1.6864723
4.5387397	0.4213676
-3.0389614	-1.9261556
1.5139397	1.7916819
3.8705132	-0.77041316
1.2519473	1.729207
4.2633743	-1.8795733
3.1908097	1.6711066
3.231112	-0.52212024
3.3754802	-0.74721456
0.6593398	1.7349639
-2.0116003	-2.1074188
-4.168908	-1.5682312
2.6081023	-1.4698982
4.5727816	-2.3224235
-3.5390418	-2.9121618
-1.805516	-1.894143
2.6428475	-0.022623828
-0.8147359	-1.302115
0.8019086	-1.1890435
3.9537838	-0.2942038
1.2214546	2.0328918
0.57063174	2.1983654
-1.5878569	-2.0687563
-3.3241909	-1.6612793
5.4796605	-0.97360706
0.5412665	1.3047922
1.4253727	-0.7105595
1.5331404	0.94349694
4.0905056	-0.83864856
2.001602	-2.1182883
0.6488997	-1.3484628
1.7108549	2.117728
-0.23062725	-0.39264446
3.6194794	-1.9169669
3.2905476	-1.7919217
4.4277897	-0.81492287
4.7468143	-0.48653919
-2.9334838	-2.6167045
0.49664164	2.8662767
3.7764783	-0.8701968
4.3664064	-2.3656669
2.2045999	2.6588633
1.0320051	-1.4848568
-1.369577	-1.9972873
5.088604	-0.45087695
5.20583	-1.1597406
-2.68538	-1.7086487
-3.370615	-2.1063452
3.4490607	-1.4665475
-2.5371993	-2.4425569
2.7702892	-2.0441222
2.9682186	-2.0211024
1.4400102	2.240495
1.5731386	2.1298585
2.2011347	1.5631076
-0.65993756	-1.623473
0.6505715	2.8445318
3.569185	-0.6420672
0.6043795	2.4661222
4.6935205	-2.6517143
1.6660011	2.7919307
0.90607333	4.2481894
1.0158418	-1.4047405
2.6668515	0.5468618
2.9649892	-2.3133702
2.651512	0.022593187
0.101766944	2.2877095
0.25873235	3.0524902
2.418084	1.3229586
-5.8660336	-1.977235
2.3872688	0.8617422
-1.094129	-0.82768065
2.2342186	1.1533175
4.2651887	-2.439281
2.0673773	1.9430243
-4.1169066	-1.9231601
2.1442354	0.99004924
0.7856666	-1.411286
3.34677	-0.43369278
-2.082611	-1.3051295
-1.9581584	-1.700255
4.4404464	-1.1981306
-3.564771	-1.2219502
1.4697452	-2.2348251
-1.3232125	-2.3548508
4.392427	-0.03019956
-1.7050823	-2.5181901
-1.8504827	-0.7963363
-4.16347	-0.6411651
3.870007	-2.1911204
-0.45969123	2.284789
-1.22264	-1.7842163
1.5525551	-2.6290019
4.719439	-2.9328303
-3.249192	-3.1053505
2.8219824	-1.3866428
1.626006	-1.4955293
-4.5177746	-1.507711
3.8029556	-0.0020198561
2.578789	1.6644675
2.1342301	1.2690604
5.1444263	-1.7315559
4.0240226	-0.6702064
4.547609	-2.0755062
1.1274979	1.8415178
1.7913162	-1.492635
3.7797644	-1.440726
3.5838559	0.7930435
-2.0640516	-1.042519
-0.25344706	-1.3954258
2.6017153	0.622146
-4.273137	-0.68770784
-2.5749774	-1.9188523
3.5413973	0.83906907
1.8071609	2.4743807
5.161759	-1.3144524
-0.8055651	2.075306
0.5457298	4.280468
2.4147182	0.8633731
-1.6985444	-1.3956342
0.9138942	2.9943252
-2.4552515	-0.24638145
3.884433	-1.8814726
-1.2275289	-0.756458
1.3545352	2.169493
1.9525083	1.614684
-3.1752958	-0.8053927
-1.2054089	-1.1654458
-2.4437528	-0.565725
2.6225767	0.69734323
2.5391562	-2.0102394
3.8719313	-1.6937991
0.90144515	-2.3180094
5.088526	-1.5872458
2.7802906	0.13920686
4.309186	-2.2656121
3.2676194	-2.6459565
3.6488485	-0.45043895
-1.0250428	-1.7064399
3.6344488	-1.7788236
2.9415991	-0.57255656
2.433669	0.7509178
1.0506653	2.4300454
2.3160062	-0.6872891
1.8755766	1.5797948
-0.04159553	3.1572084
-3.0208888	-1.0314227
-0.16782229	3.6474822
-3.619501	-2.7144058
1.4754194	-1.0531156
-0.37810504	-1.6769311
1.5791423	0.13986059
4.986384	-0.74840087
-2.677884	-1.1591339
3.7974696	-2.5366344
3.0724185	-1.8522402
2.52106	-2.6967442
0.5362896	-1.9240724
2.824781	-1.3248031
4.5047874	0.060815006
1.5424899	2.3553143
-4.6803265	-2.4621768
-0.21140124	3.114356
3.425239	-1.6755652
3.1409385	-0.89050156
0.9868143	0.97533137
2.995567	-1.499947
1.938412	-1.2302637
-3.6997945	-2.9551365
2.9246593	-0.13623472
4.120473	-0.58999336
1.7273668	0.7585423
3.4238079	-0.21729699
1.0939734	2.3996964
-0.2859484	-1.9935067
4.9217634	-0.74019647
2.6538432	-0.12858467
3.0797892	-1.9322786
1.4303738	0.45619673
1.4201195	1.5197482
3.4237757	-1.3500367
4.538425	-0.5168163
3.4386067	0.83882135
-3.595273	-2.520097
3.82176	-2.2446399
1.6410959	-0.8812353
2.613978	-0.5907987
0.52219015	-0.034647167
-1.0370287	2.9797165
-0.047378737	-1.8938226
2.2288098	0.92928064
-2.0729349	-2.3300362
4.193661	-1.021241
0.16409601	2.837871
3.3813381	1.3777949
3.4885027	0.22178389
3.0979388	1.0617516
2.1313598	-2.1323087
3.436842	0.7064769
2.0619075	1.0589888
0.6754256	-1.6298947
2.465783	-0.25569457
-4.820082	-2.031327
2.3963585	-3.1129205
3.862832	-1.2219968
2.960614	0.037086315
-3.3255944	-0.95303583
-3.493626	-1.3725556
-2.3091273	-0.8998516
0.33801034	2.0048819
3.4489758	1.5474122
3.4812288	-0.565399
4.5307817	-0.32129756
3.5724468	-0.23034866
2.3710427	-1.9624511
2.8695397	-1.1272388
-2.382207	-1.4020106
-2.5024168	-2.8756876
-1.6205319	-1.6512678
2.252325	0.8606671
4.307122	-1.5829638
3.98227	-0.7498149
-1.7145165	-0.97393435
3.5384638	0.7713342
2.955373	-0.36722296
-0.73456764	-1.8526212
1.1090497	3.420547
2.4882123	1.1877538
0.22545572	2.8232825
-1.7866844	-1.544951
-0.19395252	3.0486546
2.641928	1.2738104
-0.44958636	-2.8069968
4.49762	-1.6918502
-3.122795	-0.728597
1.1087835	-0.7513853
-0.90022975	-1.8126745
3.6169035	0.34884563
2.7531822	-0.9716493
-2.514204	-2.1797051
1.6545827	1.669999
-6.110451	-1.1615076
1.6408468	3.2856858
1.1128758	3.204569
2.5115082	0.98473
-2.187302	-2.6583033
3.8176312	-1.6244185
0.83739537	1.9434896
3.4892552	-1.0816947
-0.7041578	-1.3439156
4.3595605	-1.9907087
1.6963212	-1.8344625
1.6190246	0.51731837
4.2423897	-2.1100378
2.2473361	-0.3587077
0.75778836	3.4154413
0.8005628	2.9516253
-0.6897867	-1.9640311
0.29753113	-2.1414447
1.1406453	3.3912508
1.539746	-0.54847264
1.6173853	-2.2103055
-2.609134	-2.4495847
-3.447215	-2.9310682
2.3123145	0.038022824
-0.30331835	-1.1709634
3.9050004	-1.8206973
-4.3953996	-3.0266542
0.93655	2.0816567
-1.036948	-0.62569606
2.23509	-0.77978355
1.7408931	2.100032
0.7000153	-1.1383703
5.0956674	-2.1283486
2.6457305	1.5683734
2.5987732	0.24449377
-3.3196912	-1.911065
1.2806444	2.6670513
2.7957954	-0.05251096
4.1760845	-0.37577942
2.6544576	-0.67444813
2.1630733	1.2235773
2.186603	1.6430322
1.7089857	3.6454062
3.7801168	-0.90075725
1.984254	2.1017616
-3.0187707	-1.5807178
3.470507	-2.4204893
3.9611664	-0.6104044
2.5052607	-0.22733505
1.8041652	2.415531
2.9407346	1.4636954
-0.75758517	-2.6364686
2.3365479	-2.009286
4.2474155	-0.5969848
2.3426423	0.94463265
0.22359136	-1.5395123
2.9788408	-0.6305425
3.292261	-1.520917
1.0572089	-1.5431144
-4.357378	-1.2077463
3.0586705	1.942903
-4.7230597	-1.4762086
4.009584	-2.134806
2.9615788	-2.015138
3.4201708	0.15601544
0.3376504	2.8048139
0.5731158	-1.5374386
0.29925877	2.5577362
-1.5226732	-2.3682852
-4.240444	-2.189486
-0.14009479	-1.3625976
1.7358711	1.4541718
1.8185712	-0.7990614
1.8600264	2.10359
-1.42977	-0.40014878
4.6103587	-1.7883189
3.3756042	-0.78167784
3.926918	-1.8390739
-0.2125935	2.307098
0.59405476	-2.4213786
0.06527011	3.9213777
0.40397838	2.813151
2.8207147	-1.3243439
-1.9531809	-1.6565886
3.9112341	-0.96587616
4.168237	0.081417836
0.39216095	-2.7395911
-1.7172273	-0.61581695
-0.39043728	-1.58011
4.981496	-0.5243161
-1.2671489	-1.0839069
3.3713999	-1.315297
4.0704513	-1.6562307
4.9891	-0.9534454
-3.9674106	-1.8974096
3.187005	-1.0811275
-0.20972654	-0.52287227
0.24758075	1.3396862
-2.754224	-0.2718492
-2.5514843	-2.590403
4.209909	-1.3947871
2.9365706	0.3888916
-1.7314566	-2.0091615
2.7110348	1.5209236
2.7324739	-2.9262357
1.3381975	0.28818357
0.9669682	4.201936
4.0908103	-0.47279462
-2.66086	-1.0151011
-4.0492163	-2.2299302
4.148065	-0.07456351
1.1642352	1.6064596
-0.7450194	-1.0971148
0.67703235	3.0143383
3.7185738	-1.1991608
3.4806838	-2.1332235
-1.7464659	-1.0596918
3.4302723	-0.008776722
2.1623447	-1.3927871
3.564385	0.77095443
4.3510113	-1.5866295
3.9743268	-2.0703752
2.0349925	-1.8452592
0.6949961	2.7082884
-2.2319217	-2.9140341
0.7824397	2.504614
-0.10198227	-2.23378
1.683738	0.9530844
3.4255462	-1.7121403
3.3202856	0.16199654
1.0053498	-2.1028094
-4.055523	-1.8755052
-0.8239002	3.543482
0.72150403	2.4760275
0.12707424	2.1336434
0.15453166	2.630647
3.2888255	-0.37353778
1.3369967	-0.5531849
4.087641	-1.2656776
3.5576487	0.867978
-0.17778894	-2.1831322
0.6134828	-0.73258173
5.043547	-1.4673314
2.8468685	-0.8535784
-3.4150815	-1.9581777
-1.0271659	-1.811714
1.6347934	-1.9569409
-3.586914	-2.5012977
4.9031363	-1.2072077
-0.111825556	2.5057232
1.4098985	0.3089582
2.7276354	0.09452204
-1.8698983	-1.9927073
1.7625473	0.6766049
-3.3010545	-1.4003276
-1.0717942	-1.7284435
2.524148	-0.36834374
1.6301386	-2.3659198
-2.9474509	-1.2741474
2.9385076	0.32741433
3.7178986	-0.6313367
3.3025851	-0.21686473
4.0806518	-1.6312222
2.1173396	1.2527566
2.4304512	0.8797332
4.4618263	-2.2025497
1.6426305	1.6705377
-0.044148155	2.1760461
-2.839477	-1.4813046
3.8586285	-1.3964499
3.751147	-0.065664515
1.1251072	3.719028
-0.9916166	-2.0830522
3.5779269	-0.8790968
4.30771	-1.4423518
-1.5565372	-2.3208592
-4.07774	-2.099407
3.4311576	-2.434295
0.9978926	1.9390143
3.104261	-0.67723465
-4.2691975	-3.1384714
3.6926727	0.3889287
3.3035293	-1.1280941
2.9243107	-1.6495684
-2.836747	-1.1880085
4.243414	-1.392678
1.2702101	1.4489416
-1.388547	-2.0785806
3.2845242	-0.89588016
-2.7154152	-0.42831162
-1.8543701	-1.0231335
2.953895	-1.798276
0.5238109	1.2821078
4.232444	-1.5822469
2.0221536	-1.9427246
-3.8275106	-1.4061036
1.1378936	-2.432847
-3.2306046	-1.4573699
-3.0428405	-1.2878541
1.6506007	2.1784146
4.0556164	-1.5887173
-1.1457026	-1.4961579
4.022004	-1.8449315
2.821799	0.384891
3.8743272	-0.11006358
-2.57212	-0.56041914
0.94944084	-0.8661623
-1.7385502	-2.1557117
2.552457	1.8548002
5.0441747	-1.5579292
4.61023	-1.9544122
-4.0144114	-1.550157
4.114869	-1.4823414
5.050412	-1.6023333
-0.44619262	2.0209801
3.7029047	-0.81263494
3.7254581	-2.6038423
0.42827803	-0.82537895
-0.1196848	3.104914
1.3644089	-1.5932493
-1.0760783	-2.4317465
3.0559547	-0.98047686
2.319944	0.48649257
1.1458522	-1.601145
-0.8738008	-1.9445779
4.144274	-2.50528
3.1796098	0.44187796
3.6723146	-2.2390366
-1.820303	-2.4206283
2.0098388	1.2440437
0.67731315	-1.0912064
-0.08890533	3.4347978
4.4881554	-2.121874
1.2992599	1.5357237
2.886559	0.07355821
5.0218825	-1.4428288
3.0338721	-1.2202419
4.168135	-1.5876116
-0.367944	-1.4109489
-3.6759293	-1.708977
2.1341994	-1.0712271
1.5468796	1.5163746
3.6297755	-1.1219456
3.6850622	-0.9373238
3.6550758	-0.7478144
4.817723	-1.4255153
0.1827437	4.8738494
1.1343677	0.18746802
-2.3508425	-2.1091604
1.070999	-1.3734099
3.5042124	-0.6617038
3.7191968	-0.61816776
3.0177138	-1.2050045
1.9762644	1.937553
2.722297	0.35970816
4.1532593	-0.06854595
3.0791845	1.5814971
1.1883905	2.8145
-1.9375892	-1.7898389
3.6278079	-0.4161683
1.5888824	-1.5861802
1.628672	-2.0101428
1.692662	1.4464803
-2.792848	-2.301098
1.8331044	2.4447055
3.7125032	-0.81496006
2.160927	2.0222986
1.9846258	3.1765902
1.8595908	0.04537619
1.26705	-0.13132845
-4.078811	-1.3178135
-0.2519089	-1.8935518
2.5622952	1.2008446
-0.9697188	-0.5464781
4.649149	-1.914604
-3.2753892	-2.4998157
1.483263	-0.9919975
2.4505355	-2.4423873
2.5325978	-1.3270602
0.30537573	-1.5821573
3.961023	-1.1513705
-0.8208367	-2.2746625
-0.52146983	-1.9080232
-4.4336915	-1.673133
3.6932428	-0.95361567
4.7026577	0.44333288
2.4578516	0.48315117
0.45713526	-2.284699
1.6102628	2.1554403
3.6780353	-0.44613135
4.188511	-1.9747416
-5.984326	-1.6548076
2.7774172	-1.1122823
0.26659474	3.2043023
3.3594387	-0.41204268
-2.1137905	-1.6822032
2.9753654	-1.4570897
4.4159083	-0.6379496
2.1649148	-0.55234516
-1.0072905	-0.93113726
3.4449735	-0.53812
-2.1508725	-1.380102
3.0666642	-1.2228878
0.48825336	2.0650518
2.5270605	-2.1048026
-1.9712101	-2.2239604
2.1371906	0.6755125
0.17276716	-1.3346182
1.3650869	2.9025357
2.9696724	-1.2373453
3.0148818	0.025674537
4.93911	-0.5819705
-0.48574913	3.3704731
3.2720826	-0.53931487
-3.8902774	-1.62584
1.7936465	-1.4866713
0.15625733	-2.4154422
-2.5991201	-2.165751
0.75788766	2.233258
-2.0961244	-0.9851288
1.4170805	1.9318916
1.072278	2.9722672
-1.0312096	-2.3667648
0.7207106	2.1204665
-0.6418214	3.3368201
0.04463736	-1.6532708
-1.393736	-2.4762952
0.61556506	-2.8113565
-0.80970246	-2.2205255
-2.8267086	-1.6848185
2.7629647	-2.7057376
3.6642776	-0.81710565
-0.66852826	-1.67701
0.9424906	-2.2512968
1.7668273	0.7374602
3.7720702	0.5128631
-2.357233	-1.5072589
-0.6470628	-0.8980608
-1.1668123	-2.1416383
1.2357855	0.9840293
2.870652	-1.2663652
2.5308976	1.7129452
2.8664978	-1.1698966
1.5764005	0.18772927
-3.1475968	-0.3562523
1.6345824	1.3439697
-0.8788455	4.1621637
4.587126	-0.2505155
-0.3988767	-0.7789821
-1.174403	-0.7845186
2.4422085	1.1906898
3.4455066	-3.7170568
2.195236	1.2951266
-3.106175	-0.47502366
4.1015463	-2.1040995
3.2947176	-0.38355953
-0.22336763	2.4935217
2.0919232	0.7698903
4.3530145	-2.113964
2.869227	-0.3637944
3.3593671	-0.3730828
-3.607133	-3.0550616
0.48315132	-1.9243037
2.9531946	-1.700211
3.4183607	-2.0454726
4.299358	-1.0468087
-2.696679	-1.2151529
1.4098097	-1.8241538
0.5039819	-1.4607512
1.7108787	-0.9428765
-1.1220262	-1.553184
-1.119813	-3.5706918
1.7535405	3.1403277
2.2033587	-2.0093522
1.2370446	1.9271623
1.5828573	2.3027391
-3.1420803	-1.2316006
3.5289645	0.17811257
1.908391	1.5998257
4.4550934	-1.9113251
2.589167	2.0655608
-0.44824693	-0.7712895
5.5423656	-0.72984636
-0.29471648	-1.3807244
2.9450216	-0.6181808
3.3619318	0.8709933
0.38327086	1.8654606
3.764311	-0.7891771
2.6624458	-0.9907698
-2.8719027	-2.0457168
0.21566996	2.9198768
3.3144937	-1.6090492
1.999456	-0.74349374
2.3590555	1.3038474
3.4118984	-2.6895347
3.9823277	-1.8527862
3.739259	-1.1614822
4.2226586	-0.41251013
2.622377	0.78341943
1.4718755	-1.1701647
3.791846	-0.7705603
2.4251332	-0.8699275
1.6549512	1.6353576
3.5477808	-1.5883151
3.3578675	-1.0344713
4.632614	-0.6783305
0.51076114	3.2024906
3.54421	-0.030224973
2.5601282	1.6023408
3.6100142	0.07950789
-1.5119653	-1.0716864
1.1390579	2.796509
-2.9471445	-1.5706505
2.1471403	1.2380954
0.14603941	2.809267
4.456023	-0.621439
4.753885	-2.4698226
-0.36685556	2.4559035
3.6258729	-0.6743631
0.32860994	3.5785823
3.961245	-1.7848462
0.3939844	2.9508429
3.367508	-0.9077658
2.7442138	-0.5801792
0.014391439	3.613639
3.8617566	-1.3378637
-1.3939126	-1.7700143
3.614156	-0.052908443
3.0469334	-0.78393996
2.117325	-2.2383115
1.6549175	0.62750006
3.4232821	-1.7654221
1.3495387	-1.3632536
3.560688	-2.207035
3.2745159	0.3079882
0.5425819	3.2525444
4.674364	-0.32366878
0.3166812	2.5733473
1.8562167	-2.0416837
1.0034031	2.0439756
0.0743663	1.9542401
0.4974978	2.456332
4.069385	-0.925082
-1.7699473	-1.8405541
3.9645376	-2.2730374
-0.7912278	-2.412357
0.6898452	2.4830642
0.80488926	3.5311742
2.5585063	-0.005099569
3.5702717	-1.2360237
5.1641145	-1.4312948
3.9689474	-1.4936374
0.1450358	-2.3197963
5.762283	-1.9523
3.1222818	-1.1673542
2.4481864	-0.09132249
0.7883441	-3.067886
0.73025197	3.1608734
3.023867	0.12888455
1.7277666	-1.7278286
2.7732527	1.7124959
0.69284964	-3.3451385
2.7279594	0.61618125
-3.810389	-1.0337803
3.9978747	-1.1738298
2.0988092	-1.6109139
1.208401	3.4990256
-0.46170682	-1.1274503
2.153405	0.4761393
-2.5629523	-1.0049291
3.0329611	-1.5509676
-2.1894324	-1.4818224
2.726292	-2.6914468
2.1888578	1.6937608
-3.0517836	-0.9364009
-0.75984466	-1.2663308
4.48013	-0.7254224
-0.97539425	-2.154386
0.61872137	1.4669491
-5.403622	-1.6931173
-2.1587672	-1.155357
-3.7938688	-1.4653825
-3.071732	-1.3564893
-2.574737	-1.3212879
-1.217792	-1.2131432
-3.886416	-0.8691112
-3.5477226	-1.9645349
1.7689563	-2.643996
2.0175824	1.106931
3.3275628	-0.28276023
1.1555047	-2.024536
2.596085	-2.0516932
2.8810103	-1.6278769
3.432035	-1.8417335
0.36645	-1.5739146
1.4425497	-1.2214437
1.7629491	0.8215226
3.0235932	-1.6215522
0.4570106	2.9583442
-0.09975654	2.9214597
-0.3052657	-0.98000365
-0.9041263	-2.1797063
1.2761202	2.6610765
0.5235596	2.4276893
2.155384	1.0963032
2.126627	2.6080213
1.6994301	-2.6459985
1.388294	2.1400766
1.3405669	1.0184125
-1.5272353	-1.7988262
-4.189916	-2.9607546
2.4496293	1.1253613
0.88737375	2.1464972
0.7598027	2.8330286
1.6155783	1.678858
3.5366814	0.30264732
0.48518944	2.5732646
-1.5512145	-2.4134784
3.417612	-1.6459426
-4.092108	-1.8897579
2.9219804	-0.35611892
1.3877861	1.3900636
2.8729196	0.09729278
-4.0594954	-1.1146975
2.673117	-1.3437921
5.239258	-2.5050204
1.403764	2.8318744
-2.4488924	-0.019083112
1.5815728	1.7371619
-5.728564	-1.8341895
1.2009995	1.1006036
-1.137378	-1.8947635
-0.6553315	-0.9343459
0.02974832	2.3466659
-0.020691104	3.5075917
-3.772092	-1.362506
-2.7646294	-2.3832254
4.0891633	-1.3638864
0.38359186	-0.7880949
2.189019	0.20128563
-2.8255932	-1.1221093
-0.52483314	-2.6896055
-2.7224123	-0.9676697
3.6358905	-1.4716475
3.9399712	-1.4648486
3.3014872	-0.5603101
-4.2137623	-1.3119822
1.1672373	3.4433444
0.07821318	4.192278
-2.2489364	-0.7422517
3.8444023	-0.4821307
1.1524785	3.5660198
0.613853	3.31914
-0.9826203	-2.4533257
1.1972138	3.0214953
1.876753	-2.2859418
-0.4151814	-1.5574358
0.26831925	-3.3709724
0.9687838	0.65843004
4.398914	-2.1059234
-2.1846666	-1.604219
2.5825102	0.75007105
2.0845585	1.3601528
1.1652304	-0.93865377
-3.329556	-1.2752384
1.9274999	0.42831445
0.061388407	-2.0226924
-2.951417	-0.939461
0.13358428	2.6040761
1.2478527	1.9983679
3.5823646	-1.0268904
0.5754486	1.405455
3.3741143	0.048317157
3.5433955	-1.9070499
-3.5062768	-1.9182565
2.239736	-2.6422746
0.5776736	3.5611537
4.072012	-2.707842
-3.8840396	-0.8695467
3.2504294	0.85994494
5.765714	-1.0650915
0.98469496	1.5071292
0.37249947	2.9571407
0.68715394	1.4192277
2.8000138	1.0048032
-1.2118263	-1.4165553
4.1731386	-0.8949785
4.8934546	-0.33431932
1.5383339	1.4533175
-2.6299706	-1.4434202
-2.1750584	-2.3530762
4.315512	0.099026166
0.8718136	1.5633084
1.707931	2.5049143
0.6451027	-1.3193061
-1.6708568	-1.5977309
0.99536026	2.0428748
2.0614126	0.4509163
-1.085603	-1.5330029
1.7597631	1.6029142
-2.1251493	-2.1170301
4.434567	-1.6111746
-1.050111	-1.8887435
-2.5077446	-1.0375594
3.0928097	-1.7550423
5.4066863	-0.37565938
2.4084256	-0.9929121
5.754736	-1.3698626
4.018982	-1.2820776
4.738494	-1.3508676
4.6537633	-1.1541486
0.9919039	-1.3893198
2.489145	0.1746278
3.0063076	-2.5508466
5.037386	-0.9763125
1.6510214	1.4869981
0.43573457	-1.5007019
-1.4499452	-1.7428954
1.9750403	-1.4792031
1.2685655	2.4677417
0.92970103	-1.5845331
3.5013554	0.38520527
1.9097146	-0.98656946
5.075397	-1.9049991
3.4440627	-1.183317
1.4663246	2.091124
-1.1329993	2.6185322
3.9803772	-0.41977316
2.2135513	0.96485204
2.6044242	-0.7136909
2.4678545	-0.26253277
0.23632742	-1.4658175
5.2417665	-0.8559444
-0.22457263	-2.1390085
4.5870237	-2.0116308
-2.6233408	-2.018718
2.4818664	-0.9955603
0.23199451	1.919095
4.0359864	-1.4752821
5.1961346	-1.9744984
1.0051599	-2.5982594
4.5531435	1.7541639
0.103833266	3.6774719
2.501075	0.25302118
-2.9147658	-1.412679
2.3144174	-1.956898
-3.3849537	-0.17646301
3.042557	-0.62334484
-5.1579003	-1.4195205
3.2793188	1.6693078
1.8136156	0.89331317
2.7978306	2.299829
-4.6380506	-2.0001774
4.615718	-2.4138699
1.1058526	2.3097985
0.3473546	-2.740313
-0.90339637	-2.5475643
3.2463698	1.9552425
2.6957412	-0.18516053
0.774808	2.2437525
1.5272295	-2.1671088
-0.46262926	-0.78395647
2.4452846	-1.8930316
2.5564747	0.64620066
0.44973412	2.6037517
0.882214	-1.797044
-0.45740515	-0.99834293
-0.3509977	-1.4688629
4.2740526	-0.39605725
-4.0155725	-1.507942
1.8714707	0.335069
-0.98293847	-3.0755737
-1.8274455	-2.0932345
-0.24396549	3.1358824
1.1517359	1.429454
3.31647	-2.8242986
3.7947028	-0.5898065
1.9258157	-1.9200438
1.6432894	-0.29046515
-1.0619175	-0.95282173
-2.399807	-0.75716674
4.4114895	-2.5756698
2.4472477	3.0863588
-0.25138903	3.5430431
1.9779838	0.027461985
1.3116688	0.64929473
4.074491	0.20011629
2.080706	-1.438201
-1.4624009	-2.1490026
3.972089	-1.804443
-0.8259039	-0.9622533
-0.7368698	-1.4521677
-1.7405038	-1.9965256
-3.1170313	-1.5901752
4.215859	-0.66635597
-1.1480848	-1.9345386
1.5915626	1.1216828
2.7711387	-1.1736239
-0.79581314	-1.4209087
-3.235428	-1.4617275
3.5804923	-1.7309299
-1.0628515	3.0038617
1.5869036	-2.2990727
-1.2391152	-0.66667056
2.4114528	1.0618646
-2.8084195	-0.8801539
2.7867372	0.44083208
1.8239306	-0.93434256
5.393073	-1.8501071
3.7619383	-1.2368587
-2.567566	-1.4477202
3.4811258	-1.6890613
-1.551054	-1.9493246
3.1809673	-1.1364977
3.9198277	-1.6724896
0.5738692	1.351416
3.1377833	-1.8173369
2.9198463	-0.22593808
-2.3423445	-1.4812552
1.6148195	1.7038168
1.8190546	1.7747136
4.1653247	-1.6873152
-4.3788347	-1.5603161
2.9605165	0.2964241
4.351354	-1.5068606
1.265204	1.8208262
-3.237353	-1.7661734
-3.8457382	-1.2993984
2.4375577	1.1166716
-2.177387	-2.4318848
0.74364597	1.0600401
0.15413696	-1.9634244
3.368392	-0.7399341
-3.565303	-3.804233
2.547498	1.5341402
1.3237582	1.2648771
3.325124	1.2683935
4.535414	-2.3123112
4.6517634	-1.2195227
1.1737198	1.27894
1.3753648	-2.09757
1.0491507	-3.4634688
-0.18263674	-1.5817823
4.4185233	-2.110351
-4.189788	-1.1870756
2.5329921	-1.6711048
1.8297879	-1.1968195
-2.1441565	-1.4163628
-3.4156454	-1.4436512
1.9050646	1.8400996
-0.41140717	-1.3958168
2.8851435	-1.2109034
3.7220473	-1.1884234
2.7415965	0.9462803
2.9949405	-2.225613
2.0374386	0.9334884
-0.45728108	-1.9836855
-3.5623453	-1.3610497
2.8766015	-0.25083953
2.39169	0.6584971
-1.702405	-1.3885404
-3.4126408	-1.9915271
4.2348647	-0.7618557
-0.5643406	-2.418001
2.9056613	1.156016
4.853138	-1.5659543
0.49796635	3.8929539
3.1249707	-1.8489742
-0.8838049	-1.7648759
3.5394704	-0.96841264
3.3872077	-1.9391963
-2.2426615	-1.6874633
2.4709256	0.16337262
-1.3716713	-1.88459
-2.0998693	-0.8551608
4.8635983	-1.8042101
3.1348593	1.1597846
0.12290403	4.1132884
2.5521476	0.6636339
-4.069206	-1.8232616
-0.916034	-2.5477378
2.7838888	1.8131635
1.8554728	1.7473929
1.8664098	2.1848874
-2.8827968	-2.2121875
5.098076	-1.419652
1.3137311	3.2893734
0.535755	-1.0925837
1.4413526	-2.6502762
-0.33747968	-1.8829498
1.6671389	1.4092336
-0.1936378	-0.7392513
3.8582642	0.14770061
3.63188	-1.9694957
2.8502553	0.34365448
-3.3219073	-1.3401171
-2.8225183	-1.7757303
4.779954	-1.884058
2.1428943	0.8708699
3.766868	-0.9910029
-0.87435263	-1.6753066
4.068727	-1.8878312
0.77338165	1.7716696
2.726952	-0.6647917
1.3530616	3.625549
0.82099	2.8804703
2.1807854	-0.6640798
1.9333353	0.7715785
4.2948456	-1.6820997
4.718025	-1.5535256
3.7624667	-2.5238829
3.4470935	-0.98794687
0.5068781	-2.1774287
3.3066816	0.051246166
0.46751443	3.6225123
1.549159	-2.024022
-1.9555719	-2.1350224
5.5188923	-0.7045162
-3.1407087	-2.3919597
-1.146902	-1.7643247
2.9487054	0.24573454
-3.627106	-2.1102257
0.520235	-1.5887984
3.8206873	-0.8775488
-3.1308413	-1.7243965
4.1071773	-1.3322916
-0.39353773	-2.1863642
-3.5944326	-1.817087
2.5406544	-0.5754568
1.749407	0.28991956
0.3101283	-1.1409583
4.132875	-2.2309911
-1.4088973	-1.382547
-2.305695	-1.8762416
-0.011784326	-1.2484357
0.6860395	3.4843113
3.6913254	-0.21710151
2.071063	1.1086766
-1.4638736	-1.4889505
-5.0334277	-0.76856565
0.6439647	1.0305377
0.3764259	1.6890155
0.59803957	-2.4317212
-0.123954974	3.169664
3.3758707	-1.1707944
-2.0910964	-2.7250583
0.2790583	-1.0199869
3.9883995	-0.8661599
3.5898652	-0.1065956
0.90210825	2.7085893
4.182446	-1.5571628
-2.942238	-1.0235006
3.9431427	0.4281741
0.17229536	3.6104693
-1.967584	-1.2126592
0.25500014	2.4800947
2.1384609	1.2008317
1.4617399	1.7510803
4.6911173	-1.9809362
1.1954645	1.4233712
0.36327943	3.4191349
-2.3299043	-2.7783797
4.6617346	0.6422127
4.10783	-1.5388578
1.3988514	-2.4468343
3.7943707	-0.69647217
4.025876	-0.6245025
3.1609068	-1.3938411
2.157721	0.6177293
4.7622833	-1.5496347
-2.9984238	-1.3320842
-1.6830113	-2.3372898
2.2721677	2.6044164
3.2048135	0.11689626
4.14835	-1.7524947
1.9682593	0.9485334
5.307469	-0.6859327
-1.7871828	-0.5512836
-0.34695023	2.4480023
2.2317011	0.52750105
1.7281691	0.3326643
1.978558	-1.8471534
4.2406363	-0.8172551
3.0119486	-1.9976776
-5.573679	-1.237512
4.6757145	-2.5278907
3.4655316	0.18035157
3.63672	-0.19364007
1.4364297	1.790452
4.411936	-1.4252856
4.1332903	-1.2189286
2.973711	-0.3913292
3.5517993	-2.383892
-4.642985	-1.5105094
-3.99929	-1.8948766
4.8054314	-2.001419
3.0702431	-1.0068221
3.565085	-1.5242467
1.565394	-1.9039913
-0.57495683	2.494475
3.4703228	0.2659325
1.5390033	2.4647086
-0.7296122	-2.9648197
1.418201	-1.6138271
3.7887383	-0.44363627
2.151542	1.409289
0.17885396	2.6848373
0.09181918	-0.9693082
-3.062562	-1.2819446
2.1231067	0.37544498
3.5392315	-1.5194154
2.9381487	-1.01766
-0.68131244	2.6186328
5.32237	-1.7434871
0.7423823	1.6915841
3.6425931	-2.0982478
-1.8116266	-2.3484406
2.967544	1.7152352
5.900294	-0.8073773
1.3349154	-1.9261634
3.1605146	-0.7690367
2.4463282	0.74729145
1.3957102	2.3237786
0.6586765	2.1061163
4.822449	-1.6153228
1.6043148	-1.188965
3.2717435	-0.74658114
-0.83303636	-2.2074366
1.4448888	-0.889122
2.3419242	-2.438022
1.585702	2.4877362
5.439898	-0.9550453
-5.5572233	-2.2675653
1.1112425	-1.753602
2.1531098	-1.719464
-1.664878	-1.3125663
1.1399491	2.3954425
0.009648759	-3.2810073
-0.82381684	-1.5826439
1.990422	-0.48284337
2.0738878	-0.9272808
1.8352888	1.8257854
4.9464736	-2.6125386
-3.6952312	-1.7587454
0.9179228	2.1030836
3.0308301	-0.64101976
4.3880386	-1.7690709
-4.324187	-2.13859
2.8628604	-0.5674251
-1.8658097	-1.4498719
1.3833927	1.3990281
4.6228623	-1.7224034
3.2990627	-2.1608667
1.4820974	-1.9148761
0.43843472	2.6504438
1.3678954	0.6397002
3.8831167	-0.57391876
1.7573225	2.6978493
4.5176935	-1.4929557
0.31516808	-2.7184303
0.18930769	2.6269817
2.2391415	1.4049263
3.7328327	-1.838971
0.6814904	1.9791842
0.15848203	2.8525057
2.3153248	-1.941441
0.37392437	3.0195503
4.306525	-1.0828452
3.0523083	-1.04686
1.9685583	1.5946158
5.128574	-0.35486546
3.1665308	-1.8075106
3.405864	2.0244317
5.383587	-1.2357975
4.8505235	-1.9872426
2.445838	1.7080206
-2.4554603	-2.3794138
-0.4510959	-1.3406463
1.182892	1.9982862
2.6549633	1.3998686
2.377293	-0.2852679
0.7518925	1.5331827
0.9651034	2.8330376
3.0611477	0.21654047
2.3596215	-1.6224612
2.0201688	-2.2549636
1.1964561	1.5115272
-0.26077896	-0.5679237
0.41147357	-1.3067979
1.2294083	1.0075439
2.3990488	-0.86697984
3.5249863	-1.6765969
2.4199588	-2.356647
2.4747293	0.22802535
4.0603137	-0.38209176
1.8282783	-0.63921744
-4.031355	-2.4207027
-3.007739	-1.9597585
0.46369493	1.7500021
0.73740816	-2.9047322
3.2916496	-0.18250123
3.4178464	-1.7172456
1.6177281	2.3498127
-0.027268022	3.0505846
-0.97822624	-2.2056873
1.9363568	-1.2166728
0.8115803	3.4379032
-0.432563	-2.9239736
2.7602174	-2.061655
3.1613104	-0.33387846
4.208842	-0.9254552
4.3059764	0.20484106
3.507309	-0.71065086
2.5500689	-2.3475466
1.189447	-0.938181
3.1872873	-0.41898495
-0.02499411	3.3760538
-3.749836	-1.4188294
2.8496454	-2.005742
4.5153923	-2.1423573
0.858606	2.3524659
1.2067904	-1.7625668
4.698035	-1.9215783
-0.10601997	2.5320013
4.3655047	-1.1489254
1.5694418	-2.4239423
-0.75866985	-0.41897875
1.474946	-0.81909317
4.271113	-0.94297147
-3.9229913	-0.4902429
1.654679	1.4273466
-0.81712604	-1.9775536
0.58456177	1.923824
1.9614738	-2.426792
0.13330556	1.8903354
1.7002603	2.012109
0.4674107	3.0274642
-2.7240252	-1.5523179
1.9679182	2.9143863
2.7932842	-0.751714
1.686217	2.746793
0.61253554	2.6872022
4.8593464	-1.3760545
4.8992968	-1.3413266
2.492267	1.5314398
1.3877513	4.865396
-2.066623	-2.0984619
2.3253272	-1.6808747
2.6523964	1.112653
-1.9321356	-1.9162847
1.2994579	1.8030146
2.0759354	-0.31189325
0.07547853	1.7770443
3.8546073	-2.4376454
4.9955354	-2.2966092
0.90855473	-1.8725494
1.3474495	-1.0634766
0.19615512	-0.11190988
0.664353	2.6192346
3.8996055	-0.38553137
0.58731043	2.276295
-3.1781018	-1.8102243
1.6464187	0.8912963
-0.47033888	-1.7397859
2.6215572	-1.3983908
-1.0817846	-1.6197693
-0.44636026	3.730168
1.4224986	-3.4122264
-2.7475946	-0.501306
1.6859808	-2.5215616
-1.6408606	-2.3498116
3.3932152	-1.0634195
2.5747497	-1.8434587
-0.44683823	2.3918593
0.42332396	3.9862733
1.7469761	0.7875101
-0.3543395	-0.6370469
0.88409674	-1.6410496
1.6703148	-1.6097038
2.595035	0.95217985
3.347569	0.4887897
-1.2591473	-2.6460874
0.51761705	-2.5256298
-3.2595506	-1.949191
-3.1640275	-2.3224437
3.9741929	-1.1861902
2.9708788	-1.3381537
4.353067	-1.7701772
4.237416	0.31647637
1.6758847	1.4183512
-3.36955	-0.9539693
-3.6252904	-2.4881704
3.569872	-0.77388006
2.1348374	1.7645962
1.3023992	0.9122974
-3.5247462	-1.8342392
2.1533415	1.901996
2.2701676	1.4489118
3.3522952	0.8238228
0.014564984	3.76397
-3.7142692	-0.8868749
0.7667577	2.3268445
3.502746	-0.9056317
4.1737556	-2.5865436
4.9177	-1.5663202
3.4287362	-0.82356364
-1.5780407	-2.029062
4.056668	-0.017507594
2.047032	2.5502155
-1.8260037	-1.1252029
0.4979326	2.7821004
4.182868	-0.8323052
0.487216	-1.7923745
-0.39126307	-0.77752525
1.2947946	-2.0361586
-4.3453155	-2.8142006
-3.7563243	-2.3006217
5.988434	-1.2933888
1.1908576	1.7103953
-2.2409031	-2.0947213
4.551471	-0.9906616
4.937647	-0.79025286
3.518896	-2.0204313
-0.65355635	-1.8399379
3.9876502	-2.5113602
-4.185506	-2.182939
1.715528	1.2014972
-2.427217	-1.6440618
4.7005587	-1.3995122
0.83816284	1.712204
-3.1458573	-1.4132808
2.8760111	-2.4542463
0.5469824	1.5344237
0.8580814	2.184913
2.8195138	0.60704225
-4.8970737	-1.9422767
1.8727809	-1.5906651
-0.04168988	-0.51199055
1.883225	1.9131191
3.058195	0.81520826
0.17411794	2.4311552
0.34802118	2.5878632
0.70693564	1.5190322
4.8909564	-0.76512897
3.7135925	-0.44607216
0.6841841	2.9476063
-0.23369454	1.136933
-2.8618402	-2.069956
0.6218086	-1.6210513
0.14714716	-0.5688151
1.5999881	1.1939023
2.277789	-2.0231128
4.4385095	-1.0305096
0.89740103	-2.65099
-1.7050564	-2.4671407
1.2394112	1.0761311
4.165144	-1.6422942
-2.9516358	-2.0591352
3.6265054	-2.713746
-1.3076702	-2.4023879
0.40878612	2.603506
2.7364225	-3.082315
0.80454534	3.2686446
-3.7756305	-1.8770562
-1.9546764	-1.7971672
0.5786744	-3.02251
3.1822593	-0.16027938
1.7767273	-0.8342925
0.13068798	-2.4487264
-1.9599781	-0.8901815
1.1535907	1.0575516
1.8209156	0.7740704
2.4993207	0.39873245
1.0702761	2.0661843
2.2810035	2.0622473
2.8827596	1.1132675
1.6031933	0.6606758
4.2185755	-1.7228634
-3.3614063	-0.8429982
-4.5084233	-1.1613603
0.28662458	-0.086495414
-2.2450764	-2.4034617
2.8245857	-1.960297
2.2373235	1.8829035
3.8866105	0.2997164
2.1072304	-1.7063363
-4.2166996	-1.1023543
-0.22121932	1.4359943
4.7518	-1.0016553
0.41252664	3.7131877
-0.024944084	-3.0497572
2.3664613	0.7405331
0.5560055	1.3806027
1.4172438	2.2246509
3.0287676	1.7587434
2.5917237	1.0138252
2.2470365	-1.466145
3.327793	-1.6155115
-2.5499482	-1.9528254
2.0165844	0.15526088
-2.5691044	-2.438286
1.7775363	0.34626412
-1.7398317	-1.6901512
-0.10739329	2.5812337
-0.22077787	-1.3022496
-0.22291645	-1.9259642
4.251203	-0.29669282
-1.958201	-1.2709516
2.7942147	-1.1558226
-2.9170332	-3.0107963
-0.63055295	-2.111774
2.2779248	1.0780787
-4.9362206	-0.60283715
-3.1590793	-0.9544696
2.5502093	0.56755686
0.92735	1.1171091
5.58368	-0.6174593
2.5777366	-0.12446531
1.8449255	0.07823151
4.1035876	-0.12705219
0.20334527	-2.689689
4.386984	0.5690795
-2.1021905	-2.3433297
-3.9692047	-1.5561404
-4.495069	-2.399021
2.455847	0.6564923
1.9655901	0.809346
4.0317903	-4.1040854
-0.0099631455	3.547278
4.9356046	-1.5991186
1.8183386	1.6913699
-1.0209564	-0.8952333
1.0858226	2.4256017
2.4365	-0.24025297
2.8922071	0.71319056
0.27778697	1.639213
1.1218042	1.9310949
-2.7115333	-3.3073838
4.0524325	-1.5179029
0.36765352	-2.4184527
2.1945515	-1.6384789
1.0158907	1.3723981
0.8265799	2.0876539
4.062464	-0.6724057
1.9477031	0.23174484
-0.20811802	-2.8270895
2.6120706	1.2035551
0.46576563	3.0371056
3.6798966	-1.4285786
3.4332736	-1.3606355
-5.2688427	-2.4637156
2.9519305	-1.0754731
3.6416178	0.73567885
-0.20114039	-1.9905933
-1.037525	-1.220383
-3.469951	-2.1602807
4.2591667	-0.7062417
4.265282	-0.09696912
3.0020692	0.27439487
4.138675	-0.72217315
1.4052639	2.2483013
1.8694446	1.2556365
2.5332649	1.8787313
0.7274213	-0.6200516
2.8570642	-1.5252395
-1.7380884	-1.3849986
1.279449	-1.1065785
3.0605834	-1.545489
-2.5222783	-2.1485698
1.8935106	0.48176453
3.4451756	-1.2015569
2.3389459	1.2001386
4.991467	-2.0346622
2.6962368	0.50532794
-3.3363771	-1.6306659
-1.7392381	-1.9662669
1.3977796	1.3865747
-1.4894265	-1.6559824
-4.345288	-0.7853478
-1.1611484	-2.9036632
2.7594323	0.986346
4.7135887	-1.8681978
0.71276885	1.5372298
2.4418647	0.1100673
0.30547407	-1.8434682
1.3539442	-2.1364622
3.6271176	-0.70233124
4.043815	-1.7624878
4.127959	-1.0502295
4.346179	-2.4770956
2.7165606	-0.4565835
1.2074891	3.2430103
-3.442321	-1.8627498
2.0715218	-1.080163
-4.467973	-2.6301036
3.4598129	-1.2301143
4.2807293	-1.5855151
2.343327	0.6372375
4.387482	-2.2655356
2.5766387	1.4307419
1.0099604	2.9384682
4.1674714	-2.2703242
-3.8296149	-0.67079526
-3.1615813	-2.0164363
-3.701468	-0.6259201
2.1809156	1.1951816
4.975118	-1.9826107
-0.31225693	2.8863013
2.91169	1.1530565
3.938894	-1.013939
-0.339666	-3.4783185
4.5026054	-0.694109
1.560281	-0.9178286
3.2175734	-2.999945
3.3624933	-0.47200257
0.5935917	-1.2580969
3.5557919	-3.240939
-0.641533	-2.8257887
1.7951747	1.7909098
4.6982236	-1.582754
1.6861753	1.599098
4.596625	-1.9785634
0.39704993	-2.3196354
1.20211	0.41943812
-3.9518847	-2.5684922
-2.7067633	-0.6878911
0.67134964	1.5293179
4.6169353	-0.9925199
3.2763298	-0.31720847
4.5959163	-1.4276037
3.5646384	0.9290809
3.8934958	-0.18982218
0.96366537	2.572731
-3.5423727	-1.1889585
2.8113542	-0.7213762
-2.404029	-1.092313
-0.3583204	-1.7601466
-2.2830904	-1.7093937
-0.637346	-1.3189975
-3.1864932	-2.4405103
1.8160642	-1.1995231
1.461382	2.0364509
-3.7214253	-1.4451325
2.9654617	0.8171645
-0.42175895	-2.2532537
4.589646	-1.6535655
0.7426823	1.9882461
1.4706951	2.428725
2.2583842	-1.3782028
4.431788	-2.0756595
2.0184398	0.6188253
-2.5883567	-2.0429435
1.2162162	-1.719439
1.1230221	-2.1919243
4.4244556	-2.2134798
0.63901526	4.928285
3.7706718	-2.060059
5.2138085	-1.5792266
1.122681	1.2549175
-2.5495727	-2.117049
3.3112986	-0.9016167
3.6264803	-0.80762655
2.0338871	0.56263316
-3.7307024	-1.3939712
2.9078896	-1.908151
1.4353808	-1.6353129
0.5046391	3.036156
-2.4097369	-2.491618
-2.2064502	-1.7332978
1.5137942	-1.0234247
2.356587	0.88965577
-1.1423963	-1.7147028
1.9216927	-1.383357
1.8090694	-2.3963106
-4.275071	-0.3004985
3.1499846	-0.32263085
-3.7133899	-1.7689705
3.090757	-0.43717417
0.031814024	-2.4489286
-0.5623503	-1.2190315
1.9137673	-0.30579752
0.11515685	-0.8915806
3.9103596	1.3375347
-4.34362	-2.1606882
0.35998535	-2.0028777
5.3111153	-1.8847293
1.380353	2.4128563
-0.45750502	-1.9458952
-5.4162745	-1.5824858
3.2877972	-2.09129
3.491138	0.7900344
-1.1360593	-2.3323476
0.80362904	2.320365
-0.14114758	-1.2454348
1.4700884	0.69750166
2.739965	0.96926796
0.8800906	-1.3655124
3.0231369	-0.33752662
-2.8150535	-1.4152043
1.0336162	-0.14004697
-0.9302619	-2.0421436
2.4956079	1.0991492
4.5590086	-2.2925172
-2.9579277	-2.0789874
2.830054	-1.2746543
0.6661724	2.1582704
-0.68679255	-1.4001788
0.5604132	0.88343585
-1.4621067	-0.82405156
3.2335837	-2.2916
3.7928646	-0.25457135
2.4295208	1.9243143
4.3074317	-1.864847
0.78050596	-2.1714194
2.202335	1.4645904
1.5307499	-0.14185993
2.9239361	-1.601293
-3.240553	-1.0114332
-2.0361314	-0.43510285
1.0285116	-1.8052874
-0.14513718	3.4713275
-2.7572582	-0.9965232
1.5656301	0.73874557
1.1502792	2.087673
3.3290083	-1.2452153
-3.5536814	-1.2693193
1.0391129	-2.252757
-1.1304861	-1.3244884
-1.2350076	-1.838691
1.6056476	-1.3363073
3.4914565	-0.6424408
1.8234614	1.5071639
0.52165765	-1.6204982
0.45652425	1.7908971
3.2898977	-0.06377309
2.8867226	0.51943547
-4.556029	-2.252173
4.501081	-0.12355393
2.1728368	-0.27126297
5.0390015	-1.5970261
4.650783	-0.8643008
1.5024432	1.7608805
1.8244095	1.6434176
2.1988597	-1.9900713
2.9751441	0.87635624
2.749121	0.92534584
4.052111	-0.8610805
5.2647357	-1.4685456
0.8842676	3.3300605
3.2874029	0.64531946
3.5028641	-2.120348
3.510027	-2.3787673
-2.364589	-1.0593449
-3.7576652	-0.8057391
3.602909	-0.06332566
4.5650725	-0.38819513
-1.0941201	-1.0164045
1.8403574	-0.41521034
-2.9554636	-1.8675195
1.2247685	-2.343381
-4.4474196	-1.991278
2.5862286	0.07744072
3.0011697	-0.6709172
1.1440812	-1.1435084
-2.6183476	-1.6768417
-3.3323896	0.027109977
2.5845864	0.82224345
2.9340007	-2.2357287
4.4968705	-1.4835266
2.4339378	-0.9763993
-0.4547348	-1.5409193
3.9172747	-1.2338296
0.97186655	4.399003
1.4298613	2.7563155
-1.7299695	-0.67737424
2.30798	0.060353603
3.6071515	-1.1937692
3.3099785	0.6284935
1.9086901	0.6018506
4.768209	-2.0821857
-2.184468	-1.5806832
1.3988547	1.7430398
-0.58801895	-2.1991465
1.2094184	-1.9952003
1.377141	1.6987927
3.3620834	-2.816712
-2.2018905	-1.1595832
2.2811487	-2.0253155
0.53004056	2.0721562
2.4799204	-0.8199694
2.1739006	-3.3984025
5.098525	-2.1567054
4.0514655	-1.1459534
2.2978878	1.0472594
-0.11586428	-1.7004519
-0.39336962	-2.529149
0.9006264	3.7509081
-3.9779763	-2.1018267
-0.6320467	-1.926336
-3.0364501	-2.2295518
1.141616	-1.1849035
1.5949409	-0.017871367
2.589514	1.1808159
3.0893066	0.60028994
0.86121595	1.4379426
1.7810417	-1.5139568
-2.8840206	-1.154761
0.5575798	3.8090627
0.21267594	2.9430397
0.80678385	-1.2644529
-2.9077535	-1.6597378
1.057645	2.3520067
3.6724937	-2.071443
3.5491161	-1.6057163
1.9951859	-1.3729448
1.7352284	-1.2100247
2.2811158	-2.2041833
2.3308203	0.010445563
-2.921094	-1.3377428
4.0959015	1.2514974
3.835752	-2.209742
3.1681533	0.37494102
4.412937	-0.81535804
-3.218865	-2.1433067
1.4783973	-2.871506
2.8911102	0.25803578
0.9815024	-2.5121307
0.2327062	1.6924117
-4.0067945	-1.7395287
0.7597087	-1.7743496
3.8373368	-0.38540336
-0.12272317	-1.7737752
3.2184966	1.1461865
0.9668365	3.242137
0.69187886	2.6389313
-4.824149	-2.618045
-3.5571167	-1.3646337
-2.931323	-2.928678
2.9671974	0.9497414
-0.07766938	-1.9340584
-0.11864288	3.9529693
3.5337946	-1.5911336
2.4757006	-0.9780071
0.56428003	2.5912368
3.5157733	-0.20335047
4.1840687	-1.263599
3.7421503	-1.3563333
-2.41637	-2.1512017
1.7527654	1.5884007
4.608444	-1.5495706
0.32343566	2.0863109
-3.0084524	-1.5664884
2.2883155	1.332938
2.222313	-1.5976688
4.0847135	-0.23428209
-1.4909436	-0.94770926
3.9795241	-1.013717
0.64187473	0.84037125
1.2569021	-0.19575982
3.7180827	-1.7194675
0.8300727	1.8891488
-2.333812	-2.0488591
2.1645417	-2.7208848
-3.3407652	-2.0225203
1.3739563	-2.8745232
-4.4204507	-2.9135022
-0.22929087	-1.5302795
-4.807567	-2.1850095
-2.8879907	-1.4415985
1.6150419	1.7142564
-0.99288195	-1.9522102
4.3966355	-1.3842323
-2.3853078	-1.0649464
6.030611	-2.1692789
-3.5686288	-1.9367656
2.3201218	2.2540905
3.6884284	1.2395617
-0.9066106	-1.7859716
1.3193607	0.19885562
-5.4045544	-1.1568233
0.34725156	-1.4268017
1.2151304	-2.2283428
-4.245704	-1.0602441
5.0227594	-2.5731714
1.7635714	1.0204939
3.2719631	-0.42114583
4.113797	-1.8830177
5.6328735	-1.3187828
3.4740252	0.41764393
1.954034	-0.36067945
3.0706308	0.27988574
-4.4494042	-2.6346416
2.4457293	0.9467919
1.4549736	2.368476
-2.324396	-2.3750901
2.105954	-1.8967282
-4.199805	-2.0315924
4.45427	-1.544031
0.44763753	1.4595039
-4.016943	-0.221186
3.4408839	0.06915639
-1.9454225	-1.646319
3.461109	-0.10838576
2.3194933	0.64994645
2.8696425	0.54198736
2.2175062	-0.79444546
1.0498644	-2.192031
1.5521593	0.6359734
4.5395446	-1.3833102
0.27130672	3.1223564
4.7888	-0.23249254
-0.117816746	-1.7344217
5.134406	0.1934154
1.2352997	2.7087283
0.21208511	-1.4199177
-0.26352373	-2.607243
1.6120967	2.1692781
-4.6589475	-2.455508
2.7152798	-0.6377638
-4.725718	-2.3450425
2.936612	-0.23859546
-2.2493153	-2.3669236
-2.069053	-1.6300721
-0.5327957	-1.5967433
5.30923	-2.315207
3.6441503	-1.5846754
3.9491932	-2.2784193
4.9570894	-0.96989393
-1.9942058	-1.1549565
0.26539275	0.82346123
0.03113526	3.1073043
4.487692	-1.0653375
-1.4215851	-0.78649163
0.8692751	-1.133324
2.3004951	1.605866
1.4771774	-0.9695926
0.569936	-1.4427338
-4.8379083	-2.4752645
1.7318805	1.3115584
3.214296	-1.8211643
1.2514691	2.9803748
-3.3334713	-1.7677568
-1.3911059	-1.0119871
2.17667	-2.6547327
2.4334314	-1.9948062
2.3478687	0.95110667
1.1547841	2.6353114
4.6070366	-1.7857443
-1.1711905	-0.5288334
-3.9788659	-2.269953
1.3172051	-1.6167419
-1.9343419	-2.4971275
3.565156	-1.0505397
-2.347096	-1.2904066
3.1579778	-2.908179
3.2263317	-1.3082259
0.9763639	3.2124224
-1.273857	-2.6080182
0.09748594	-2.6799707
-0.56956184	-2.6645737
3.921832	-0.7187303
2.288943	-1.0612888
-1.3610445	-2.0213902
4.197998	0.44145203
1.5203317	-1.2617172
3.4875987	-0.80041504
4.3247147	-1.1525071
-3.919127	-1.5369631
-2.1533968	-1.6761361
-1.8922493	-0.43834513
3.5691545	0.105332516
-1.5471915	-0.79820585
3.543257	-1.5269886
-0.023287702	-2.5484405
-1.5664732	-1.7585932
-4.846411	-0.21921597
1.1974293	-2.045023
2.597144	-1.0266145
2.6006114	0.30229938
-1.1946251	-1.7100177
0.3558187	-2.031392
-3.9254675	-1.8632848
4.6497903	-0.541125
1.7943546	-1.7439882
4.071927	-1.732602
2.4216774	0.34655133
2.8498259	-0.35749748
3.969725	0.58713776
4.866983	-1.1282982
5.5888824	-1.6003622
2.2239425	0.534193
2.2418966	-1.9651804
0.54130816	-0.91332155
0.783669	2.0232565
-0.040533286	-2.3844073
1.393387	0.89005226
2.5830836	-0.01966143
3.2435334	0.3366127
2.1512556	0.26759386
1.425249	1.4685912
1.0283631	3.3234165
-3.3279781	-1.8135308
4.4177895	-2.5282452
-4.9496493	-2.3821902
2.7048235	-1.5149835
-2.178095	-1.5629063
4.229547	-1.9307339
0.7573479	1.9287603
-2.8888986	-2.4166431
-0.68695426	-0.25188273
1.053215	3.5108004
4.3478	-0.90532506
2.4979963	-1.7909573
2.184981	1.3485695
-2.2632432	-2.072562
1.4957262	2.7990618
1.817132	2.2519124
2.9496877	0.29595128
3.3849385	-3.0861552
0.8753965	2.0293794
4.6287317	-1.8237568
1.3217437	2.1185918
1.6829524	1.062303
-2.4266431	-2.4344904
0.419773	3.3233714
1.9926115	-2.09747
4.7129793	-0.50979644
2.945881	0.29704148
4.3112507	-0.7532478
1.6323018	3.4011705
3.564106	0.16330206
-2.3109725	-2.0323856
0.28585386	3.4915755
1.0487922	2.01074
4.4285903	-0.75492615
4.1028986	-1.6288276
1.6940662	2.327769
-4.1453075	-1.6214786
3.6518753	-0.05179196
3.8642828	-1.9158216
-4.5986633	-1.5713313
1.8700259	0.9517056
-3.6941009	-1.2579896
3.495186	-1.4106312
1.6954976	-2.174948
4.0001907	-0.62050587
6.4891295	-0.8346218
2.4343004	0.69432384
0.29604325	-2.6557713
3.764274	-1.4295816
-3.655067	-1.315228
-1.7300004	-2.3872979
0.18728487	-2.3179169
3.2279618	0.7171042
2.4029758	1.0797281
-0.5932818	-3.0906405
-3.981088	-1.8498502
-1.8467197	-0.8678303
1.3779763	1.6749436
1.3645928	-1.4187413
1.5848385	2.6059637
4.272646	-2.8420343
1.9183978	-0.80568314
2.3776515	1.0842669
1.6198815	1.601081
0.19460206	-1.3850417
4.002452	-1.9338796
4.008341	-0.98444915
2.0488176	0.6356961
2.7250524	-1.3022778
-2.603209	-2.2334225
4.0392933	-3.1804602
4.001916	1.2072052
-0.13917692	3.041892
1.3262683	1.9549193
2.2437646	-1.7124358
0.70840865	-1.8434508
0.83798087	-2.4933991
1.4583797	0.5723703
4.033148	-0.9946579
4.9194136	-0.3664928
1.9550837	1.532052
2.0763755	-0.47159088
0.23900346	2.9453635
4.1651597	-0.18498969
-3.1036563	-3.1655183
1.8655286	0.58054686
2.3644354	1.5333726
-2.2234936	-1.609919
-1.0848749	3.271001
-0.59008765	-1.206871
-0.2645428	-1.3811773
4.5605474	-0.83489865
2.8529143	-1.4230362
1.5888734	0.74233764
3.0691457	-2.4573529
4.383704	-0.4921779
0.15176563	3.4604244
-2.543423	-2.193602
4.705456	-0.28949577
4.4483566	-0.93233573
0.2849555	-1.6940914
-5.1519628	-1.1721753
0.18528238	-0.75514793
-0.24063168	3.5720642
0.56776893	3.4289036
2.0843606	1.7735043
-0.109248884	-1.8764124
0.24086976	2.8572738
1.6208674	3.403092
1.1894035	-1.3896078
3.1461475	-1.4775349
1.0305014	3.354467
-0.90248185	-3.0623727
0.1913374	1.6128738
4.4070983	-2.5493858
0.47350416	2.2169957
0.5013123	3.0986702
3.8187292	-1.1873238
0.56958735	2.412697
-1.4297171	-1.8528906
3.4395814	-0.34356624
3.6950731	-2.053159
2.5168421	1.2918417
2.000868	2.664994
1.4884963	0.48096514
2.5451145	-0.27012777
4.494388	-1.241879
2.6460996	-1.594995
3.6749942	-2.7818599
-1.7340903	-2.084147
3.5049229	1.4250699
4.376039	-0.7878866
3.8385026	-0.122848615
0.8845191	2.663562
4.415093	-1.0884721
2.398498	-1.0997236
0.86063313	0.75818336
1.4141754	1.4609609
1.6350085	-1.7760514
-1.1023213	-1.5565875
3.5676534	0.6716996
-3.1813354	-1.457538
1.2834333	-2.3590937
4.8544536	-0.9909789
4.2892437	-0.6741875
-3.9662101	-2.513409
3.3042593	-0.7921293
5.1971145	-2.021364
-1.9246696	-2.1423857
3.0135474	-2.034908
3.4505644	-0.9546747
3.7208493	-0.26198387
2.5019212	0.82690525
-1.0759321	-0.5535976
-4.3441553	-2.718737
-4.2681046	-2.0638063
1.9392914	-0.58908725
5.352235	-0.5515082
-4.089786	-2.1927707
3.9153805	-2.9633577
-4.798682	-0.90240943
-3.2190871	-1.006618
1.3833977	2.593618
2.6184273	-1.421772
2.1999922	-0.78137565
1.5729516	-0.7968762
1.5000311	-1.78883
2.245848	1.9391478
2.3242671	-2.3751743
3.4983883	-0.6091903
0.89619637	0.94848955
1.964578	-1.0072526
4.34051	-2.526993
2.9570124	-0.29527467
2.9693098	-1.4977493
-3.4043725	-1.7934793
-4.268311	-1.5297844
0.5878818	-0.90396065
4.801891	-1.1633558
3.1420963	-1.5792534
-1.2719728	-1.5218695
4.382402	-1.4263438
4.3842053	0.2255186
0.11186569	3.1462612
2.2088418	0.34442604
3.3515801	-2.645144
1.0867579	-2.0534678
1.2792577	2.3947034
3.3255067	0.8744086
1.0532889	2.2104957
-3.2500687	-2.568683
0.81566554	-0.524671
0.35840008	2.993845
-1.2217869	-1.7766166
0.7949219	1.9400448
3.528564	-1.3255514
4.35438	-2.238405
-2.2889125	-0.3488084
-0.8928519	-0.82959855
1.027439	2.242523
2.8725648	-1.1005597
5.010033	-1.3104539
1.9044062	1.330173
-3.3242433	-2.5010822
-2.476719	-2.1793938
3.3906395	-0.68264043
-0.25567597	-1.3890353
5.122954	-0.6460636
-0.23948774	3.5886266
-1.1186205	-1.6549778
5.167133	-0.6319116
2.7399993	-0.54547286
4.1851354	0.025929937
3.0876412	-0.40278536
4.8306313	-1.1165016
-0.3908072	2.9475229
-3.4714437	-1.9038229
2.756805	-1.6875349
1.3132849	3.3762352
1.3042496	3.021794
0.5748838	3.3591213
4.244571	-1.5313234
5.2545204	-1.1970546
1.224908	3.0762932
2.745496	0.63504636
1.1644816	1.8729688
0.9926883	2.4708548
-1.2567252	-1.022036
-3.9048812	-1.827493
2.487266	-1.1769195
3.0351315	-0.99054813
1.2549495	1.3677077
2.011285	-2.037259
-2.841468	-1.5606002
2.749367	-0.5508169
1.4559909	0.50089157
2.0035524	1.2890868
-0.69105655	-1.6813098
5.1418138	-1.1622968
1.6137409	1.647506
-2.5010724	-1.5698433
-0.10524782	-0.41893747
4.17106	0.45977935
0.4283225	3.537185
0.14495713	-1.0016271
1.7818421	1.9244933
2.9362714	0.91642207
2.7461789	-0.6014496
-0.16276118	-2.0433524
-2.2272253	-1.9175628
0.36332902	2.6849086
0.5403585	-2.5766346
2.9809644	-0.5094037
2.1945589	2.3638954
0.20655072	3.2872038
-3.534007	-2.1895545
3.9673445	-1.0565584
1.9139918	0.7053423
2.2810175	0.95218676
-4.5134254	-1.2296456
2.946343	-1.2999476
4.0342364	-1.2926785
4.978362	-0.9656084
-2.3193161	-1.7094318
-4.353964	-1.4584197
-1.2292249	-0.82912666
0.17506522	-0.92337567
-4.166799	-1.5614893
3.278505	-0.17490473
4.933775	-1.4957578
-0.59990025	2.2896008
3.0472362	-0.4525181
1.6485263	1.2973822
3.9325767	-1.5517035
0.79945594	-1.4763067
2.7328446	-2.0254796
-3.9487543	-1.9396594
0.64773136	-0.7732119
2.4999018	-1.6708356
0.88714635	4.768041
-0.6731076	-2.1232526
-0.5366386	-1.9971141
-0.88139254	-1.1769012
2.6453853	-1.7610695
0.8437131	1.2247922
2.5425022	0.7333614
2.261941	1.9858805
1.9438344	-1.9543717
-1.5281047	-2.1077979
-4.3799915	-1.3758993
4.068044	-3.2442567
2.0589492	1.9154958
-1.2007517	-1.2228568
-0.5334238	2.9895847
0.059078425	2.919654
-3.5334034	-1.8991146
2.9014535	1.0178676
2.8991258	-1.603321
1.5825057	2.4871387
-0.86697656	-0.92527896
1.9201605	2.0160687
2.6073277	0.31531528
-3.2241287	-1.2717128
2.0653791	1.143154
2.6696186	0.21297966
-0.45482877	-1.6697495
0.2679439	2.4947798
0.8047738	1.7699542
1.8992529	2.1044865
-1.064287	-1.2202978
-1.369112	-2.4519212
-3.1608953	-2.0370746
3.2459276	0.7417272
0.04387021	2.0034606
-3.0390291	-1.4389871
-5.9804225	-1.7312728
2.7092128	1.3563277
0.67516094	-1.6486857
0.9134837	3.6108406
2.3930292	1.7077645
4.2128906	-1.7247305
-5.8757176	-1.6737152
3.2714071	-1.6112107
4.0237317	-1.416766
-0.69220775	3.9995487
2.070636	2.224193
2.2105002	1.6595811
3.860741	-0.14034766
0.4979862	-2.4743013
0.42820638	-1.7557176
4.909281	-0.8663102
-2.5187294	-2.6570022
0.74856716	3.4194558
1.4634584	-1.6066611
2.4953122	1.9086612
3.0288923	-1.0342072
5.0766563	-1.1803983
-3.6250997	-1.4798765
3.073871	-0.8239959
2.9698172	-0.6372925
-4.1941166	-0.65799963
-1.7554609	-1.1048895
5.112701	-1.9133774
3.2557623	1.2205062
-2.7607455	-1.3616192
-3.7778804	-0.42612594
1.3055694	2.5203555
0.17687212	-1.4745573
4.065451	-0.8577018
1.5897636	1.7154677
1.4892448	-1.673578
-0.06522273	2.9846544
-2.7579553	-2.6047688
0.690682	1.9088421
-4.0476813	-1.5257654
3.4329047	0.22078134
2.127081	1.5488801
1.0881974	-1.9891839
0.35234994	-2.138633
3.2639365	-0.84754777
1.7214005	0.83505166
-2.6894276	-1.3254802
-2.3395908	-2.0338268
0.9593715	-2.0317068
-4.267307	-1.5591193
3.1932554	1.4068629
4.263543	-0.9376169
1.4564984	1.0893457
-0.536955	-2.3249114
1.2971368	-1.8277736
0.78897464	-1.290494
-5.324343	-0.8115105
-0.68596804	-1.4165682
3.716073	-2.501279
0.20958479	-2.4344296
4.9698176	-0.42152387
5.6477647	-1.4489012
-4.008216	-1.2425431
3.786907	-0.27008167
4.509499	-1.4748852
1.5680577	2.8502402
0.039579514	-0.93299156
0.11591629	-1.5823659
3.767818	-1.4641595
2.619813	-0.5218822
1.2797211	2.4868195
-0.88610977	-1.9813864
4.67119	-0.7079342
-4.2409534	-1.4688425
5.9307137	-1.0241507
-2.214968	-1.3486446
-0.412949	-1.3873513
4.6488175	0.07871021
5.4788885	-0.91843724
5.5234094	-2.642208
2.2055469	-1.0698477
-1.1451137	-1.7072189
4.124591	0.1941614
3.2558115	-2.271775
-2.055067	-1.2688036
3.1614664	-0.84634256
1.0466822	-2.3505516
-0.18493395	2.506662
2.7377374	-1.2387052
1.4456726	-1.2681309
1.0003642	-1.4208863
2.209722	0.2918611
1.4914078	2.0898933
2.7664073	1.5497295
1.3127646	2.6165285
-4.427109	-1.09035
2.6837173	0.15305197
-2.75861	-1.2545525
-0.23166049	-1.7234782
0.27597663	-2.176561
-2.7674928	-2.2514143
-3.6331148	-2.4307904
2.6241748	0.7534368
2.6803696	0.67191666
1.9626484	0.28198704
1.0985699	0.99911666
2.6582243	-1.3776635
-4.2618985	-1.3622106
-3.597953	-0.8814448
-3.309936	-1.8547657
-0.56927055	-1.474186
4.199364	0.3122078
0.14007308	-1.8706985
-0.34319848	2.1730716
-5.2465916	-1.5789217
4.199829	-0.09648982
-4.690794	-0.8344576
2.8050432	1.5091536
1.714228	-0.029735688
0.81991297	-1.6288161
-1.3823545	-1.0278498
2.9010248	0.042539902
4.998364	-2.0081375
4.0674686	-0.5356383
1.2934182	-1.265176
2.8203862	-1.0152935
1.2331332	1.7586367
3.6347504	-0.56151146
-3.6847003	-1.1611845
4.444072	-0.43744108
2.5240142	-0.14161159
-3.195154	-2.2561655
4.0519524	-0.20327872
3.7907448	-0.47813183
-0.26518598	-3.0491757
-3.6007674	-1.391579
-0.23789829	-2.24282
4.8654757	-1.6933641
-0.14635086	2.6877627
-2.7726908	-2.324511
3.4957032	-1.4055177
3.156651	-0.020988349
0.54182565	3.5878966
1.4508963	-1.6610246
-2.1975393	-1.8986615
2.3601232	-1.6203183
3.5411901	0.6475068
2.4408135	2.0423868
0.62690735	-1.9891449
3.0673425	-1.2264858
3.5265057	0.038221985
2.1658072	1.5021248
-1.3417118	-1.6360906
1.5563893	2.7647376
-0.1837562	3.3193812
-1.3881148	-1.3364936
1.0122035	3.1823838
2.0782716	-1.5349929
3.6521342	0.04953845
2.405791	-0.14590962
0.841516	2.2031221
-1.8451421	-2.3479428
0.29993966	1.8848524
0.26129442	-1.7103987
-0.3382755	-1.7392569
4.0212855	-2.4312077
3.6744976	-0.7062447
4.3642926	-1.464403
3.9493887	-0.47590238
5.3129907	-1.1597296
5.008469	-0.46112883
-4.2343173	-1.7900127
-3.49717	-1.8801485
2.7498374	0.30846822
-4.372394	-0.9315059
1.2549113	2.734476
0.40604705	-1.5030078
2.7943769	0.87768054
3.387924	0.11482325
1.7965662	3.6522436
0.55457205	3.5806675
3.7073045	-1.1912223
-1.2716675	-2.1338081
0.8655637	2.8600771
-0.44878644	-0.45946226
-0.42772925	-1.4288152
-3.7286346	-1.634747
1.5081617	3.2247803
-1.635897	-1.0636367
-1.0674429	-1.5910312
5.347409	-0.8602184
3.517749	-1.0292854
0.28205472	-1.8414164
4.5955877	-1.7376434
2.0596294	2.195503
4.546647	-0.626511
0.25601798	2.5224717
3.0250554	-0.19322285
3.6830432	0.40938026
2.7258265	0.15069067
1.7585417	-1.858854
0.16729559	3.9316325
2.3511431	-0.22155987
0.19283149	3.7354872
-3.2490036	-1.6278408
0.51622045	-0.41004357
-4.799063	-2.2506113
4.2072687	0.03676813
3.109081	-1.2476846
-5.821521	-1.9312686
3.4431763	0.4356278
0.26132816	-1.9732027
0.33671242	2.984093
3.179908	0.91406333
-0.38110942	-1.4240851
4.244643	-0.1853024
3.157535	-3.2747293
4.775875	-2.0638783
-3.5306334	-2.4984694
4.6951585	-2.2217257
3.7118015	-1.6996931
0.8387811	3.0978885
1.1119407	-1.5584754
1.1072737	-1.654341
-5.204879	-0.64371693
4.210996	-1.2788811
1.9324007	0.99209774
2.0869024	1.9637328
3.4609785	-1.7639782
4.5392184	-0.7577183
4.4757113	-1.3938828
3.3114367	0.2725498
0.20288771	1.7193491
-3.2948594	-2.0288906
3.2473106	1.708456
1.1441679	2.9259853
0.11469892	2.2381878
-3.2554288	-1.7095457
1.5918366	3.620751
1.2645985	3.1229658
0.35661796	1.7991811
2.8501627	-2.2952201
1.34916	2.0353699
-3.6130939	-0.9294536
4.211	-0.90163094
2.7942991	-1.5934125
0.6373482	2.8570037
-4.466504	-1.7380699
3.5035057	-1.2224606
2.4708128	-1.7360628
2.7979538	0.16866945
-4.1416354	-2.6827786
4.4773297	-0.29272288
0.6999595	2.395147
-3.4273968	-1.1891153
2.908336	-0.8537099
