0.46 0.44 0.52 0.11 0.5 0 0.5 0.22
0.47 0.39 0.5 0.11 0.5 0 0.49 0.4
0.45 0.4 0.5 0.16 0.5 0 0.5 0.22
0.73 0.63 0.42 0.3 0.5 0 0.49 0.22
0.4 0.45 0.57 0.18 0.5 0 0.56 0.26
0.49 0.39 0.52 0.29 0.5 0 0.48 0.22
0.48 0.39 0.51 0.21 0.5 0 0.52 0.28
0.41 0.53 0.45 0.14 0.5 0 0.52 0.66
0.64 0.56 0.56 0.22 0.5 0 0.45 0.22
0.66 0.62 0.49 0.1 0.5 0 0.49 0.22
0.38 0.49 0.53 0.19 0.5 0 0.5 0.22
0.48 0.54 0.55 0.12 0.5 0 0.51 0.22
0.47 0.39 0.59 0.15 0.5 0 0.57 0.22
0.58 0.51 0.49 0.27 0.5 0 0.57 0.29
0.4 0.45 0.56 0.2 0.5 0 0.45 0.22
0.64 0.57 0.57 0.27 0.5 0 0.37 0.22
0.47 0.39 0.55 0.24 0.5 0 0.47 0.22
0.42 0.35 0.54 0.18 0.5 0 0.56 0.22
0.3 0.56 0.55 0.18 0.5 0 0.5 0.22
0.65 0.65 0.52 0.16 0.5 0 0.6 0.22
0.41 0.4 0.59 0.47 0.5 0 0.48 0.43
0.6 0.5 0.57 0.25 0.5 0 0.41 0.26
0.39 0.58 0.5 0.26 0.5 0 0.54 0.59
0.39 0.47 0.56 0.16 0.5 0 0.47 0.22
0.59 0.48 0.5 0.14 0.5 0 0.45 0.25
0.44 0.39 0.53 0.14 0.5 0 0.54 0.44
0.45 0.43 0.51 0.24 0.5 0 0.54 0.33
0.42 0.43 0.56 0.1 0.5 0 0.49 0.22
0.4 0.42 0.71 0.21 0.5 0 0.54 0.32
0.4 0.42 0.71 0.21 0.5 0 0.54 0.32
0.48 0.61 0.44 0.2 0.5 0 0.47 0.22
0.49 0.43 0.51 0.13 0.5 0 0.47 0.22
0.54 0.38 0.52 0.18 0.5 0 0.48 0.22
0.48 0.64 0.61 0.23 0.5 0 0.6 0.22
0.59 0.5 0.52 0.28 0.5 0 0.55 0.25
0.53 0.51 0.46 0.28 0.5 0 0.48 0.22
0.35 0.66 0.49 0.21 0.5 0 0.54 0.25
0.69 0.61 0.38 0.27 0.5 0 0.52 0.22
0.45 0.27 0.57 0.36 0.5 0 0.52 0.18
0.51 0.53 0.55 0.14 0.5 0 0.51 0.22
0.38 0.48 0.59 0.22 0.5 0 0.46 0.22
0.56 0.52 0.55 0.19 0.5 0 0.54 0.22
0.55 0.46 0.53 0.11 0.5 0 0.52 0.48
0.57 0.59 0.44 0.16 0.5 0 0.52 0.22
0.59 0.58 0.46 0.19 0.5 0 0.56 0.27
0.63 0.61 0.41 0.22 0.5 0 0.51 0.22
0.53 0.68 0.42 0.19 0.5 0 0.53 0.22
0.73 0.55 0.41 0.16 0.5 0 0.46 0.22
0.57 0.61 0.45 0.26 0.5 0 0.5 0.22
0.25 0.4 0.51 0.18 0.5 0 0.5 0.27
0.56 0.62 0.53 0.24 0.5 0 0.57 0.22
0.58 0.6 0.51 0.24 0.5 0 0.53 0.22
0.71 0.59 0.53 0.15 0.5 0 0.49 0.33
0.81 0.82 0.41 0.36 0.5 0 0.39 0.22
0.45 0.4 0.56 0.14 0.5 0 0.54 0.22
0.51 0.58 0.54 0.29 0.5 0 0.53 0.22
0.62 0.58 0.52 0.15 0.5 0 0.52 0.29
0.5 0.5 0.48 0.17 0.5 0 0.47 0.26
0.45 0.42 0.52 0.2 0.5 0 0.5 0.25
0.59 0.65 0.52 0.3 0.5 0 0.46 0.31
0.41 0.52 0.41 0.11 0.5 0 0.54 0.35
0.45 0.56 0.49 0.17 0.5 0 0.52 0.22
0.49 0.42 0.54 0.17 0.5 0 0.5 0.36
0.55 0.41 0.56 0.21 0.5 0 0.52 0.22
0.58 0.45 0.48 0.24 0.5 0 0.52 0.37
0.21 0.38 0.49 0.16 0.5 0 0.51 0.45
0.48 0.34 0.47 0.14 0.5 0 0.47 0.26
0.61 0.54 0.49 0.16 0.5 0 0.54 0.42
0.66 0.62 0.52 0.17 0.5 0 0.49 0.22
0.44 0.41 0.58 0.2 0.5 0 0.57 0.25
0.41 0.3 0.49 0.28 0.5 0 0.54 0.22
0.41 0.43 0.5 0.28 0.5 0 0.5 0.22
0.52 0.5 0.53 0.1 0.5 0 0.48 0.22
0.43 0.51 0.6 0.25 0.5 0 0.55 0.22
0.89 0.77 0.36 0.34 0.5 0 0.44 0.22
0.77 0.6 0.42 0.33 0.5 0 0.57 0.22
0.58 0.76 0.4 0.37 0.5 0 0.54 0.3
0.36 0.34 0.46 0.19 0.5 0 0.52 0.22
0.78 0.48 0.47 0.3 0.5 0 0.53 0.47
0.5 0.34 0.62 0.19 0.5 0 0.57 0.22
0.62 0.6 0.47 0.16 0.5 0 0.53 0.22
0.72 0.56 0.4 0.26 0.5 0 0.51 0.26
0.68 0.68 0.49 0.15 0.5 0 0.53 0.22
0.4 0.47 0.48 0.18 0.5 0 0.46 0.22
0.46 0.55 0.61 0.13 0.5 0 0.47 0.22
0.43 0.4 0.5 0.18 0.5 0 0.5 0.28
0.49 0.6 0.55 0.17 0.5 0 0.44 0.22
0.78 0.63 0.53 0.13 0.5 0 0.54 0.22
0.35 0.5 0.44 0.27 0.5 0 0.51 0.22
0.69 0.39 0.52 0.12 0.5 0 0.38 0.35
0.56 0.48 0.5 0.3 0.5 0 0.51 0.22
0.5 0.5 0.54 0.16 0.5 0 0.49 0.22
0.47 0.43 0.59 0.27 0.5 0 0.55 0.22
0.45 0.46 0.61 0.2 0.5 0 0.62 0.22
0.49 0.45 0.53 0.16 0.5 0 0.49 0.31
0.51 0.46 0.57 0.25 0.5 0 0.53 0.22
0.55 0.59 0.52 0.1 0.5 0 0.53 0.22
0.39 0.58 0.5 0.1 0.5 0 0.51 0.25
0.62 0.43 0.49 0.29 0.5 0 0.5 0.27
0.38 0.62 0.52 0.14 0.5 0 0.53 0.22
0.77 0.72 0.48 0.26 0.5 0 0.51 0.22
0.46 0.37 0.48 0.36 0.5 0 0.48 0.22
0.45 0.47 0.53 0.15 0.5 0 0.52 0.27
0.53 0.59 0.48 0.14 0.5 0 0.51 0.22
0.42 0.53 0.57 0.17 0.5 0 0.49 0.22
0.52 0.46 0.56 0.2 0.5 0 0.5 0.22
0.51 0.51 0.56 0.28 0.5 0 0.54 0.27
0.53 0.45 0.53 0.18 0.5 0 0.42 0.22
0.35 0.47 0.53 0.19 0.5 0 0.48 0.22
0.46 0.43 0.5 0.24 0.5 0 0.48 0.31
0.61 0.55 0.51 0.26 0.5 0 0.52 0.22
0.4 0.6 0.5 0.16 0.5 0 0.51 0.22
0.66 0.55 0.54 0.18 0.5 0 0.43 0.22
0.45 0.66 0.39 0.11 0.5 0 0.54 0.22
0.64 0.44 0.51 0.35 0.5 0 0.53 0.22
0.51 0.39 0.58 0.19 0.5 0 0.47 0.22
0.35 0.33 0.48 0.42 0.5 0 0.47 0.43
0.61 0.48 0.56 0.19 0.5 0 0.53 0.31
0.61 0.48 0.56 0.19 0.5 0 0.53 0.31
0.44 0.36 0.64 0.45 0.5 0 0.53 0.11
0.63 0.64 0.45 0.26 0.5 0 0.43 0.22
0.63 0.64 0.45 0.26 0.5 0 0.43 0.22
0.43 0.33 0.67 0.12 0.5 0 0.45 0.23
0.43 0.33 0.67 0.12 0.5 0 0.43 0.23
0.4 0.45 0.61 0.29 0.5 0 0.44 0.22
0.4 0.45 0.61 0.29 0.5 0 0.44 0.22
0.52 0.43 0.61 0.22 0.5 0 0.45 0.22
0.52 0.43 0.61 0.22 0.5 0 0.45 0.22
0.42 0.5 0.64 0.13 0.5 0 0.49 0.22
0.39 0.65 0.57 0.19 0.5 0 0.44 0.25
0.39 0.65 0.57 0.19 0.5 0 0.43 0.25
0.57 0.5 0.4 0.08 0.5 0 0.47 0.22
0.51 0.4 0.5 0.28 0.5 0 0.48 0.27
0.59 0.54 0.53 0.14 0.5 0 0.48 0.22
0.5 0.48 0.48 0.23 0.5 0 0.53 0.68
0.56 0.42 0.52 0.14 0.5 0 0.51 0.22
0.6 0.51 0.49 0.18 0.5 0 0.53 0.38
0.55 0.55 0.52 0.13 0.5 0 0.53 0.25
0.34 0.46 0.52 0.19 0.5 0 0.53 0.26
0.58 0.56 0.46 0.14 0.5 0 0.51 0.22
0.44 0.51 0.53 0.3 0.5 0 0.53 0.22
0.46 0.38 0.51 0.2 0.5 0 0.51 0.22
0.55 0.72 0.35 0.26 0.5 0 0.49 0.22
0.65 0.66 0.37 0.12 0.5 0 0.52 0.27
0.37 0.42 0.46 0.15 0.5 0 0.51 0.31
0.3 0.33 0.55 0.12 0.5 0 0.53 0.38
0.7 0.57 0.34 0.19 0.5 0 0.53 0.27
0.64 0.31 0.53 0.15 0.5 0 0.53 0.31
0.39 0.45 0.51 0.29 0.5 0 0.54 0.22
0.43 0.47 0.47 0.18 0.5 0 0.47 0.22
0.45 0.57 0.38 0.28 0.5 0 0.53 0.31
0.55 0.46 0.47 0.15 0.5 0 0.47 0.22
0.61 0.5 0.61 0.21 0.5 0 0.55 0.54
0.51 0.48 0.51 0.26 0.5 0 0.51 0.27
0.6 0.46 0.51 0.1 0.5 0 0.48 0.31
0.6 0.46 0.51 0.1 0.5 0 0.48 0.31
0.4 0.65 0.38 0.17 0.5 0 0.57 0.22
0.74 0.82 0.46 0.24 0.5 0 0.5 0.31
0.39 0.39 0.65 0.16 0.5 0 0.45 0.22
0.41 0.35 0.6 0.22 0.5 0 0.56 0.79
0.25 0.48 0.45 0.32 0.5 0 0.4 0.22
0.63 0.64 0.49 0.2 0.5 0 0.52 0.25
0.59 0.51 0.47 0.21 0.5 0 0.47 0.22
0.39 0.47 0.49 0.2 0.5 0 0.53 0.26
0.49 0.48 0.52 0.24 0.5 0 0.5 0.22
0.63 0.43 0.48 0.11 0.5 0 0.51 0.22
0.63 0.43 0.48 0.11 0.5 0 0.51 0.22
0.42 0.5 0.59 0.17 0.5 0 0.51 0.22
0.33 0.36 0.62 0.26 0.5 0 0.55 0.22
0.28 0.27 0.5 0.14 0.5 0 0.5 0.28
0.4 0.56 0.53 0.15 0.5 0 0.49 0.22
0.58 0.55 0.51 0.13 0.5 0 0.52 0.22
0.44 0.49 0.49 0.27 0.5 0 0.52 0.22
0.49 0.46 0.54 0.18 0.5 0 0.35 0.22
0.63 0.54 0.53 0.27 0.5 0 0.49 0.22
0.54 0.43 0.48 0.27 0.5 0 0.44 0.41
0.33 0.46 0.53 0.12 0.5 0 0.5 0.27
0.45 0.76 0.51 0.25 0.5 0 0.59 0.22
0.48 0.44 0.51 0.24 0.5 0 0.49 0.22
0.59 0.64 0.44 0.26 0.5 0 0.5 0.22
0.79 0.56 0.53 0.19 0.5 0 0.47 0.35
0.79 0.62 0.35 0.35 0.5 0 0.6 0.28
0.59 0.46 0.57 0.17 0.5 0 0.52 0.22
0.59 0.46 0.55 0.17 0.5 0 0.52 0.25
0.66 0.54 0.53 0.17 0.5 0 0.54 0.22
0.27 0.43 0.5 0.13 0.5 0 0.54 0.31
0.47 0.59 0.56 0.09 0.5 0 0.5 0.22
0.54 0.35 0.55 0.19 0.5 0 0.3 0.22
0.65 0.63 0.47 0.22 0.5 0 0.52 0.27
0.25 0.4 0.54 0.16 0.5 0 0.43 0.22
0.63 0.56 0.52 0.21 0.5 0 0.5 0.22
0.56 0.68 0.42 0.36 0.5 0 0.49 0.22
0.46 0.52 0.51 0.13 0.5 0 0.47 0.22
0.53 0.52 0.49 0.27 0.5 0 0.51 0.22
0.5 0.47 0.56 0.31 0.5 0 0.56 0.26
0.3 0.68 0.41 0.17 0.5 0 0.51 0.22
0.67 0.61 0.39 0.24 0.5 0 0.51 0.22
0.69 0.57 0.39 0.19 0.5 0 0.48 0.39
0.71 0.64 0.42 0.28 0.5 0 0.43 0.22
0.64 0.44 0.56 0.15 0.5 0 0.56 0.22
0.48 0.58 0.47 0.17 0.5 0 0.53 0.74
0.42 0.71 0.45 0.15 0.5 0 0.48 0.22
0.63 0.65 0.42 0.18 0.5 0 0.54 0.27
0.5 0.63 0.45 0.13 0.5 0 0.45 0.32
0.29 0.26 0.43 0.17 0.5 0 0.55 0.3
0.51 0.46 0.41 0.36 0.5 0 0.49 0.22
0.63 0.71 0.44 0.53 0.5 0 0.52 0.22
0.47 0.5 0.6 0.63 0.5 0 0.38 0.16
0.48 0.61 0.57 0.17 0.5 0 0.45 0.22
0.61 0.48 0.54 0.25 0.5 0 0.5 0.22
0.65 0.54 0.54 0.13 0.5 0 0.53 0.22
