0.4 0.39 0.6 0.15 0.5 0 0.58 0.3
0.4 0.42 0.57 0.35 0.5 0 0.53 0.25
0.57 0.47 0.6 0.18 0.5 0 0.51 0.22
0.38 0.61 0.61 0.12 0.5 0 0.53 0.47
0.56 0.48 0.58 0.27 0.5 0 0.51 0.22
0.64 0.59 0.56 0.23 0.5 0 0.46 0.22
0.42 0.47 0.52 0.41 0.5 0 0.53 0.32
0.36 0.46 0.62 0.46 0.5 0 0.51 0.33
0.49 0.61 0.49 0.25 0.5 0 0.5 0.28
0.47 0.52 0.5 0.4 0.5 0 0.41 0.22
0.5 0.64 0.57 0.15 0.5 0 0.47 0.22
0.4 0.62 0.52 0.31 0.5 0 0.49 0.31
0.34 0.54 0.5 0.21 0.5 0 0.54 0.31
0.29 0.32 0.58 0.15 0.5 0 0.5 0.3
0.39 0.55 0.48 0.31 0.5 0 0.54 0.29
0.39 0.4 0.53 0.67 0.5 0 0.47 0.22
0.43 0.57 0.53 0.53 0.5 0 0.53 0.25
0.52 0.4 0.6 0.12 0.5 0 0.55 0.22
0.41 0.51 0.58 0.15 0.5 0 0.45 0.27
0.46 0.35 0.53 0.16 0.5 0 0.51 0.29
0.52 0.54 0.5 0.21 0.5 0 0.48 0.3
0.54 0.65 0.49 0.34 0.5 0 0.52 0.22
0.35 0.36 0.57 0.17 0.5 0 0.52 0.22
0.47 0.47 0.58 0.16 0.5 0 0.49 0.28
0.41 0.39 0.51 0.52 0.5 0 0.49 0.22
0.69 0.6 0.5 0.31 0.5 0 0.55 0.22
0.55 0.66 0.57 0.32 0.5 0 0.57 0.34
0.32 0.38 0.52 0.2 0.5 0 0.52 0.28
0.37 0.33 0.5 0.12 0.5 0 0.51 0.54
0.6 0.4 0.59 0.18 0.5 0 0.48 0.22
0.52 0.51 0.51 0.12 0.5 0 0.51 0.4
0.44 0.34 0.55 0.18 0.5 0 0.52 0.22
0.44 0.51 0.48 0.38 0.5 0 0.52 0.22
0.4 0.48 0.5 0.17 0.5 0 0.54 0.5
0.35 0.4 0.53 0.18 0.5 0 0.42 0.38
0.61 0.54 0.49 0.19 0.5 0 0.54 0.47
0.51 0.43 0.63 0.18 0.5 0 0.52 0.22
0.47 0.59 0.43 0.13 0.5 0 0.56 0.3
0.5 0.46 0.42 0.32 0.5 0 0.56 0.55
0.81 0.76 0.32 0.37 0.5 0 0.51 0.22
0.65 0.61 0.39 0.3 0.5 0 0.57 0.28
0.42 0.25 0.6 0.14 0.5 0 0.45 0.22
0.36 0.35 0.47 0.22 0.5 0 0.44 0.31
0.43 0.45 0.54 0.14 0.5 0 0.5 0.31
0.52 0.48 0.58 0.55 0.5 0 0.48 0.22
0.39 0.37 0.56 0.15 0.5 0 0.5 0.27
0.48 0.51 0.57 0.24 0.5 0 0.5 0.22
0.51 0.47 0.41 0.44 0.5 0 0.5 0.22
0.29 0.46 0.54 0.27 0.5 0 0.49 0.22
0.51 0.65 0.53 0.19 0.5 0 0.49 0.22
0.5 0.36 0.53 0.41 0.5 0 0.55 0.36
0.59 0.58 0.39 0.52 0.5 0 0.5 0.31
0.29 0.34 0.55 0.24 0.5 0 0.51 0.22
0.76 0.67 0.37 0.22 0.5 0 0.54 0.22
0.28 0.48 0.56 0.16 0.5 0 0.48 0.26
0.5 0.51 0.57 0.27 0.5 0 0.48 0.22
0.47 0.61 0.5 0.23 0.5 0 0.49 0.22
0.55 0.63 0.54 0.16 0.5 0 0.45 0.27
0.46 0.62 0.54 0.25 0.5 0 0.46 0.22
0.53 0.43 0.57 0.24 0.5 0 0.39 0.28
0.48 0.56 0.49 0.32 0.5 0 0.5 0.22
0.59 0.46 0.48 0.46 0.5 0 0.49 0.22
0.45 0.27 0.5 0.33 0.5 0 0.53 0.26
0.48 0.5 0.56 0.11 0.5 0 0.33 0.22
0.43 0.46 0.5 0.21 0.5 0 0.49 0.34
0.59 0.47 0.51 0.53 0.5 0 0.53 0.26
0.61 0.46 0.54 0.11 0.5 0 0.47 0.22
0.38 0.4 0.59 0.25 0.5 0 0.44 0.22
0.39 0.39 0.59 0.25 0.5 0 0.45 0.22
0.54 0.55 0.56 0.14 0.5 0 0.5 0.25
0.61 0.53 0.59 0.17 0.5 0 0.44 0.28
0.54 0.44 0.55 0.48 0.5 0 0.47 0.22
0.35 0.39 0.56 0.2 0.5 0 0.49 0.41
0.48 0.41 0.52 0.33 0.5 0 0.51 0.26
0.46 0.39 0.54 0.22 0.5 0 0.48 0.25
0.46 0.39 0.54 0.22 0.5 0 0.48 0.25
0.46 0.54 0.59 0.41 0.5 0 0.53 0.21
0.46 0.54 0.59 0.41 0.5 0 0.53 0.21
0.51 0.52 0.58 0.17 0.5 0 0.47 0.28
0.53 0.57 0.6 0.36 0.5 0 0.5 0.22
0.53 0.57 0.6 0.36 0.5 0 0.5 0.22
0.49 0.4 0.58 0.23 0.5 0 0.47 0.27
0.37 0.37 0.51 0.38 0.5 0 0.44 0.22
0.34 0.25 0.55 0.28 0.5 0 0.51 0.49
0.49 0.38 0.56 0.09 0.5 0 0.46 0.22
0.44 0.71 0.5 0.21 0.5 0 0.54 0.27
0.54 0.51 0.56 0.15 0.5 0 0.54 0.31
0.59 0.55 0.57 0.18 0.5 0 0.51 0.22
0.48 0.51 0.5 0.24 0.5 0 0.54 0.38
0.39 0.3 0.63 0.2 0.5 0 0.43 0.47
0.56 0.55 0.57 0.15 0.5 0 0.54 0.25
0.6 0.64 0.56 0.36 0.5 0 0.46 0.27
0.66 0.65 0.54 0.4 0.5 0 0.51 0.22
0.5 0.52 0.51 0.22 0.5 0 0.46 0.37
0.52 0.56 0.55 0.16 0.5 0 0.53 0.39
0.45 0.45 0.51 0.3 0.5 0 0.48 0.44
0.7 0.58 0.53 0.39 0.5 0 0.59 0.22
0.3 0.45 0.55 0.19 0.5 0 0.53 0.4
0.44 0.4 0.53 0.19 0.5 0 0.48 0.27
0.74 0.82 0.46 0.24 0.5 0 0.48 0.22
0.51 0.59 0.55 0.21 0.5 0 0.52 0.22
0.38 0.34 0.55 0.44 0.5 0 0.48 0.26
0.48 0.44 0.46 0.37 0.5 0 0.46 0.36
0.59 0.48 0.49 0.42 0.5 0 0.52 0.22
0.61 0.52 0.5 0.44 0.5 0 0.53 0.22
0.52 0.45 0.53 0.34 0.5 0 0.52 0.44
0.54 0.48 0.55 0.33 0.5 0 0.55 0.4
0.54 0.55 0.55 0.4 0.5 0 0.53 0.22
0.31 0.31 0.57 0.15 0.5 0 0.5 0.22
0.38 0.42 0.5 0.19 0.5 0 0.44 0.22
0.38 0.42 0.5 0.19 0.5 0 0.44 0.22
0.47 0.56 0.58 0.19 0.5 0 0.44 0.64
0.32 0.32 0.52 0.18 0.5 0 0.48 0.34
0.41 0.46 0.57 0.25 0.5 0 0.57 0.38
0.55 0.69 0.51 0.12 0.5 0 0.51 0.22
0.25 0.26 0.53 0.17 0.5 0 0.45 0.22
0.42 0.37 0.54 0.17 0.5 0 0.51 0.22
0.4 0.44 0.5 0.13 0.5 0 0.52 0.39
0.62 0.6 0.54 0.22 0.5 0 0.54 0.27
0.52 0.5 0.6 0.2 0.5 0 0.52 0.22
0.59 0.7 0.46 0.19 0.5 0 0.54 0.44
0.42 0.46 0.44 0.17 0.5 0 0.51 0.42
0.51 0.49 0.48 0.55 0.5 0 0.52 0.58
0.5 0.55 0.52 0.16 0.5 0 0.51 0.31
0.33 0.49 0.46 0.22 0.5 0 0.53 0.33
0.8 0.79 0.43 0.25 0.5 0 0.52 0.22
0.86 0.78 0.34 0.15 0.5 0 0.53 0.22
0.6 0.68 0.3 0.27 0.5 0 0.55 0.22
0.41 0.45 0.46 0.23 0.5 0 0.5 0.7
0.6 0.61 0.54 0.11 0.5 0 0.46 0.22
