30.048033	33.934895
38.406467	3.7967756
8.712901	-22.65823
23.35773	-15.485068
33.59447	-6.7192645
44.145176	-0.1113589
18.379604	-18.87503
25.033081	-12.606673
40.33457	-2.2322958
42.81301	-1.3943899
45.57961	-0.062799476
19.450264	-20.010698
19.470966	-17.289742
23.079882	-17.69118
7.702461	-29.368973
2.1955142	-16.58717
40.94321	-8.97025
43.619015	-2.6660762
2.2238975	-16.752306
27.80373	-9.678342
43.28694	-3.474387
1.6592784	-23.460417
53.189293	7.163739
55.868095	-0.9696843
53.473232	-0.31370068
47.712425	22.577333
64.45086	33.66249
65.75734	34.481453
52.50736	43.873714
39.607132	-10.718796
60.930973	26.049734
60.6939	32.29466
33.180405	51.9205
54.798336	-0.8839606
32.16311	51.128044
58.33837	44.542194
32.184505	52.665462
47.682896	22.984253
29.0542	49.680573
52.39659	43.959538
51.403408	40.14813
28.297136	49.163418
24.145594	-22.52044
54.771984	4.221011
26.825676	47.232334
52.69996	4.5243325
40.255924	-2.75659
29.756105	38.735477
29.554556	45.4353
60.8725	34.873055
22.831438	-25.8901
39.14861	-10.366336
25.332277	-3.0143807
27.06259	48.211273
27.083744	46.281166
69.23062	27.192232
59.60218	36.990574
27.52141	-22.33273
42.013912	-5.9050364
40.677036	-10.897268
26.215864	-7.8920946
25.279745	35.768913
27.27767	36.581944
29.726877	46.462013
27.41478	42.372456
28.440584	-6.632103
27.789446	-6.590356
24.804085	36.99024
25.876143	36.858566
15.921429	25.561176
56.130405	33.035988
60.826977	19.68935
57.37275	15.810406
24.22356	-9.47284
24.13604	35.533497
28.611633	42.3371
59.67506	33.814384
41.94984	11.858144
26.696201	35.81447
54.056484	33.360027
57.18123	34.646374
43.2152	13.012506
26.05853	-1.217226
49.999153	30.75008
57.511795	36.500355
50.17322	28.232256
28.72567	-21.92202
16.00956	-8.079469
34.700584	12.009584
42.10162	10.7038555
54.45364	18.887915
50.111423	31.455767
37.625275	-9.747474
34.75188	13.203918
50.226498	36.269665
53.55169	26.312157
42.745773	-1.9262991
19.26018	-22.670265
13.258733	-7.384256
21.005451	-10.702361
61.931553	27.387152
55.45528	25.40176
55.811317	24.377161
54.135258	31.514647
56.56013	25.776114
57.21696	27.574215
57.7849	33.022755
21.17235	-24.48908
49.19007	-2.846548
49.16912	33.359215
53.904903	27.947844
56.90423	22.51108
51.039143	32.09573
60.67832	19.108202
57.38127	18.046654
51.114246	5.7712045
12.420939	-15.401307
49.087147	-2.8178911
55.894257	21.142029
59.28979	28.09822
59.23219	16.363043
51.596733	5.0456047
50.611122	4.594738
36.843422	-15.557556
41.10691	12.988399
54.137463	36.326218
56.3284	18.343243
38.68882	7.5403113
57.837772	16.224781
53.073727	21.286972
52.511555	21.107824
59.310425	25.950268
46.73568	7.558238
24.017107	-5.8630843
56.760105	30.44766
58.541767	23.906012
54.300095	23.134115
44.238224	2.9056544
42.318897	-12.516886
34.65432	15.208259
64.715454	33.822067
22.497171	-11.336551
23.333681	-11.581423
36.96342	-0.17463112
11.417159	-21.031954
49.178318	5.339414
32.63979	16.722555
21.197367	-14.765554
26.130358	-11.075617
45.094322	3.7570994
46.43306	2.4648068
10.815231	-21.561975
47.120403	36.223732
16.759073	-18.941814
32.72964	-3.7018943
38.23992	0.63588905
32.28438	16.978624
18.834023	34.177853
20.284725	35.018017
62.255116	23.182617
62.30523	23.21397
53.618202	-1.9960517
26.579414	-13.376463
23.495218	-26.787998
25.154312	-16.386732
31.218925	33.583546
42.87505	-8.75001
32.24103	33.18855
33.80127	46.830303
24.760578	38.431175
32.853043	-6.134003
38.98639	0.1307964
60.865715	9.7967615
53.718052	37.38431
55.251625	17.722557
46.56775	4.2653418
40.93606	-12.125063
25.007303	39.158012
48.098167	36.281242
55.14796	38.522224
62.798553	18.16895
41.04201	3.482637
25.838564	-24.553617
29.999716	52.047527
31.056746	47.080585
24.426424	42.004303
27.489862	-10.655972
35.697773	-2.2282143
33.011173	10.548189
23.928505	34.245136
24.978695	34.58468
58.38465	44.53909
31.112803	48.008514
24.67966	42.20627
30.274338	51.11238
30.3365	48.229385
28.726833	46.30495
27.821709	44.02387
48.986275	40.216812
48.81568	39.817482
47.552887	6.803201
16.025023	-9.2614355
26.678871	34.09243
26.257048	-22.606808
21.599844	-17.662346
30.944202	-10.988848
36.934093	-17.738823
28.50094	48.18513
-10.137384	19.868553
19.45544	-17.374296
22.406534	-13.561645
45.38427	4.8827496
29.9263	41.348312
20.133694	-18.42412
31.14885	-10.473886
28.22344	-5.5430236
25.533382	-24.70125
44.56707	34.71682
53.294598	34.305027
51.66631	34.377323
21.126034	-18.6224
28.817158	-13.737151
31.379248	-8.600129
14.03639	-9.764869
19.9858	-20.48184
27.884798	-11.462456
28.543907	-12.699581
30.529495	-9.32838
47.65487	1.7407937
25.658562	-26.45403
48.18785	1.6379706
58.186356	30.622808
13.670071	-12.022449
58.00573	30.863615
56.05082	31.699984
59.30147	18.35605
48.65696	8.728457
18.544434	-24.904085
56.59413	35.166336
38.81911	-6.9516625
26.644953	-19.76386
57.829918	36.728832
49.068417	28.67902
12.195766	-23.612864
49.454845	34.15948
35.198505	10.552269
43.75011	13.919002
-4.988086	-25.279596
29.202032	36.01647
9.253606	-10.270383
13.343285	-6.269898
13.292662	-7.7567544
32.175743	-2.4171488
19.383034	34.89044
-14.710491	15.334514
19.510075	35.46653
17.464483	-14.040119
-16.931501	6.6144886
13.232155	-21.65737
-17.127539	8.789576
22.037289	-14.073857
23.923477	-15.292549
37.071987	-5.0092063
15.621667	21.766987
44.513493	-2.8177013
39.291218	1.803901
22.346138	-10.103805
20.513153	-20.106867
36.643486	-6.306839
14.831469	-20.930758
16.38596	-36.471954
57.455173	-2.7541149
2.1113014	-18.122084
60.554726	15.877597
66.53338	34.806858
51.068214	38.235435
60.802177	28.470135
55.517807	39.628536
58.05115	38.54241
53.463806	40.514183
6.6367006	-26.357857
8.539849	-27.267157
12.103482	-22.439375
24.57105	-22.24801
17.457516	-11.673428
32.175625	52.023758
52.976303	-3.4468546
46.173428	-0.73740464
28.636417	38.191658
5.8640037	-25.255857
54.312206	29.438051
25.559628	-2.9474576
52.103924	7.069399
27.740568	-22.89728
69.22267	27.19309
42.053764	10.699832
23.528574	35.726288
59.117813	35.403206
23.935064	-18.779648
34.19336	11.102403
34.32681	11.321032
53.39905	30.073967
51.014267	28.911688
53.791477	23.32782
50.155346	36.384193
55.644062	22.294235
41.618717	-8.30099
44.4829	7.234944
57.541145	25.451042
51.486954	6.37895
56.31592	19.416014
58.802193	29.621502
44.838657	5.8582277
10.54138	-31.098728
53.88729	24.86998
57.893185	21.93975
59.26651	23.599152
26.11543	-5.981766
58.642548	24.045742
44.536865	2.4143112
19.007763	-15.293121
34.643288	-1.0094191
47.621147	4.549258
24.993647	-7.961772
51.570107	15.915029
58.33292	14.799672
20.125813	-24.98993
13.716322	-12.291341
53.818558	-0.9154236
37.856884	-18.295444
10.845307	-22.884106
37.806896	-0.40810093
38.82334	-14.891527
25.645796	37.90849
55.7836	34.28033
37.444004	1.0874225
20.763453	-28.48645
36.317326	-17.957163
33.99234	47.146805
62.48228	18.300783
43.19429	5.871242
61.14978	10.525963
24.001228	40.995037
26.452232	-10.287006
53.646996	39.7968
25.251993	-10.027085
32.097897	-8.736903
42.823917	4.7223215
47.072186	5.6616826
61.266502	10.859688
27.8816	44.80017
32.776882	-6.962312
42.079994	4.2810936
32.29907	9.307366
30.739967	49.38348
37.733475	-15.50654
31.312103	50.51175
29.254417	42.191833
48.70085	38.94551
28.158865	-15.674104
39.541992	1.4489417
44.28615	4.1839333
46.010895	35.688282
26.538958	-14.739982
31.229652	17.622612
27.400164	-15.339144
16.353695	-17.329432
22.342388	-16.593317
56.64669	-0.94723785
55.827614	0.24835774
18.096209	-24.942837
55.146168	32.656803
55.191708	36.296795
56.151318	35.946823
10.747463	-8.650477
40.04098	11.060246
23.84481	43.7907
-43.306103	2.68399
24.778948	44.511143
-15.048999	14.490673
14.118808	-8.428264
-15.153477	12.108427
-14.852855	12.433724
18.671627	36.47755
