73 100 13 64 66 49 100 93 43 70 0 28 17 0 29 34
76 100 100 94 88 77 76 61 60 46 40 30 20 14 0 0
34 94 26 63 62 29 51 0 68 35 100 69 83 100 0 86
0 84 18 85 71 100 100 91 93 68 87 45 81 23 84 0
100 89 68 100 22 89 0 55 49 66 83 43 63 9 14 0
0 100 100 91 0 76 0 60 0 45 0 30 0 15 100 0
62 97 85 100 42 77 49 67 100 57 94 23 50 0 0 9
0 73 33 81 89 100 100 85 92 63 78 41 58 20 28 0
88 80 12 80 100 100 100 91 65 68 29 46 6 23 0 0
100 100 14 90 74 55 79 97 37 62 0 39 36 0 39 44
0 78 40 100 97 78 69 39 44 0 100 7 35 37 22 73
24 66 100 89 30 66 88 32 34 0 0 34 61 72 77 100
0 100 82 95 100 79 100 64 91 48 82 32 55 15 55 0
16 38 67 29 43 0 22 25 66 57 100 94 50 100 0 74
37 71 79 71 49 100 0 45 25 36 66 0 100 51 10 26
46 95 0 94 18 100 94 92 59 61 4 32 49 7 100 0
29 95 93 67 84 100 10 68 0 18 74 0 100 44 17 44
62 100 100 98 77 61 45 28 39 0 79 25 50 57 0 72
0 93 60 100 70 83 70 67 70 50 80 33 80 16 100 0
22 100 66 50 100 94 45 95 5 41 58 0 78 42 0 46
0 76 49 100 100 82 58 41 28 0 82 15 28 51 34 88
38 81 92 100 100 66 65 33 37 0 100 20 67 51 0 72
54 77 30 37 0 0 13 25 55 54 100 80 89 100 37 86
79 90 61 100 26 73 44 60 97 50 100 17 51 0 0 8
100 100 46 90 19 71 42 63 92 56 91 26 54 2 0 0
39 68 67 100 74 78 78 38 86 0 100 4 39 7 0 14
0 86 49 96 65 100 53 56 53 11 100 2 53 0 8 9
46 92 77 100 100 97 56 90 50 55 81 33 41 12 0 0
13 69 78 100 100 73 59 36 11 0 87 11 87 45 0 69
21 80 60 95 100 100 55 87 37 52 76 28 46 2 0 0
1 74 23 100 83 87 75 42 49 0 100 2 55 34 0 64
42 100 15 73 0 45 4 17 51 0 100 16 92 43 34 39
0 78 44 100 68 85 66 46 80 8 100 0 38 2 1 7
0 100 54 93 57 77 57 61 61 46 61 30 68 14 100 0
2 95 64 100 100 78 87 50 51 25 0 6 20 0 89 3
5 76 29 100 100 81 55 39 0 0 61 3 15 44 21 83
