70 100 72 97 45 57 39 13 91 0 100 39 41 44 0 11
55 96 99 100 52 86 61 58 96 35 100 6 51 0 0 2
0 73 7 84 63 100 100 98 88 73 80 49 74 24 77 0
22 86 100 100 32 97 0 69 13 59 92 55 86 19 15 0
65 95 100 100 45 82 47 73 94 59 87 25 39 0 0 8
6 100 0 67 56 36 70 0 58 22 100 57 100 91 0 95
0 0 29 19 53 46 78 74 100 100 81 67 65 34 50 0
23 81 0 54 48 78 100 100 98 86 69 58 44 29 28 0
16 76 71 94 100 100 43 83 45 52 93 28 66 2 0 0
24 70 0 74 48 97 100 100 95 76 86 50 81 24 81 0
0 97 60 100 42 99 5 69 44 59 100 43 69 0 0 13
12 91 79 100 45 95 29 63 88 68 100 24 52 0 0 23
0 78 50 86 100 100 85 80 73 60 58 40 50 19 31 0
0 68 17 84 81 100 100 81 86 60 72 40 58 20 50 0
17 99 30 100 0 53 14 4 83 0 100 46 28 55 6 13
24 92 81 100 26 79 19 54 83 66 100 34 62 4 0 0
100 100 40 84 0 45 0 0 57 17 38 50 14 52 57 27
43 100 10 76 0 47 10 18 53 0 100 12 86 36 33 38
94 100 100 100 94 84 82 66 65 49 41 33 18 16 0 0
13 82 53 90 100 100 85 79 66 59 47 39 25 19 0 0
93 100 63 99 43 85 53 54 100 48 89 23 45 8 0 0
0 87 22 100 48 97 62 78 64 55 64 32 76 11 100 0
8 67 51 37 22 0 9 24 53 58 100 92 59 100 0 74
0 70 53 88 64 100 62 78 70 57 83 36 100 14 98 0
55 76 22 68 66 29 39 0 52 32 100 68 69 100 0 86
19 88 62 100 100 81 83 48 47 23 0 6 18 0 72 1
100 97 40 100 0 65 35 27 39 0 40 38 87 73 87 100
3 57 83 70 100 100 6 85 20 52 71 20 0 0 37 32
55 83 100 100 93 83 82 56 84 28 71 2 0 0 73 3
38 73 84 41 100 0 53 7 73 49 98 90 54 100 0 75
0 76 42 100 51 91 43 52 46 13 100 7 71 2 31 0
16 100 11 71 5 39 29 11 85 11 100 28 46 18 0 0
90 85 100 100 64 97 59 68 80 38 72 8 36 1 0 0
28 61 59 27 33 0 2 20 63 46 100 79 48 100 0 74
34 100 32 100 8 64 0 27 41 0 100 10 76 42 19 60
93 93 44 100 26 73 53 51 100 46 86 12 38 0 0 13
49 93 0 55 28 74 63 100 62 50 59 3 24 1 100 0
8 90 81 100 76 97 12 80 64 70 100 44 66 15 0 0
60 59 98 26 48 0 25 19 77 49 100 85 43 100 0 70
0 66 48 100 100 83 69 41 37 0 81 26 76 69 8 93
40 90 87 100 81 93 39 71 70 46 100 23 52 6 0 0
5 55 79 87 5 100 38 53 67 6 0 0 27 47 100 84
55 85 100 100 82 94 38 74 90 65 94 36 52 13 0 0
16 78 66 100 100 75 46 39 0 0 66 4 24 45 23 85
40 85 92 100 100 98 45 85 79 65 99 33 55 7 0 0
85 90 35 100 15 77 32 53 91 52 100 22 56 0 0 7
100 90 75 100 42 81 63 51 97 29 85 4 42 0 0 4
34 62 51 96 55 56 50 13 0 0 6 56 38 100 100 90
0 0 18 27 48 49 76 73 100 100 94 73 82 40 82 9
35 74 17 80 96 100 100 93 70 70 39 47 13 23 0 0
100 100 89 94 89 79 78 63 56 47 33 31 22 16 0 0
53 100 35 93 6 61 0 28 36 0 96 12 100 42 37 28
47 93 92 100 100 96 55 84 60 57 83 25 45 5 0 0
38 100 100 92 88 77 75 62 50 46 25 30 12 15 0 0
6 89 52 100 100 91 93 65 62 43 25 23 0 2 55 0
0 79 39 85 100 100 95 92 80 69 73 46 63 23 59 0
63 81 95 100 95 62 66 26 21 0 0 15 48 35 100 15
10 93 0 54 21 74 52 100 65 46 53 0 26 4 100 5
0 74 32 81 77 100 100 99 84 74 64 49 41 24 18 0
26 93 70 100 75 55 44 17 0 0 6 24 54 24 100 12
61 100 22 71 9 34 33 0 88 4 100 37 50 50 0 30
61 100 96 98 83 49 46 14 0 0 6 29 54 27 100 8
0 98 67 93 47 100 19 68 45 55 100 33 73 0 17 7
0 84 46 86 91 100 100 94 85 70 72 45 61 20 62 0
52 100 18 76 0 46 9 17 61 19 100 38 54 22 18 0
12 77 36 90 44 100 37 63 46 27 100 21 47 8 0 0
0 77 50 100 100 72 40 39 13 0 74 1 23 38 12 77
35 74 71 42 100 9 62 0 76 38 89 76 48 100 0 82
0 69 28 100 100 97 77 55 40 15 86 0 38 33 9 72
100 100 0 86 0 72 0 57 0 43 0 28 50 14 50 0
35 64 64 100 66 85 59 38 100 6 86 6 23 4 0 0
0 82 32 75 70 88 100 100 89 75 75 50 61 25 54 0
0 77 45 83 90 100 100 88 82 65 60 42 37 21 10 0
5 66 16 100 100 98 69 58 29 20 75 0 21 32 0 71
31 81 70 98 100 100 58 87 42 58 78 32 42 9 0 0
100 100 0 87 0 73 17 58 33 44 33 29 50 15 67 0
54 82 26 63 100 76 28 100 61 50 0 36 49 0 55 54
0 39 62 67 86 100 6 87 38 54 100 26 72 0 1 17
27 50 66 35 46 0 7 31 46 68 100 100 41 100 0 64
46 95 87 100 92 56 59 20 15 0 0 12 50 14 100 11
0 55 20 77 53 100 73 91 93 68 100 45 93 22 47 0
50 84 85 100 100 64 73 27 32 0 0 18 45 31 81 0
14 70 58 36 28 0 0 30 48 66 100 100 46 95 22 55
97 94 58 100 30 76 67 58 100 35 84 4 37 0 0 15
35 78 92 100 100 96 85 68 88 40 79 13 0 0 27 4
100 88 67 100 31 80 61 55 100 34 95 5 45 3 0 0
11 75 33 84 89 100 100 90 76 68 49 45 24 22 0 0
39 100 75 61 100 98 34 81 9 30 72 0 83 45 0 50
10 89 32 98 36 100 0 68 31 49 100 29 60 0 1 15
0 80 17 100 53 94 75 73 77 47 63 23 61 1 100 0
55 100 20 69 3 36 4 3 72 0 100 31 68 57 0 45
7 82 69 100 100 73 55 37 15 0 74 0 34 38 0 72
0 17 100 38 96 69 91 100 78 94 70 62 65 31 70 0
25 75 85 100 49 72 18 40 0 7 51 0 100 28 49 29
9 41 73 80 0 100 28 56 92 16 35 0 22 42 100 74
0 100 57 94 100 78 100 63 100 47 86 31 71 15 100 0
25 90 42 100 15 63 0 26 42 0 100 3 80 28 59 6
10 81 61 100 100 76 64 38 35 0 83 10 51 48 0 76
24 88 59 100 100 91 89 64 61 42 28 22 0 0 47 2
