61 92 100 100 74 85 55 51 92 36 78 2 38 0 0 11
0 93 70 100 100 88 95 70 75 52 70 34 55 17 45 0
0 100 0 86 18 72 36 57 55 43 82 28 100 14 73 0
50 91 100 100 90 97 62 69 100 43 99 11 51 0 0 1
0 87 56 98 100 100 84 80 67 60 56 40 51 20 44 0
0 74 16 80 57 96 100 100 86 75 66 50 47 25 39 0
74 94 100 100 68 84 79 57 95 30 74 6 37 0 0 8
100 93 68 100 40 91 56 74 88 63 63 39 31 20 0 0
42 76 79 100 86 89 45 64 60 42 100 20 56 0 0 2
0 100 73 97 95 80 100 64 95 48 82 31 64 15 23 0
100 81 83 96 26 100 0 88 16 54 69 40 87 6 34 0
0 79 31 94 68 100 100 88 94 62 74 39 51 18 64 0
19 78 29 36 13 0 8 27 58 49 100 79 55 100 0 88
32 52 22 0 100 2 78 63 35 37 14 100 71 92 0 73
47 73 82 95 100 100 89 75 79 49 76 24 47 0 0 2
35 94 0 74 75 97 100 100 70 75 45 50 25 25 0 0
42 85 85 100 100 68 76 32 45 0 50 1 38 40 0 65
64 100 100 92 94 56 72 22 72 0 91 31 52 59 0 80
44 75 21 38 0 0 18 28 56 60 100 90 82 100 28 81
54 85 94 100 96 61 79 22 84 0 100 32 53 52 0 58
100 100 96 97 93 80 82 63 71 46 46 30 25 14 0 0
44 73 77 100 100 68 78 28 68 0 100 33 56 51 0 53
2 77 54 100 100 79 86 47 59 16 63 0 73 27 0 43
68 82 100 100 99 91 68 75 95 48 80 21 41 7 0 0
0 77 49 100 100 74 85 37 58 0 93 13 69 48 5 74
25 80 75 100 92 69 72 35 52 0 100 18 61 48 0 65
0 70 33 100 100 94 100 59 75 25 47 0 69 34 14 61
5 92 82 100 100 67 57 32 12 0 80 11 70 46 0 66
0 80 35 84 84 100 100 89 82 67 63 44 41 22 22 0
21 64 55 29 7 0 0 32 55 65 100 100 20 93 12 57
31 88 3 84 77 100 100 96 69 72 37 49 14 24 0 0
97 94 61 100 28 77 67 71 100 47 86 8 43 0 0 12
