-1.3961767	51.524338
-1.4276372	51.421944
-22.167753	25.882687
-22.121893	25.794638
49.99041	84.44687
49.98218	84.52282
-46.882328	-6.3468204
-46.595192	-6.5858397
-46.30369	-6.819598
34.686996	26.469328
36.85553	27.79824
94.640205	38.960346
91.81088	36.673195
93.00094	35.86163
92.9091	37.10393
95.57697	39.092365
91.23078	41.20527
91.5519	37.877796
88.81568	42.031185
44.372116	-46.357708
-7.1284375	-101.76412
-2.4980183	-103.05698
18.771984	-86.4279
-2.0619967	-103.04097
12.911167	75.542114
13.363234	76.56265
12.893077	75.50496
5.8409944	50.86335
12.823336	42.831947
11.70379	41.838413
12.133281	43.626244
11.722628	43.203392
9.804309	43.201294
11.32985	42.8141
12.902575	39.92585
13.771541	39.59385
12.477528	39.726852
-44.667183	4.9684043
12.7937975	31.924288
6.1028466	48.46294
6.0589595	48.420097
5.671469	45.711052
5.6800923	45.824604
5.2596936	47.120678
-29.97711	-22.90436
-15.637673	-36.59297
-14.755762	47.95803
-61.10397	-62.186836
-17.931377	-65.633484
-17.434484	-65.95281
-32.9512	-2.399018
-12.120641	-38.44315
-14.967763	-48.83112
5.2878985	-45.264767
4.7151995	28.709328
3.562922	28.764639
-17.274523	-66.52584
-57.13391	-20.722614
-10.385921	-28.426924
-10.3859415	-28.427107
-36.847527	-35.962124
-37.45343	-36.81163
-76.28196	20.72979
-65.12192	18.974613
-76.28933	20.60572
-77.27779	20.887587
-68.75695	14.098006
-71.64912	10.554508
-73.53996	12.209128
-71.34741	9.65659
-84.56657	2.6318617
-84.51473	2.4993188
-62.58224	32.27617
-64.74379	33.800915
-63.97145	32.621532
-74.206215	14.123272
-79.71619	4.47012
-75.92231	-12.794979
-61.278618	-63.089436
-63.353947	-62.89413
-59.991844	-51.02609
4.9144917	21.201101
12.569555	16.162634
49.187614	-6.1516542
-53.111965	10.393251
50.044857	-22.626623
-43.326912	1.0188872
9.445362	48.27092
6.204041	49.980095
10.441591	30.623693
-2.2335043	56.456978
-43.42318	0.9331941
-2.880517	60.733673
8.565112	25.761667
12.962998	21.576706
22.783167	-33.068253
6.328885	73.63645
7.5526133	74.48228
53.099873	49.321415
44.3478	7.53995
44.13728	8.290861
44.001923	8.409782
2.2612967	55.911945
-5.7122827	35.102837
-6.7208877	34.39264
-0.6320158	57.74843
-69.17553	-21.893602
-11.901329	-74.5049
-69.09868	-21.882833
-12.482717	-74.82163
-28.30873	-51.93741
-28.375633	-51.17743
-28.377434	-51.174496
-18.044159	-54.710464
-42.763256	44.079735
-41.355377	41.888424
-71.35549	14.888972
-61.456844	22.320063
-71.85093	-5.491006
-67.924355	0.86895967
-68.5548	-8.714252
-44.65693	-30.073435
-49.127487	-32.299118
-49.00895	-32.253216
-57.03354	25.336016
41.05265	0.12011783
40.51145	0.5507737
45.294926	-25.03457
45.82361	-28.100727
45.197258	-28.174667
70.67223	-15.311025
36.74877	-17.424099
71.69032	-15.492641
71.88429	-15.495576
25.895687	6.4582615
56.702114	7.9418583
26.346966	4.1460023
-67.82066	7.720995
-67.73417	7.7109017
-77.0304	2.7660308
-78.06956	2.035219
27.258263	-4.173941
27.155224	-4.3550515
47.467278	-34.55678
54.482193	5.2347555
54.67038	4.9233136
17.111633	28.385347
11.1213255	29.52836
-45.582912	4.4981833
8.4836235	29.268908
55.926945	-5.006643
7.5686035	27.010597
11.774581	31.515383
-59.208603	50.144337
41.069096	20.32392
-0.66656226	47.25624
-58.3464	51.876213
-7.7656617	51.48837
-57.76245	10.885365
-10.144815	-28.99539
-16.506392	-56.303043
-10.33056	-47.933975
-52.82484	-2.3378289
-51.675117	-1.5215288
44.614494	-41.209393
46.678772	-41.651066
44.027905	-42.18881
46.72053	-41.628742
44.391747	-41.66766
-51.847218	-1.0975468
-50.649265	-1.4915696
-49.297318	5.760937
44.354725	-46.297394
-44.819645	16.351057
40.609436	-44.099297
6.51644	17.376034
-50.29982	5.857034
-51.00279	2.5258734
36.187317	-45.515823
-56.98867	4.151838
-53.385914	7.4039497
-56.945354	2.5729587
37.453243	-47.29103
-57.565094	0.8862477
16.0446	-18.217993
36.906696	-46.114258
37.479713	-47.295372
-51.87093	8.5544815
-52.14509	7.844948
-51.799194	7.731784
-55.646885	0.9639362
-50.18944	4.2056875
-49.065945	-1.5390882
-50.28654	4.666205
-48.924797	-1.1707532
-48.60853	-1.3600883
-51.365555	3.9210281
42.40481	-42.88014
41.895996	-42.94348
-2.0368755	-101.87076
10.520267	25.32274
-46.088467	12.116194
-17.167046	-45.264988
-17.575714	-44.184296
-60.089073	-4.7875495
16.701208	-89.483444
17.387638	-89.08769
3.2180731	60.031082
3.1039174	59.916927
1.4471556	65.348434
2.1871855	58.949646
-20.887026	32.846146
39.158863	0.3830412
39.729237	0.8681958
39.232513	1.5741979
39.456917	1.2000302
52.027176	-17.454382
-46.20987	13.724066
-46.154327	12.279652
15.024564	-14.080004
-47.010376	8.981714
33.887814	-15.987565
35.03327	-16.967428
-55.84661	3.516705
-46.904087	0.26594588
-50.92945	-4.6152883
-46.619797	5.101781
-50.656063	-4.241644
46.530823	-26.79394
48.010773	-32.440536
57.91099	13.093482
8.019142	32.404305
17.730639	54.105453
18.072615	12.30083
33.1557	-47.138702
13.980811	-12.011309
0.9532165	-69.30627
-72.48802	-2.7401454
-76.49942	-8.606815
-6.3429766	-89.25545
-6.522826	-90.10372
-62.829308	-62.028347
-64.65245	-61.10463
-7.246152	-89.67284
-7.199105	-90.21751
-60.822853	-52.411743
-81.10599	-18.405403
-81.10592	-18.405205
-5.6174397	-90.44747
-79.351974	-19.569523
-3.8890908	-89.25232
-2.8069599	-96.57905
-3.496168	-96.651115
-2.7146115	-95.261185
-3.1038086	-95.868645
-4.063174	-93.22643
-4.2673564	-93.46482
-57.603565	1.1954778
-62.549736	-3.669258
-1.5658941	-95.12346
-1.5979161	-95.89821
-55.76648	-42.628902
-60.55507	23.023033
-60.268276	23.046324
-43.10174	37.825283
-43.08125	37.87044
0.51754844	-26.937517
15.665408	-18.366177
-52.203316	41.153843
-54.24132	39.77896
-53.970238	39.99859
-36.79106	13.92628
-52.071392	41.224163
-41.934277	39.200928
-64.40475	-45.615932
-70.02339	-7.0295534
-70.61549	-7.2056513
-70.550835	-6.79007
-85.824524	-6.379653
-13.706039	-75.54043
-71.49626	-15.462891
-78.656364	-0.022171186
36.27604	-48.592075
-2.1153164	-92.446655
-35.720234	-41.08995
-20.42046	-36.006996
-44.57417	18.194134
5.053836	21.11648
6.488768	20.394255
-44.393894	17.93905
17.000677	-15.817718
6.8857827	20.127913
16.01967	-16.182362
-36.58732	44.505566
-36.63717	44.60051
-61.888206	19.918125
-74.194275	-12.129636
34.54544	-48.40326
-61.593784	20.206755
10.558592	25.206575
34.45409	-50.84903
34.206055	-51.391075
34.813725	-49.884453
-72.61139	19.606106
-71.213776	14.032434
-65.694626	18.181612
-63.99651	19.125832
42.914948	-39.35694
-12.72354	-15.182533
13.766034	32.478092
17.651625	27.593395
15.038008	-78.493904
14.824036	-78.520424
14.833605	-78.54856
-3.9024873	-74.36975
-60.22664	-54.656902
-4.1189237	-77.017654
-3.1646879	-74.03268
-3.240511	-74.149895
-61.007168	-54.868305
-4.049672	-77.11168
-60.054142	-39.87452
7.780004	18.133612
7.3792477	17.556442
11.439972	16.394968
7.500523	17.980661
-66.342545	45.58369
-65.942726	45.885677
-65.260086	44.847103
-66.270256	46.6474
-61.618343	46.223286
-43.155586	18.5868
-67.43377	44.105896
-65.72903	43.82895
-67.521255	44.35114
-66.00114	44.073277
-61.746124	46.87559
-61.769547	46.5994
-75.31632	18.543955
-75.19179	18.514643
10.443435	27.34515
10.515178	27.623653
-21.709541	-44.343636
-21.141668	-44.46395
-21.625097	-43.995373
-20.865435	-44.228745
-18.545536	-42.309704
-18.569574	-42.67464
-36.622868	-41.519722
-47.395805	18.078499
-46.880238	10.087304
4.3044596	15.627846
-52.320988	22.207674
9.73606	28.330854
9.087239	28.043785
-46.229023	5.1790233
58.49499	-25.626095
-22.8238	-41.615913
-24.512714	-41.25295
-24.55363	-41.249058
-23.582119	-41.96109
-66.75566	42.397552
-67.0444	31.576782
-67.11273	30.783104
-64.47945	42.450172
-64.42546	42.519444
-65.61848	32.263542
-75.267296	-9.017015
-72.04271	-5.9248366
-78.72043	-0.6666026
-63.8374	22.200453
-68.05661	-2.240543
-66.4612	-2.6442976
7.6095448	-63.244633
-11.385267	49.184822
-59.18763	50.200325
-12.952781	48.03285
-13.97095	47.180157
-12.14598	48.563877
-13.968675	46.880413
-28.676876	29.372654
-0.16892508	53.648262
-0.005126524	53.572617
41.07067	20.2979
-4.316012	47.84539
-11.571492	69.586205
-5.0503983	47.996937
-5.3619914	48.10177
-3.353906	55.499928
-0.6232573	56.895
7.8334117	30.99317
0.02534536	56.394302
-7.84584	51.37766
-0.61960465	45.652355
-8.580797	49.868088
-8.265544	50.552334
-8.933707	49.481773
-58.31064	51.931816
-0.7164153	46.981255
-0.6071356	45.589985
-74.96155	2.1721284
78.36904	-14.965241
49.500736	-31.316628
52.509426	-23.781078
77.65977	-14.896645
77.318695	-14.672002
78.39905	-14.917321
15.835013	29.512943
50.647156	-31.254892
51.067165	-28.832983
13.589391	27.3828
78.69612	-8.442812
78.68906	-8.431516
11.765203	28.27245
31.16987	17.759651
31.642702	17.486658
13.81066	27.139061
0.9128313	-64.12585
2.1197789	-63.309143
-1.4389526	-61.10038
-64.94128	23.226572
-64.33182	24.116583
-64.603264	23.82436
-63.399826	20.320066
-23.638613	-32.21373
-23.46896	-33.005222
-23.603704	-32.357826
-71.43728	12.780053
-68.56394	14.211087
-71.634056	10.236573
-71.544174	12.549807
-84.43348	3.2672272
-75.49712	14.291039
-74.776764	14.460041
-75.13486	13.762469
-63.89477	32.405643
-69.41445	7.994804
-70.699234	-12.57181
-62.55064	30.447172
-62.84595	31.332327
11.1010275	-73.21731
-73.30163	21.203178
-73.21104	19.412241
-72.74373	21.021492
-72.7749	20.777159
-72.27563	17.443499
14.606791	29.550106
46.99853	-34.775734
-49.225807	53.37011
-49.62349	52.44579
-81.259926	2.184476
-71.874756	-13.648061
-58.066124	-42.517086
-81.02772	3.5602891
-80.6257	2.9432814
-80.386375	3.256154
-65.08167	-2.1633182
-64.9379	-1.8306512
-41.274506	41.190105
6.962188	25.557013
-3.6719632	-103.06788
-2.8829403	-102.083405
-3.1040313	-101.26776
-3.4515736	-101.63177
-7.5990157	-105.308075
-7.6348476	-103.83539
-7.2637935	-103.433266
2.1936364	26.855337
5.3041844	28.691164
38.502712	-28.491886
37.930252	-28.879202
37.920017	-28.300526
38.292515	-28.089403
-35.82783	45.63556
-35.84915	46.34164
-58.515755	-39.627228
-63.03586	35.45815
-64.299484	35.009647
-62.54654	34.019276
-67.34619	30.026833
-63.1441	34.55452
-63.96521	34.84113
-68.88126	0.18374693
6.206112	-25.894814
-29.171865	27.472485
88.10869	42.554974
87.88815	42.663147
35.524597	27.947416
36.006218	27.77523
32.548065	-33.10694
35.407288	27.197218
36.644745	27.74463
90.0305	37.12017
93.20468	34.948116
92.66013	35.496883
95.492	39.62176
94.07638	36.16112
93.36611	37.205948
93.99376	35.51282
93.05654	40.284134
88.8844	41.74545
91.35012	41.142136
90.08366	37.985313
83.341515	37.086792
83.42477	37.06538
82.9663	37.18937
36.46826	-72.19986
21.005266	-40.03995
20.78826	-42.02131
42.7685	-32.900013
29.263338	-62.547153
-27.417145	29.423298
-55.088005	11.570619
-54.55131	11.674339
-0.15391108	-14.7685995
0.32865673	-18.890781
20.623466	-49.07861
20.52977	-33.609066
33.681595	-71.22778
-57.934086	-42.866566
13.689149	-13.420593
14.013571	-13.705987
15.3707695	-14.008645
-44.88432	8.920101
-44.91312	8.991568
48.450935	-32.251957
31.240784	14.446254
74.393196	-15.982216
-20.434658	2.8919806
4.807032	15.810067
-19.794313	3.1215432
-20.148294	2.9991734
-53.536163	12.775775
-53.546204	11.46779
-0.4462596	21.808111
0.043133255	21.71412
-63.4311	18.73875
7.575855	72.95264
7.8363905	75.13649
7.1941514	72.9608
6.997638	71.27623
7.132679	71.288345
5.2944818	-89.235725
-0.42000398	-92.088646
6.5053887	-88.23715
19.415688	-80.04517
16.99041	-88.10753
16.859241	-87.6832
16.77045	-88.075294
-48.06387	0.40036336
-48.54191	-2.3889997
-78.33655	1.4268144
7.8639874	-19.307455
12.26804	-18.513819
-74.90107	-1.6449624
-80.546486	-19.653816
-1.8628924	-94.02981
-7.3935394	-99.41364
-7.4021583	-99.42006
-9.189685	-101.20202
-7.4243364	-100.170425
-53.00959	-1.6362195
-52.03456	-2.1810987
-55.15088	0.9590017
-54.7534	1.7450715
-49.970592	4.6965013
-55.660847	1.6747916
-55.321945	1.880355
-6.614904	8.554731
-7.1536736	8.726223
-7.2656884	8.768187
-16.894636	23.623243
-15.306354	24.486118
-55.08749	-54.15574
-64.341515	-48.3499
-70.73069	-35.036064
-70.71086	-35.867523
-70.93597	-36.81138
-70.32258	-34.73174
-18.594769	20.93187
-17.97712	21.441057
-18.16179	21.301151
-50.230312	-59.940796
-49.58535	-61.697292
-50.23968	-61.514122
-71.33081	-39.58612
-71.56451	-39.1836
-70.91841	-40.561775
-71.70863	-39.791435
-70.435356	-39.80664
-49.6062	-59.16452
-24.397621	48.1799
-22.87961	48.45509
-9.831588	29.547861
-24.554228	47.50801
-25.329918	-86.14324
-24.28157	-87.0475
-24.328362	-87.47646
-25.098686	-86.91081
17.434122	-64.93493
10.184542	1.5889207
10.10423	0.66717505
9.92296	1.1360278
10.934143	0.88196653
10.838109	0.6189357
8.896101	-47.814957
10.086255	-48.04054
7.877046	-47.270084
15.925337	-65.04493
-23.587198	-88.42367
7.533949	-50.14122
6.740626	-46.91212
5.844692	-46.939465
-41.67148	-39.513317
-41.439503	-40.33377
-41.38421	-40.029854
6.3523717	-51.3341
-67.11694	2.0457675
15.773113	-53.500877
5.973851	-50.580154
6.4256163	-45.48293
7.4305086	-51.420193
15.779181	-53.59845
-26.178719	-85.106575
0.32742375	-14.248043
16.406351	-28.672113
13.265024	-48.258636
13.535434	-48.326862
12.108664	-47.680546
12.596858	-46.46105
14.927352	-44.43828
14.663597	-43.678707
15.449884	-43.31863
16.446356	-42.270496
15.317706	-42.224525
12.211025	0.8489253
14.26482	-1.1359922
14.758681	-42.666195
14.091975	-44.311028
14.850942	-50.181717
16.489605	-65.022255
21.865719	-63.829086
17.704391	-58.16708
17.576792	-59.277714
21.646107	-64.19466
22.130428	-63.913116
17.640423	-58.81809
15.730169	-52.009132
0.48580754	-44.760086
-0.31054068	-45.110275
-0.36644435	-45.21861
-42.44961	-38.27813
-41.862965	-38.59888
3.2837212	-44.660564
-10.551342	-32.604538
-11.030543	-32.955303
-12.421534	16.418612
-11.686761	16.837027
-12.338122	17.617785
-12.646256	18.849655
-15.231672	22.198769
-69.07412	-33.020653
-69.47445	-33.540302
-17.463108	-28.288992
-15.153807	-34.472702
3.6194263	52.03784
-28.152403	46.151318
-11.94128	-33.60968
30.287045	-1.3339847
30.542664	-1.4582821
51.197044	-3.120007
65.59974	31.880219
65.14296	32.14417
30.5148	0.89139664
48.211113	-30.114923
47.073868	-28.931904
31.780964	3.7072232
65.5756	31.692617
51.068077	-3.1994092
24.270866	12.398117
46.035664	5.4929366
56.19969	-5.445805
45.495403	6.0524287
45.554745	6.9719467
24.270985	12.403151
22.167686	5.37494
32.076782	4.1149797
60.79352	-6.0412693
46.000153	5.6207976
-17.816574	29.72953
22.30099	5.459197
17.426126	-3.4370625
17.175392	-3.540737
17.14531	-3.6419032
-9.761949	74.95531
16.701206	-47.129036
-54.10864	-47.91763
63.267036	68.8358
-34.784157	44.288483
-13.921774	24.37854
-13.741273	17.086308
-66.83216	-9.859705
-44.903133	-26.825441
-14.122933	14.409942
-64.66664	-0.74218684
-32.01911	3.9404495
21.608963	15.599306
-15.821846	28.733995
-15.229961	30.196249
-14.367384	29.209835
-13.15251	30.759592
-15.541566	29.558859
-14.288875	36.34714
-14.275606	36.39076
-24.608633	27.220041
-18.977331	85.392624
-18.992205	85.501724
-18.20445	33.053104
-24.25974	35.41137
-26.59499	31.033918
-26.536175	31.196276
-26.023401	26.846506
-26.258045	26.862537
-63.39625	-3.0039337
-0.18650569	73.53962
-0.19814998	73.51412
-0.85841596	72.42158
-6.04538	32.01775
-0.6825887	72.536224
-4.855017	30.565626
-5.0599656	30.597445
59.451946	50.30864
58.63341	50.826202
-3.6172705	30.036968
23.80825	14.722572
33.804474	-32.987778
33.666748	-32.817074
33.420895	-34.023277
38.111393	-13.64784
37.517506	-13.544608
-18.115929	-4.457123
-49.055893	21.915884
-16.798916	-4.614907
6.5010595	14.284528
6.6146946	14.043067
-17.541258	-4.10366
-49.03385	21.910929
49.770454	-20.916433
49.78962	-22.262852
41.22913	-14.019558
38.788918	-12.6586895
39.50002	-12.422705
-18.620926	-6.0446777
-18.076702	-6.1370916
-27.118368	-7.9881043
-26.554512	-9.008736
-19.354368	-7.16069
-19.554014	-7.5146623
9.404683	49.21297
9.377004	49.656044
9.231544	50.161404
53.85599	-12.078686
9.431878	50.537212
-2.6319196	-29.164007
5.814526	-42.09591
-0.98353696	-27.610092
-1.0576894	-27.522354
-2.1783454	-28.475939
-2.0084836	-28.34698
-29.396662	42.53975
7.403323	-44.594822
6.147109	-44.808136
26.156902	-26.421885
26.189507	-26.567017
-28.817198	37.362988
21.356802	-30.735617
-28.262167	37.315834
-27.47543	37.3244
-27.542406	37.17847
-24.26339	36.304283
-34.05326	35.37436
-34.092747	35.307594
18.548595	13.271691
20.584337	13.714918
-16.1898	-5.381892
-15.371655	-4.954806
18.725878	13.6070795
23.506058	13.896648
30.272669	0.99512005
45.006546	-26.125895
45.46628	-29.788078
44.154858	-30.903255
44.880585	-30.576056
26.961681	1.5654725
27.598774	0.90762216
27.771654	0.33277243
26.888433	1.4661031
27.7891	1.1053903
40.091145	-17.660755
43.173527	-27.316584
72.621445	-13.03628
75.37139	-14.318379
13.603096	19.940706
13.602288	19.91655
73.607605	-12.898265
73.39113	-12.375811
8.072003	29.670597
72.51939	-11.883391
5.316566	38.076378
5.2934914	38.086544
-0.058470063	40.228176
0.34710866	39.589973
32.46611	52.960453
32.35613	53.076668
72.74653	-11.8253
40.544014	-24.282398
0.8427081	38.18741
0.8385036	38.221363
-22.25139	-7.0384407
-52.39948	32.22387
-52.432713	32.242176
-33.899094	-2.2167912
8.012361	61.155914
8.0513	61.173176
-8.693261	40.72024
-12.479096	24.889618
-31.564869	2.783235
-31.593197	2.6637037
-15.367417	25.770893
29.658955	53.145252
-13.435272	28.415768
-12.587207	24.908348
-8.7877245	40.96836
8.649722	61.79305
-12.184364	21.880026
-10.680875	22.523035
-10.567775	22.579454
53.398655	-14.216975
53.201393	-14.934574
53.793133	-15.627854
46.1939	-11.532035
46.84584	-11.690978
53.535587	-23.678555
58.42252	-25.436764
70.940475	-10.246758
52.60381	-25.556938
38.799488	-6.405336
38.26465	-6.19774
39.156315	-6.6818194
38.23894	-6.2035985
52.522408	-14.465548
54.74077	-15.939704
50.77784	-14.145332
58.407726	-13.239229
48.444904	-8.215864
58.883472	-14.645984
47.98646	-8.223723
59.66703	-12.1469
53.872337	-13.138726
60.052906	-11.849485
58.492302	-17.230732
59.09805	-17.360218
50.44948	-14.160046
50.09797	-4.536495
58.037495	-20.056143
58.564785	-18.875391
57.73255	-19.218414
58.623447	-19.369427
57.93316	-18.742308
55.757114	-23.105368
54.964355	-23.381088
63.156853	-5.229036
62.380455	-4.609512
56.16854	-22.737144
54.99051	-23.04959
62.40355	-5.0565224
56.556316	-17.89107
48.788334	-15.390986
52.116913	-20.887493
52.757423	-21.719095
30.853388	-1.942131
45.977013	-12.188227
46.109585	-12.534062
1.7657528	41.96543
0.3779852	41.753433
-0.7671458	41.68779
-1.4204457	42.02039
0.5980413	41.84446
-0.03753724	42.402298
61.942894	-6.2542396
31.42404	3.2654104
30.415422	2.1095784
52.27932	-26.067547
49.839134	12.858517
49.834835	12.849552
39.09595	13.505375
39.17128	13.642427
52.842472	9.895759
51.848484	10.332826
43.011314	14.881682
41.347477	16.476799
41.14314	18.340162
13.243249	13.366532
13.169709	13.523428
-36.075638	14.965162
32.337265	57.550156
32.23946	56.562893
32.211403	56.29591
31.672813	53.822678
12.600028	15.314423
-36.03175	15.021516
63.2554	46.224144
-20.349804	-8.937261
-21.78217	-5.6872807
-20.808346	-8.248557
-25.51331	-4.42948
-22.726366	-5.715275
-22.133585	-11.161635
38.02841	-11.514455
37.603325	-12.843686
42.14234	-28.79944
26.57199	0.0791107
71.456375	-10.937124
39.459167	-23.89445
42.13215	-28.676422
75.353874	-13.105075
52.22734	-17.722496
47.809223	-16.948147
40.41997	-16.541264
51.265858	-26.10136
38.82854	-15.702535
38.73338	-16.221636
26.607307	-16.348597
37.91377	-16.776337
37.900806	-16.781752
38.40341	-19.19192
74.152756	-27.71559
74.942024	-28.708834
75.08295	-28.883585
73.650116	-27.001581
71.46998	-31.38925
71.49893	-31.477621
19.226555	-32.219067
19.21096	-33.20615
23.243633	-22.38547
20.458796	-33.195694
-14.231665	13.830455
17.597374	-33.685963
-12.805374	-5.795963
-9.228299	-24.785366
13.754183	-0.38014042
15.529517	1.0864387
-8.99567	-33.769382
-9.61928	-32.20283
-8.75165	-34.743546
-14.27226	-48.397278
-7.2807617	-40.018826
-7.289081	-40.012535
17.56886	-29.963938
1.0783389	-19.80924
17.804016	-30.605593
4.848397	-55.91363
23.467464	-63.72921
9.124517	-32.465267
21.039036	-54.215107
9.571883	-31.6796
17.763393	0.27933598
20.636454	-40.15429
18.713469	-41.392296
0.024312407	-16.157906
-5.809537	-13.634873
0.7113115	-19.305635
17.594309	-41.583824
43.880592	-31.859753
43.675873	-32.244278
73.476685	-15.720082
45.791553	-31.722649
45.555172	-23.825552
50.75621	-26.613047
45.89665	-23.084879
57.74522	-5.6055255
46.471157	-18.170036
46.72111	-18.201748
46.5498	-19.41915
46.46067	-19.789082
51.87238	3.2825346
57.22392	10.949278
57.614845	10.679434
62.766464	-0.44084182
51.888588	3.1233447
63.181416	-1.0679936
72.703926	-1.4736892
72.65909	-1.0031109
73.3061	-4.1401854
72.02777	1.2180401
72.413956	2.261817
72.23851	0.40009677
72.47497	-0.12504326
73.38295	-2.7637212
73.30085	-4.1886625
45.740208	-10.017969
54.353245	-7.695878
50.312183	-1.920348
59.158432	-1.7337294
59.46858	-4.3492455
54.72923	9.470858
54.71384	9.272721
51.9878	3.974719
51.058723	-1.1051004
55.610897	8.44392
25.52344	6.705638
62.749485	-2.1548684
54.12231	-22.078058
62.51344	-3.07379
58.493176	-13.415888
61.48313	-4.3764467
53.379807	-16.595085
70.38315	-7.0756736
70.34162	-7.1292534
62.036232	2.0585926
61.149498	1.8117503
61.773903	2.1171083
60.804085	2.5537882
70.98143	0.81348586
72.96668	-4.46212
59.77626	36.69647
46.054688	-8.431713
59.14688	6.386048
50.920204	5.6524944
59.113407	6.3665915
50.54385	5.961584
59.33896	-1.3122988
53.717327	0.7196261
54.691963	3.0354788
53.82864	1.3204162
60.14737	37.376587
62.01149	37.17179
64.11921	4.8179803
49.59612	6.463358
57.813587	12.666228
57.360683	7.727377
60.15891	38.588688
60.175346	38.68506
59.908577	42.486206
59.504726	43.662003
59.68721	43.03402
30.203175	19.162167
63.02335	52.028946
62.89673	53.120537
-14.13264	-28.710943
-13.202485	-28.971663
-13.205575	21.022913
-13.204861	21.10171
-9.502804	41.847527
-15.258713	23.30104
-9.177699	42.14076
-8.891721	43.192802
59.888783	48.271168
1.5044919	15.399021
1.8959856	15.43968
59.737076	48.638332
1.3907402	62.751705
2.3978472	64.41627
2.6634912	64.56995
3.0026228	64.85755
3.5516768	64.52254
61.95168	47.94469
61.981445	48.615444
60.977562	49.1653
54.967	49.599457
61.60938	53.604816
56.0171	49.287685
61.563038	53.01813
54.15399	50.075184
-3.5895295	56.656075
22.915373	16.66355
-4.5286293	58.825226
-2.4767823	59.387203
-1.882794	59.904247
-1.5373781	60.20429
60.346405	48.922894
66.53022	37.396137
61.042706	48.443844
54.896572	49.40238
61.20019	52.828278
54.065197	50.39418
60.982655	53.162136
22.82616	16.722157
-4.616971	58.838867
-2.8398385	59.004837
62.41771	50.002457
3.0141907	15.666634
69.37489	78.17831
69.3781	78.15714
60.677044	84.07348
60.611004	83.72786
-16.770971	28.813633
-19.300655	31.222433
-23.349197	34.898075
32.138634	-33.992664
-26.043085	35.55073
-23.902035	35.587067
-24.72302	49.503017
-24.270536	48.388256
-33.732117	37.164898
6.731325	12.32806
-33.51172	37.486164
-33.360847	37.796127
-28.341324	44.17041
-29.327913	44.83153
-29.142797	44.600895
13.42104	4.2628465
-29.660131	44.070354
-30.07502	44.728592
-31.645605	45.150173
-31.772484	45.03269
36.576866	-16.862131
35.129948	-15.666044
45.745407	4.0313377
64.27044	5.2311044
38.23667	13.654467
40.323013	13.4345255
43.53983	9.688065
48.43726	58.368385
65.96201	36.527405
48.28897	58.58894
43.242706	14.469282
35.4165	15.078417
43.253307	14.426514
34.383698	15.2294235
32.014538	15.917986
33.613907	15.426155
31.836634	15.228073
-9.804306	-56.412735
-12.768304	-57.742447
-20.550003	56.326088
-19.644829	56.283634
-19.323587	56.265156
-18.6762	56.253147
7.8034215	66.14372
7.9684463	66.01506
-44.041798	-26.940973
-11.249926	-46.52388
-42.432526	-27.804293
-2.7795963	-40.293762
-41.77786	-28.682894
-41.674175	-29.594864
-16.646975	-20.615992
-12.239459	-21.98288
-15.503963	-21.08111
-1.5053679	-41.693222
-16.889439	-20.299612
-29.02842	-11.681962
-32.35966	-3.3914418
-6.731377	-31.504677
-8.730933	-33.57589
-11.033435	-23.560848
-16.883383	-28.59266
-67.824196	-8.47695
-14.985879	-30.277166
-14.677257	-45.27827
-4.5076876	-44.90632
-5.142384	-44.86702
-16.602556	-22.02357
-14.303648	-23.319382
-16.236849	-22.231867
-13.102897	-23.253117
-15.128673	-25.803871
-12.727735	-24.097816
-15.255956	-25.85067
-9.693702	-30.501686
-15.251547	-24.81371
-13.924386	-23.898148
-17.21689	-48.21437
-15.8839855	-45.170654
-19.82064	-62.048035
-20.356825	-61.589558
-16.760412	-67.48605
-16.836113	-48.713852
-13.036601	-21.788467
-7.4346533	-44.52688
-1.0221677	-51.221684
-11.688001	-37.00759
-11.606545	-36.153625
-38.58364	-34.037807
-10.206978	-46.602055
-10.207527	-46.601624
-47.990013	-59.973125
-39.748337	-37.72424
-44.261997	-61.850994
-43.98445	-62.285294
-20.030796	-64.175995
-19.709002	-64.595924
-13.166851	-35.02563
-14.726858	-34.842247
-12.2904005	-36.688236
-22.836025	-53.700356
-12.717301	-45.275772
-30.95704	-22.88888
-30.307379	-21.270023
-24.82539	-22.461433
-24.657938	-22.51698
24.16412	-23.083576
16.820549	-1.5082871
17.002935	-0.56302404
-25.861828	-6.340574
-27.22035	-9.14204
62.99599	44.683453
63.870655	46.029037
-70.638466	75.47682
-70.66716	75.55133
64.63877	36.418945
-20.981209	35.778896
25.862206	-36.51257
-25.591356	-5.718163
24.594751	-34.46181
-27.627659	-6.559991
-25.003702	-5.4467463
64.8086	30.567577
25.263142	-34.576656
-31.013306	-1.4777808
-32.521767	-1.5714606
24.98522	-16.992477
21.455034	-52.041386
23.69276	-14.697429
21.012354	4.7795005
19.583677	-48.097065
-26.108694	-87.44655
23.715963	-14.768617
19.741386	-48.419937
27.326807	-61.80097
24.993193	-23.632505
26.258154	-23.664135
24.611109	-23.861015
23.974848	-32.95786
26.015669	-31.448994
26.06122	-31.409187
19.842266	-32.163967
27.144358	-59.559967
27.024242	-21.816782
27.721779	-21.347242
28.508652	-20.74569
21.276855	9.470765
14.910616	-4.2817335
13.547634	-3.0103002
26.654083	-22.283064
13.659971	-1.9714686
10.194743	-29.285334
11.626468	-1.1166134
11.41306	-0.9968842
20.614323	-30.547935
23.847008	-24.25098
25.436277	-36.985126
10.218843	-30.746265
24.143864	-34.40467
19.954151	-54.80167
20.343763	-54.721195
-25.376886	-14.950966
17.515965	-29.462845
-25.391176	-14.958216
-1.810035	-41.372967
-0.4753373	-43.501686
-17.222792	55.709873
-17.966316	56.012436
-15.219766	-57.14607
-15.531802	-58.45739
-39.172916	-33.3489
-5.9440985	-43.426888
-15.165828	-49.938953
-16.093424	-31.77367
-15.59738	-31.520016
-16.649916	-31.709286
-12.71529	-32.001846
-13.434762	-31.88299
-42.195915	-41.484577
-38.291325	-31.908276
-37.889057	-32.07902
-38.308144	-31.480427
-40.53897	-37.605644
-11.802351	-45.632202
-36.947025	-38.127922
-38.431984	70.74641
-21.489946	-10.0463505
10.583826	64.04336
10.663265	64.05929
-38.42203	70.73129
12.405762	64.14364
-22.643644	37.2284
-18.709322	31.312967
-8.631452	34.03198
-7.7865205	33.75046
-22.809473	37.631054
14.294857	3.9262896
-16.161783	34.02177
-26.864834	25.442387
-17.441936	32.520103
-22.215387	36.367123
-16.157295	34.24428
-57.910786	10.869615
-17.19456	37.411823
-17.773083	38.972755
-11.897968	32.600224
-8.541335	33.529808
-12.0308895	32.606167
-5.8864903	31.75467
-14.662185	37.441414
-26.986885	24.999163
-17.116333	41.397778
-17.794981	40.091785
-17.285236	41.21945
18.04949	14.719162
13.40068	6.1667876
-29.1101	-11.118755
-22.55756	-12.134186
12.9452715	4.6672997
-2.5233598	-34.108715
25.4049	41.14328
24.077208	37.991318
46.465668	-60.21936
-20.894947	82.2517
25.182005	40.904068
46.492157	-60.199413
24.108063	38.062977
24.845114	40.318264
47.250614	-59.577065
10.964655	82.5027
10.834207	87.6139
10.8579235	88.342896
10.8374815	87.711555
10.832256	86.86535
10.617092	81.94318
10.680723	82.04333
-20.973883	71.38483
-42.097214	27.779533
-42.09813	27.785696
-39.92498	29.03768
-43.969322	26.552423
-45.259823	24.815195
-45.525528	25.11352
-39.752975	29.128319
-45.04518	25.22281
31.059198	39.316597
31.052076	39.347786
30.801939	42.4176
33.27361	43.006187
29.01624	42.499638
28.739704	42.389538
-13.005159	-7.6760416
-49.445103	24.421381
-10.238175	60.24143
-10.1894865	60.16224
-8.868039	61.344658
-8.385207	61.11018
-9.42642	61.927055
-45.031506	69.05459
-11.33415	61.26435
-11.991246	61.60329
-47.328606	65.55604
0.45326018	82.0576
0.57564956	81.443375
0.5508816	81.63322
0.77048963	80.31178
1.7771055	81.02953
75.44446	-33.10715
77.348625	-32.777943
76.231384	-33.107166
76.9182	-32.30627
75.98906	-32.521427
72.45893	-32.779854
85.29425	-17.852266
76.477554	-34.79191
77.53434	-33.807476
77.57546	-34.56311
76.738594	-34.09594
75.61165	-34.312817
83.7673	-18.648027
84.33145	-20.439615
83.783264	-19.42405
83.949234	-20.028612
84.53644	-19.808214
74.286316	-33.4027
82.32456	-17.957676
86.12665	-19.04132
86.26691	-18.896183
22.550539	88.238144
15.533975	31.948614
22.766726	88.191666
23.473427	88.721664
23.248251	89.16813
23.772411	89.636086
23.851305	89.83943
51.04073	77.299545
52.046314	77.71882
51.420002	77.837875
49.84409	79.205284
50.30598	78.63365
51.488308	77.21296
-50.4327	58.649185
-50.445023	58.652
-47.44835	56.170853
-48.506733	54.63105
-49.28394	55.07117
-49.64085	55.936455
-48.028088	55.264526
-49.518536	56.002262
-47.288887	57.77321
-46.763817	57.693592
-43.65033	58.523285
-42.520588	58.523067
-41.086857	57.849308
-43.82142	58.62674
-42.96862	58.44077
-41.15429	57.846233
-2.4418445	-18.556362
-6.237035	-8.937745
-6.8882375	-8.099794
-6.1918173	-7.839421
-8.485468	-7.083077
60.271442	63.855656
63.67819	50.943447
20.741745	51.792744
6.5482106	-10.668532
3.174302	-8.947783
3.0934641	-8.932683
-48.793358	25.880817
-49.08586	25.430231
-48.145733	24.910212
-50.162968	25.302792
-50.85776	24.695206
-49.525723	25.13057
-3.4778466	-9.991426
-3.998041	-9.947402
-2.926054	-9.421854
-23.050009	69.00717
-21.727322	64.46448
-22.51093	69.970764
60.630966	58.906437
59.57858	61.606716
-40.234993	67.748146
-39.43355	66.24154
-40.720394	67.24016
-42.93635	69.29457
-43.027546	69.325195
-44.175644	67.845146
-45.08239	68.03398
-60.52314	19.879423
-26.987646	65.699326
-27.36011	66.59929
-27.95801	66.601364
-22.925037	64.31932
-27.341515	64.791336
-10.583929	59.400646
-46.23096	66.3746
-45.99195	66.51762
-44.91822	66.99708
-44.258747	66.931274
-42.476963	66.24313
-41.865196	65.462776
-41.876698	65.48462
62.032383	82.21951
62.988934	84.70796
63.245758	85.12225
63.733467	84.6212
63.43615	83.51469
63.15423	82.16437
63.393562	82.065094
63.690186	82.98977
-16.051409	-37.31045
26.008394	57.74744
26.15941	57.674877
25.301615	57.870483
28.327164	60.630985
28.235115	60.605984
27.449951	60.281868
28.141994	61.173504
43.113503	70.43414
43.26265	70.7956
43.343445	71.01987
44.40747	72.28474
45.122025	72.41516
44.80636	73.42663
46.061863	73.838394
45.755486	73.577644
48.483303	74.53554
49.41535	73.697365
49.502636	73.663795
48.44222	74.58685
21.80853	56.16333
21.513748	56.66866
22.121355	55.396656
23.273087	27.555489
18.58677	26.44993
18.627121	26.353483
23.319918	27.462305
23.056767	28.234148
22.57262	55.499626
20.547344	55.26781
20.499577	57.207127
20.419607	57.963795
21.458683	60.784996
27.991192	59.126972
-69.58512	76.212265
-69.77767	77.088715
-69.471634	76.68882
-70.10513	76.59792
-70.399704	76.898994
-63.556347	23.121595
6.953994	-8.785304
6.947447	-8.818954
5.6748085	-63.735744
4.898724	-63.899776
5.1343646	-63.265633
5.5928273	-64.85672
5.4981923	-65.391846
4.6361294	-67.27171
4.2952104	-68.87632
3.6072724	-68.95157
4.5991397	-69.50809
3.5342116	-69.626595
4.0887284	-70.05252
4.4840546	-64.82647
-43.09908	-22.163248
4.6208396	-65.394226
-42.89984	-22.197746
-43.540413	-22.07612
-36.093155	-10.234192
-34.380257	-10.0190115
-34.69877	-10.031932
-35.900906	-10.096264
-36.46066	-9.823827
-5.7158613	-24.945232
-31.482368	-31.95494
-31.013674	-31.983618
-13.611196	69.86029
-15.971684	70.6459
-15.151737	81.39205
-14.0877495	79.75143
-15.524513	80.57239
-15.904499	81.541245
-17.700079	82.183174
-16.1049	80.88447
-16.13739	80.15597
-17.085634	80.257576
-18.457508	81.150085
-18.882114	81.01988
-18.703907	82.05747
-19.19609	82.45217
-18.063875	79.487465
-16.988056	79.30732
-15.828055	77.451126
-16.20129	71.0729
-14.305469	73.18655
-21.086123	72.19365
-12.385551	71.2839
-12.8233385	71.1137
-13.0903	71.28131
-13.209361	73.014565
-13.232275	73.330574
-12.258298	72.93497
-51.415066	25.892633
-51.926754	25.356245
-48.026134	29.8802
-46.419033	30.568766
-47.17352	30.219728
-46.44956	30.137432
-46.80087	30.67528
-9.4751625	-5.709514
-10.312906	-6.068333
-9.935174	-4.6991816
-8.816224	-4.5182037
-9.563213	-4.1494727
-9.073452	-5.6691623
-10.7068815	-1.2394775
-10.163818	-2.5809536
-39.574314	22.289202
-39.527107	22.248487
-39.23077	22.035572
-29.108154	51.809254
-28.96321	51.950863
-28.0024	53.488346
-27.928373	53.54905
-22.241524	74.27027
-20.943813	73.30663
-20.177956	72.980934
-20.145102	75.270584
-17.35085	77.78195
-20.58276	74.57891
-19.899185	75.37859
55.753872	63.62392
56.807453	63.05841
0.40230417	75.28356
55.909893	63.533806
-38.543945	-29.122667
-39.559822	-29.013615
-39.177303	-29.10997
-8.718122	-18.722975
-8.525635	-18.742882
-37.578114	-24.930721
-37.37447	-24.752144
-37.83841	-25.517653
-37.425175	-25.549406
-35.395275	-25.495403
-35.30947	-25.382036
-35.933605	68.02474
-36.0721	68.145035
-37.633354	65.90683
-37.130077	66.18342
-35.96527	65.88836
-36.891857	65.2999
-38.44431	64.92389
-38.64076	64.52391
-29.750534	-10.502643
2.2365878	77.27752
2.1500583	77.31248
1.3416702	77.99869
49.233982	91.5057
49.76222	91.2199
50.432053	90.64535
50.866833	90.89332
50.91175	90.4962
51.452866	90.435394
-23.758858	65.61288
-23.51648	63.940475
-23.631166	63.67769
-26.089964	67.25116
-25.177021	66.965645
-25.689123	67.92286
-25.999844	68.52601
-24.956633	68.05929
-24.468931	67.63994
-29.754398	91.048546
-29.523314	91.12835
-29.195963	91.34571
-28.359915	91.04817
-28.338453	91.06664
-10.887547	74.43018
-10.760042	74.52
60.7854	66.857025
60.889423	59.82933
60.69123	60.14607
28.2855	43.969116
34.961407	43.836117
35.361877	42.904087
35.19012	42.48588
36.041306	44.64152
36.37005	42.455856
37.018238	43.050644
37.370445	42.66735
37.53836	43.382893
36.291374	43.63462
30.681873	44.111717
29.881453	45.223335
29.389536	45.631355
29.22852	45.60211
60.022865	72.287025
61.92376	70.34111
61.749786	70.38777
59.7223	72.017105
60.89126	70.83117
61.111668	71.20419
59.806973	71.05656
59.237103	72.629326
63.005863	73.15075
63.63083	73.053185
57.70488	60.005417
63.433704	73.90601
64.472534	74.87943
64.19886	75.588486
65.244965	76.05977
61.028885	81.768684
64.48556	77.82117
64.46134	76.97903
63.08596	74.70795
64.676025	74.44842
-9.740784	-18.724773
-35.537853	-33.59801
-8.625927	-12.457534
-7.6976295	-12.214339
-5.343995	-15.32954
-4.7969112	-18.564226
-3.4212122	-18.745577
-3.4079175	-17.63865
-4.355688	-19.287323
-4.5095315	-19.823084
-9.334523	-7.640775
-8.998555	-7.7267923
-9.726165	-8.832842
-8.871761	-8.729928
-4.816773	-13.580527
-3.264137	-14.433023
-3.2211018	-15.012342
-2.3199592	-15.137118
5.946212	-22.37755
6.3304777	-23.371384
6.4950957	-24.44249
6.622954	-24.647013
-5.6591105	-6.5455365
-3.444897	-19.828316
-4.2019467	-17.855837
-2.8317149	-19.787153
7.5212545	-17.665705
7.6382046	-17.623926
-4.7277775	-11.562517
29.374186	69.95161
28.909445	70.71061
29.525827	70.390366
28.444864	69.7228
29.269356	69.25374
27.379671	69.32421
27.769806	69.27475
26.707241	70.60527
25.876234	68.5245
28.96971	68.57685
19.184942	55.278202
20.15973	56.32861
22.713745	59.893417
22.788397	60.208317
23.331478	63.78308
22.390709	64.52324
27.493063	66.89123
45.98065	62.619312
46.39306	63.75195
47.169937	63.771687
47.12388	64.08922
47.258877	62.565308
46.776688	62.479813
47.535664	61.02923
46.084656	60.469173
46.775284	60.822678
46.520535	60.71019
25.14343	65.29124
25.511189	65.75048
25.555182	65.980736
16.704771	81.20353
16.705814	81.20439
49.73174	68.04733
49.75474	68.10835
50.73293	69.81546
50.744823	69.82993
52.7974	75.16373
55.822903	71.64717
55.901768	71.67595
54.279015	71.92218
54.293705	71.923195
54.183132	76.20407
54.01634	75.88305
55.1473	75.231735
56.09022	74.68143
55.34977	75.43978
55.68746	75.61909
21.61732	65.25061
20.440777	64.930214
20.41087	64.9308
22.652489	68.6259
22.04447	67.88821
21.874428	68.11312
21.340261	67.26628
23.598494	67.83675
13.670182	64.46627
48.432514	-62.993954
34.009357	-56.800552
48.403954	-62.991592
41.813644	-67.09503
41.739418	-67.2049
34.420513	-69.83963
39.537807	-68.65812
40.12524	-69.61925
39.516285	-69.41687
40.29653	-68.71087
40.522797	-69.180984
35.58386	-71.04848
34.912773	-70.85951
36.062992	-70.57204
36.125507	-69.92686
35.870956	-69.159256
38.79751	-67.582664
-1.8482057	-10.330325
6.379692	-12.739671
6.6194935	-12.739963
7.897658	-15.012125
8.018368	-15.373964
-2.173467	-12.379821
10.018103	-15.825354
10.229277	-15.422513
-2.608551	-12.91901
10.299401	-16.267622
10.664939	-17.310215
10.212024	-17.648869
10.813503	-18.134693
10.795148	-19.010355
10.51647	-19.429247
44.741325	-63.43012
44.498676	-63.670315
43.90216	-64.25659
43.01766	-65.253685
42.455982	-65.882996
39.98212	-71.995415
36.96098	-72.52543
40.084072	-71.748535
32.03286	-60.91966
32.04151	-60.298508
32.025723	-59.626015
32.538113	-57.726727
31.96645	-57.54703
31.591988	-57.07701
30.407755	-56.56481
34.106174	-59.83678
36.82537	-57.91935
41.37678	37.58912
41.063927	37.11135
40.55508	38.161213
40.698967	38.00928
40.776943	36.088394
24.562098	-54.275757
24.1087	-54.217945
8.318162	-34.113243
8.856419	-35.127235
38.835373	41.15759
38.864155	41.17045
59.653313	60.69952
58.830193	62.1596
59.324833	62.17999
36.902637	-57.89086
7.719938	-34.700546
21.665373	-58.504826
-0.23147519	-81.5247
6.938246	-34.913692
7.2885456	-35.587395
7.5406575	-35.346924
30.03418	-55.331436
22.968063	-56.29068
