57 82 0 -42 -4 12 126 114
59 82 0 -42 -5 13 126 112
-40 107 0 64 -18 18 42 24
-80 106 -1 30 1 69 75 6
736 106 -3 34 -16 24 72 48
1029 75 -3 28 26 20 46 26
-70 106 0 34 -2 69 72 4
1029 76 0 20 0 20 55 34
1958 82 -3 44 -5 3 38 34
-36 107 0 64 -9 20 42 22
1149 80 0 34 0 23 46 24
-33 107 0 60 -21 36 47 12
-38 107 0 62 5 35 45 10
-31 107 0 60 -17 36 47 12
1532 77 0 20 0 14 57 44
-80 106 -1 34 -2 69 72 4
-37 107 0 64 -6 21 42 22
-34 107 0 64 -7 20 42 22
50 82 0 -40 28 22 123 102
-35 107 0 60 -26 35 47 12
1532 106 -2 34 -35 42 72 30
1963 88 0 44 0 9 44 34
-39 107 0 64 -11 19 42 24
3049 106 -4 36 1 15 69 54
-48 106 -362 30 -22 69 75 6
2561 106 -4 34 -20 24 72 48
