21 77 0 28 0 27 48 22
-38 106 -104 30 -17 69 75 6
-30 79 0 0 0 27 79 52
-33 88 -4 8 0 10 81 70
-27 107 0 60 -5 38 47 10
-49 80 0 34 0 43 46 2
36 77 0 -22 0 36 101 64
-45 88 -1 8 0 15 81 66
-37 77 0 -2 0 33 79 46
-28 89 2 8 0 8 81 72
-36 78 0 10 0 42 68 26
-51 88 0 8 0 17 81 64
-78 75 -1 26 -20 38 49 12
-41 107 0 68 -6 15 40 24
-40 107 0 64 -28 17 42 26
-102 76 1 36 1 39 40 2
-73 88 0 6 -30 35 83 48
-30 76 0 42 0 34 35 2
-34 91 0 2 0 48 88 40
-107 77 0 20 0 40 56 16
-33 76 0 20 0 39 55 16
-39 91 0 2 0 47 88 42
-45 78 -6 0 0 34 78 44
-44 91 0 2 0 43 88 44
-60 78 0 10 0 42 68 26
-33 77 0 -2 0 34 79 46
-37 79 0 0 0 29 79 50
-75 112 105 34 14 75 78 4
-34 106 0 30 -4 69 75 6
33 77 0 -22 0 37 101 64
-30 89 2 6 -2 44 84 40
-51 88 0 8 0 18 81 62
22 79 0 42 0 29 37 8
-37 76 0 42 0 34 35 2
-33 76 0 36 0 39 40 2
-51 89 8 6 -13 41 84 44
-29 89 1 6 -2 44 84 40
21 82 0 -42 -1 10 126 116
-58 76 0 42 0 33 35 2
-28 107 0 60 -8 38 47 10
-85 77 0 20 0 40 56 16
21 79 0 42 0 28 37 10
-30 107 0 60 -13 37 47 10
-49 77 0 -2 0 30 79 50
32 77 0 28 0 32 48 16
-29 78 -6 0 0 36 78 42
-64 77 -3 44 -4 32 34 2
-27 107 0 68 -24 11 40 30
-69 88 0 8 0 29 81 52
-40 77 0 -2 0 33 79 46
-27 107 0 60 -6 38 47 10
45 77 0 -22 0 34 101 66
48 77 0 -22 0 31 101 70
46 77 0 -22 0 33 101 68
33 77 0 28 0 30 48 18
-27 91 0 2 0 38 88 50
-42 76 0 36 0 39 40 2
-33 77 0 -2 0 26 79 54
-78 76 0 20 0 39 55 16
-32 106 0 30 0 69 75 6
-27 81 0 44 0 36 37 2
22 77 0 28 0 36 48 12
-72 76 0 42 0 33 35 2
-41 88 -2 8 0 13 81 68
-35 77 0 20 0 40 56 16
24 77 0 -22 0 27 101 74
23 79 0 42 0 29 37 8
-34 79 2 0 0 35 79 44
-70 88 0 8 0 30 81 50
-49 79 3 0 0 33 79 46
-45 91 0 2 0 44 88 44
-73 88 0 8 0 34 81 46
24 82 0 -42 -2 10 126 116
-31 91 0 2 0 48 88 40
-48 77 0 -2 0 29 79 50
51 82 0 -40 28 12 123 112
28 77 0 28 0 28 48 20
32 82 0 -42 -4 11 126 116
-29 107 0 70 0 10 37 28
-51 88 -1 8 0 16 81 64
-42 77 0 -2 0 28 79 52
-42 89 5 6 -8 41 84 42
-36 88 -3 8 0 11 81 70
44 77 0 -22 0 30 101 70
-25 79 0 0 0 26 79 52
-31 80 0 34 0 43 46 2
-85 77 0 20 0 40 57 16
-38 91 0 2 0 41 88 48
29 77 0 28 0 34 48 14
21 77 0 28 0 36 48 12
-64 106 -1 30 0 69 75 6
-49 77 0 -2 0 31 79 48
-60 88 0 8 0 21 81 60
-46 89 6 6 -11 41 84 42
30 77 0 28 0 29 48 20
-32 79 2 0 0 35 79 44
-71 88 0 8 0 32 81 48
48 77 0 -22 0 30 101 70
-29 89 2 8 0 8 81 74
24 77 0 -22 0 27 101 74
-42 76 0 20 0 39 55 16
-91 76 0 42 0 33 35 2
-48 78 -6 0 0 31 78 48
-94 112 365 34 17 75 78 4
-91 80 0 34 0 43 46 2
-28 107 0 68 -30 10 40 30
-25 77 0 -2 0 35 79 44
-72 88 0 8 0 33 81 48
-65 76 0 36 0 39 40 2
-35 107 0 68 -15 12 40 28
-42 75 0 26 -19 38 49 12
-42 91 0 2 0 43 88 46
30 82 0 -42 -3 10 126 116
28 77 0 28 0 33 48 16
-54 75 -1 28 15 38 46 8
-82 76 0 36 0 39 40 2
-62 88 0 6 -27 38 83 46
-41 106 0 34 -1 69 72 4
-45 81 0 44 0 36 37 2
-49 79 2 0 0 33 79 46
-47 91 0 2 0 46 88 42
-42 77 0 20 0 40 57 16
-38 89 4 6 -7 42 84 42
-56 106 0 34 -1 69 72 4
-35 89 4 8 0 10 81 70
-36 79 3 0 0 35 79 44
46 82 0 -42 -8 11 126 114
30 77 0 -22 0 28 101 72
-63 88 0 8 0 22 81 58
-63 88 0 8 0 24 81 56
-42 91 0 2 0 46 88 42
-113 76 0 42 0 33 35 2
-54 106 0 30 -6 69 75 6
-35 77 0 -2 0 34 79 46
-33 89 3 6 -4 43 84 42
28 77 0 -22 0 38 101 64
42 82 0 -42 -7 11 126 114
-44 77 0 -2 0 32 79 48
23 77 0 28 0 26 48 22
-43 88 -1 8 0 14 81 68
23 77 0 28 0 34 48 14
-42 78 -7 0 0 30 78 48
-49 77 0 -2 0 32 79 48
-37 107 0 64 -23 17 42 26
23 77 0 -22 0 27 101 74
-58 88 0 6 -17 40 83 44
-65 88 0 8 5 37 81 44
22 77 0 28 0 35 48 14
31 77 0 -22 0 28 101 72
-51 106 -1 30 0 69 75 6
-37 106 -3 34 -6 69 72 4
45 77 0 -22 0 29 101 72
22 77 0 28 0 26 48 22
-27 77 -2 44 -3 32 34 2
23 77 0 28 0 35 48 14
-98 81 0 44 0 36 37 2
-64 80 0 34 0 43 46 2
-36 91 0 2 0 47 88 42
-44 79 2 0 0 34 79 44
-38 107 0 68 -12 13 40 26
-66 77 0 20 0 40 57 16
-39 80 0 34 0 43 46 2
-29 107 0 60 -10 37 47 10
-52 76 0 36 0 39 40 2
-32 91 0 2 0 48 88 40
27 77 0 28 0 33 48 16
22 79 0 42 0 30 37 8
-38 107 0 64 -36 16 42 26
-25 77 0 -2 0 34 79 46
-69 88 0 8 6 36 81 44
-51 106 -1 34 -1 69 72 4
-64 106 -1 34 -2 69 72 4
-32 88 -6 8 0 9 81 72
-32 106 0 34 -1 69 72 4
22 79 0 42 0 31 37 6
-37 107 0 64 -14 18 42 24
