9.612673	13.35507
-10.134785	4.6271057
-4.6501584	5.8931804
18.50905	-9.558893
-8.042229	9.165805
-10.99948	-2.188602
-12.531801	9.63193
-11.568654	11.108019
-0.59425217	-12.971151
4.7820406	-1.7835056
-15.543094	-0.9303964
-13.820658	-4.0632095
-15.464041	-0.72364897
3.0590203	-3.677811
-10.169601	-6.3602543
7.975717	-5.313469
-18.518192	-15.773462
-13.492491	-0.5968282
2.7586408	-2.031744
-7.9136863	-5.8270383
-13.556234	-0.7361734
-16.829079	-2.4181228
-1.9846517	-17.77294
3.8471453	0.10654688
-3.99504	9.505662
-11.348287	9.825146
-12.749274	10.064451
-13.64431	2.171933
-12.190287	-3.9210162
-3.4548376	-7.1204367
-5.024842	11.720402
-7.109962	8.0097
-11.715966	6.4914713
-15.820679	-0.6579042
-15.145598	1.4114268
2.5702126	7.891331
-9.85932	8.556666
-19.8965	-6.94505
-10.326961	5.735188
-10.530314	-7.9225955
-11.155384	-9.444445
-5.1069884	-4.0853786
-13.454783	-4.791564
1.3154699	2.4279714
-15.154659	-2.7539997
-12.143716	-10.07945
-5.23839	10.410263
-14.693071	1.5965104
5.1580405	14.329149
-3.2428014	-10.542606
-7.840061	1.6615841
-2.816226	12.706415
-11.794734	3.8661172
-9.607887	-6.0377984
-6.499534	-6.654445
-8.506255	4.55468
-1.7163213	14.664879
-10.386978	10.206945
3.7757046	9.394443
-6.5559025	-9.297798
-10.058721	-4.4930835
-1.7307808	3.2464032
-5.1605325	-11.682141
-7.0142274	8.648295
22.470999	13.3332615
3.792973	9.946573
-17.43681	-10.832473
-4.5810094	5.9019794
-0.047252864	3.7968187
8.69216	-17.648151
12.013834	8.832769
4.996251	-10.378813
2.690298	16.033815
-9.163044	8.501678
-5.666379	8.449409
4.4383497	14.407385
-11.527206	-1.8000957
-15.5296	-1.6042202
15.222568	-8.844668
-7.300549	-3.4008555
10.339966	6.7510157
-6.6806445	5.15916
-7.2125993	-0.9893787
-12.93664	0.80225
-11.264843	11.523491
-7.843307	3.7857687
4.0837135	2.439749
-10.789832	8.634056
-8.945339	3.2337239
3.231574	-2.3415332
-6.2959414	9.661528
-15.349266	-8.802698
-14.353697	-1.6397767
-2.5430532	-1.3277855
-9.891837	-11.071186
-4.167195	6.963609
-1.8462274	14.570582
-11.836969	5.400517
11.527013	8.67393
-12.343527	1.4604688
4.064113	11.5130415
-14.227941	-1.2933892
-12.623709	-5.1613674
-16.119473	-4.0774174
-13.835504	-1.1649504
-13.562428	2.4405932
1.0992827	-18.207691
-7.4903803	1.1939492
-13.609352	4.808787
-18.25019	-2.0470994
-6.813724	8.509824
11.289579	-10.544653
-1.3582023	-2.2928247
-9.922199	8.85983
-3.3978043	1.5638938
-12.951157	-6.16584
-19.099586	-6.5525093
-7.696588	11.412598
-8.329276	6.4013367
-6.0337014	0.63388646
-10.78057	-3.491875
-21.270493	-14.285547
-14.226481	0.030926552
-9.422479	6.6914997
2.3778687	7.249542
-5.312862	11.942179
-11.704149	8.879478
2.98901	15.051894
22.892426	7.2008915
-4.7378287	8.207958
-9.382055	2.4990563
-11.251403	-5.9956903
-9.469511	11.44617
-5.309543	-10.030333
-8.960931	-3.4852872
-7.3824472	-4.390773
14.049106	7.5448737
-5.9853144	1.5365968
10.873863	4.24045
-13.607765	-3.5578234
3.4069173	-7.2668734
-5.6797404	-15.874989
-7.5343843	-9.720413
-12.709092	6.983382
-16.317612	-2.1205945
-10.196859	0.1540379
-8.571524	-4.229738
0.7474818	-2.0324204
-8.781871	12.158898
13.515775	-17.29751
3.488429	-7.4008117
0.714759	-7.3248615
-7.561239	-12.487686
1.5223726	5.5369573
-16.100082	0.35002434
-1.9184685	14.920886
-13.664221	-2.1009936
23.712488	9.229156
-11.160494	5.0720234
-4.00724	9.691908
7.112192	-1.7890826
5.4087534	3.6967757
-17.034832	-4.62404
1.2705799	14.335547
-17.615095	-8.678012
-9.690684	-2.8137736
-8.80128	12.49397
10.970461	15.2685175
-12.750028	4.251432
-2.870493	10.290449
3.0621119	-0.045046948
11.609038	8.509579
-7.1030674	1.357698
-9.779608	-21.855906
-3.504867	5.5763373
-10.397029	-6.6864185
-5.6356163	6.881571
-4.894832	13.731487
-12.541852	-1.4155182
-5.550812	-0.022404581
-15.754121	1.812071
-7.728309	-2.4603348
-4.2844877	10.866127
-7.4205794	5.067915
-5.8815126	14.679983
10.233399	14.194587
-9.401077	9.642932
-13.801218	-4.376374
-0.86375093	1.5035068
-3.7918282	10.615642
-15.243318	3.083747
-3.770761	3.7731273
3.3654156	5.4561763
-5.9553604	-1.927072
-11.813276	7.229185
-7.951095	7.344428
-9.341622	6.516242
-7.086261	0.10131985
10.130895	8.392971
-16.343426	-6.8099465
-9.705375	0.19740446
-7.1033096	-0.3102763
0.19800761	-11.312241
-7.613681	-3.6502163
-18.081911	-4.332367
-6.309226	2.579424
-0.5010598	15.924338
-0.1601648	10.634551
17.03013	14.3676605
3.8619251	16.27491
-5.271493	12.179975
-13.286876	5.480179
-13.645186	-3.7297075
-1.370702	-0.63549817
-10.2479515	-0.50719583
-12.915443	4.2864704
-16.971739	-0.73987293
-11.918199	-9.841067
-3.497528	13.269796
5.486438	11.67503
-12.870247	7.4737816
-14.544658	6.6150184
-3.8482509	14.955868
-15.4493065	-0.17257287
11.487093	-13.380618
-12.6943445	5.4933267
-9.311821	0.7804616
8.775302	8.144007
-1.564424	9.977089
-6.924759	4.834033
-17.384453	-1.902098
-5.985634	4.3046494
-10.759238	3.6230464
14.979791	6.676926
-11.176194	4.22585
-1.9794296	15.285849
-14.453276	2.061503
7.0992937	19.365507
16.365635	12.331062
4.330218	1.6552459
-12.158198	-10.564814
0.4449766	2.410142
-5.7703795	6.634531
-13.151826	0.1939097
-5.0147896	2.8313034
8.302675	2.6861682
-4.4413657	3.1534176
2.4486425	-12.737012
-7.0377574	1.090091
-14.3222275	-6.4582443
-2.7465603	-7.758807
-18.206282	-0.4241972
-0.73609626	-15.721913
2.629808	5.6447515
-7.775504	0.76782125
-14.89128	-14.6224785
-3.075233	-11.413912
-5.80987	-19.61798
-2.5952373	9.385784
-9.424131	-4.707042
-9.081302	6.5536375
7.7653913	3.7471526
-5.3160605	10.285713
-12.636792	-2.119794
-11.108448	-8.145952
-0.6449473	8.890925
8.99603	16.311966
-12.562628	3.5083833
-1.7674714	0.215911
-4.6840863	13.79526
-13.546215	0.32482404
-4.0543895	-16.479338
-6.299791	-1.3679146
-11.006553	-13.7224865
-12.548337	3.5333195
-1.3103367	-13.069245
-3.339906	-7.252294
-7.4297867	6.5064263
8.693349	-3.756366
-9.298436	-0.73653966
-13.320478	-2.320604
-3.8801606	6.0953646
-8.521891	-5.5670695
-6.006848	-6.4867573
-15.437998	2.5341086
-7.1168942	-2.5099227
-13.780953	-2.402551
-11.415809	-1.1828817
-7.4313407	-3.329124
5.8352704	-5.329804
-2.7154627	12.57026
-9.470356	7.8466005
-7.831327	10.204152
-9.714889	2.8206463
-11.992544	7.167141
-13.312891	-5.0755744
-18.79493	-13.7825
15.864374	4.472806
-8.384072	5.685178
-9.573258	5.311236
-11.16169	-9.119426
-11.134731	1.3053839
-10.328367	0.6579771
-3.1081975	-0.18547451
-1.8153751	3.0650926
3.4144866	8.311125
-7.004445	13.196337
-13.070988	4.1224594
-7.1676817	0.07781312
-4.6264935	-8.313338
-5.928757	8.045046
-17.768888	-25.410961
-5.85315	7.4316225
-16.228931	-4.603333
3.1481252	-2.246755
-10.195696	4.1039295
-8.032888	8.416049
-12.560704	2.6712208
-8.945504	-10.584722
-14.0834055	-10.942913
-16.64044	-2.5459387
1.8303118	-3.3538759
-5.543259	13.2953415
4.4266973	6.463174
-14.408656	-10.375239
-3.130241	6.5252
1.2985518	9.239264
-10.874306	-1.2862883
-9.273614	-1.4669892
-12.67871	4.3346486
-7.2901406	-1.4361796
-14.932877	-6.3711944
-9.40874	2.891421
-9.056101	4.3924685
-6.171489	11.762451
-16.800041	-2.8084278
2.5000083	-7.7148104
-8.182709	0.5015068
17.412817	4.869824
-14.92398	-14.125233
-1.5282292	13.541895
-4.4602094	-12.033318
16.147118	6.793344
5.1681833	-1.6237266
-9.312168	-3.4281433
-2.1194453	10.098691
-1.3407211	10.442661
-4.837906	-4.248771
-11.349736	1.5789543
-8.109802	-13.078217
-0.29447913	5.7130404
-5.533249	-4.3640914
-14.1092	0.49936953
3.3065815	11.105496
-4.9728136	0.9313719
-7.689238	-7.870136
-1.0650213	4.4006395
-7.861815	-6.6972003
-5.3390946	-17.61802
-14.373125	-9.367795
1.7293731	11.294761
6.6522603	5.5728626
-9.92256	8.894563
-8.197808	1.3939823
8.104879	15.018555
-13.324497	-7.104315
-15.902175	1.630333
-1.4173594	3.362523
4.271938	11.173376
-12.561613	10.331646
-11.37495	4.4052076
-7.3254485	4.401276
-8.95907	-6.58163
-6.795457	10.809194
-3.5156755	10.501611
-12.866215	-2.7462802
0.6770762	8.315407
-4.6795835	7.0708613
-3.2594073	-14.27625
-15.680428	-6.1333995
-3.7773573	8.782958
4.992708	8.465152
-15.268661	-4.782102
-12.417518	3.1399524
-5.131028	-6.280832
4.7924857	-19.676758
3.4250731	11.646862
11.199657	-5.54774
-6.176599	-7.458306
-15.063761	3.1085782
-13.632377	5.460811
-16.86561	-1.0173327
-2.546267	10.174328
-8.258449	8.32466
-10.766044	3.0590923
-7.5461726	3.764119
-15.547874	-21.529785
-12.797335	-7.4858813
-16.764847	-8.940693
-7.730342	3.1131911
-9.552664	-7.100154
-5.1820965	4.879648
-15.855882	-11.465869
-15.973272	1.948211
-8.28042	0.5548232
-7.2088614	-1.6837223
-11.184063	-4.358238
-4.771078	-1.3544647
11.862282	0.91277283
0.49646714	8.356254
3.6737535	7.9413114
-0.4575538	14.430848
-10.716024	3.8158882
-5.3166633	-3.0168378
-9.9039345	-2.6677341
-12.309644	-7.511212
-6.2177315	11.52614
-9.451547	-0.64206946
-5.420434	-8.876622
17.150648	5.7983685
-16.79819	-6.9190826
-2.119273	6.171978
-10.46965	8.819847
9.087857	11.6240225
8.453364	7.1367254
-11.643654	5.192118
3.0931015	15.482716
1.1571736	10.306019
-17.152578	-1.5812404
-18.416183	-4.1342096
-3.3465176	7.0586123
-10.158676	3.4881334
-8.658819	8.885891
-13.447081	1.3074843
4.098519	-5.3779583
7.669481	-15.831282
22.351065	11.467436
-11.809275	-6.1616707
-8.831755	6.064923
-13.793859	7.5910416
-8.788475	3.3470001
-12.514822	3.201303
-10.0644	7.737594
-6.5965495	-10.15936
-10.209471	-4.923075
-4.7643228	7.0233784
-7.207696	-8.472044
-0.83915913	6.5646977
26.802036	10.559883
-3.2903993	-9.623319
42.09151	12.095289
-3.1208231	-1.8112353
-6.450238	5.018326
-7.3153944	3.196996
-15.465342	-14.546946
-14.54442	-20.718739
3.0329492	5.6485047
0.32656896	-8.058859
-5.867056	-5.012908
-1.4509856	-10.424597
-4.602691	0.939996
-0.21173814	-4.0720463
-17.22244	2.602987
-14.04698	-7.6883607
-2.3313007	2.8676493
-1.590776	-5.3179502
-16.123297	-8.797808
8.436859	-14.011743
-14.3717375	0.3933276
-5.0862646	-6.535725
-8.047767	9.717449
-0.99742925	12.141485
-1.0350958	6.4442763
3.5442493	6.89881
14.783618	-31.434603
-2.439533	2.9442506
-6.3472686	-1.5525134
-1.1589448	2.6459627
-18.346262	-3.79087
-15.327579	-4.9095917
0.33383372	0.93058765
-3.8091578	8.974507
-5.0918612	11.741274
-12.082841	-5.9791446
-8.450191	9.58803
-12.562085	-6.586332
-1.7352945	9.796543
2.4749484	6.5891333
11.2108	8.455025
11.631863	2.3896382
2.1013355	-5.9855385
-8.265325	0.7497409
-15.411964	3.3338177
-1.5906978	3.8363283
3.9148288	-31.798996
-3.1652076	-9.113189
8.602165	16.97405
-7.588984	-6.5361867
-19.282333	-8.553055
-16.999712	-0.8053206
-4.011968	1.551389
-5.8159537	7.356508
62.58082	-7.58353
-3.373856	12.088718
0.4985773	15.688728
3.5317638	6.4427176
11.37406	-0.96361375
-4.920343	-12.662655
6.289469	-21.631388
-15.626326	-4.870381
-9.703034	8.76188
1.3952992	-3.4805899
14.531363	10.522268
-10.081325	-1.6703899
4.5680013	9.301632
-15.384049	-12.298194
13.250491	4.6647406
-14.912299	-2.0449653
-0.9669079	-2.5950546
-10.905379	4.1174545
-7.0757666	-4.0029235
-4.0860944	13.249248
-14.084413	-16.807938
-3.8349583	2.05192
8.214399	8.979779
-10.864609	6.573186
-3.856204	10.151291
-11.104535	3.2896576
-11.959415	7.801655
-1.101511	-5.1019526
-6.899371	-11.339739
-8.987212	9.153945
-7.8048024	2.5482452
-13.439789	-9.804674
-7.592382	-4.079203
-7.0742245	10.203547
2.0555618	-2.016166
-14.043693	2.494291
-11.70257	2.6490715
13.76725	6.9164248
-1.4220911	-11.155966
-0.09044616	12.297446
-9.505559	-0.53039354
3.3725646	4.4566407
-2.3945065	12.228159
-9.392569	-3.10218
3.51901	16.081139
-11.888619	7.3999004
18.786343	-15.540743
-15.435101	2.7369041
-8.67575	10.244357
-8.163854	10.299815
-6.5710297	-2.563854
17.949108	-21.449112
-17.617598	-10.260941
1.0548604	9.887864
-11.730621	8.02556
-18.02005	-15.383757
-11.173165	1.1977028
-9.120751	1.6902319
-3.6035743	-9.7969265
-3.1425018	5.911292
-13.101017	1.4257649
-9.719474	-1.7147726
-13.134163	9.093727
-8.059834	-3.6398172
1.7101794	13.3418
-14.189708	2.496439
-0.19836456	-11.241462
-12.233974	-3.1273708
20.131163	5.606716
-9.156069	-0.3583097
-19.164646	-3.0735862
-2.2696297	4.4260564
1.3984555	14.41239
11.228517	8.834428
5.602392	13.020681
8.069199	5.126648
-8.745974	8.617217
2.7622232	-2.6717126
-9.219739	1.3096437
-9.679003	9.955337
-7.025389	9.72768
6.8859253	-13.026506
3.88605	-26.780853
-12.464579	7.530217
-9.461932	5.728205
-18.745749	-5.195656
-6.900251	-1.9667941
-3.620212	-9.635023
15.549851	-24.654047
-14.666503	-6.9892263
-9.703735	4.6146193
-13.6940975	7.8091664
-9.983769	9.693608
-6.0644374	-4.4145417
-12.007834	5.040861
3.373303	12.378933
0.5177766	13.755626
9.644571	2.5391586
14.028189	2.5909235
-2.4094512	8.90107
4.4052453	-7.559056
10.996621	10.328765
-5.4345694	-8.231761
-6.9990406	8.045269
3.4708111	-11.773246
-14.195975	0.64000785
-3.6649733	13.672712
-5.0688953	1.1836532
-1.3266925	2.5824356
-11.330696	2.3122654
-19.75687	-11.176597
-20.56176	-8.241496
-11.829245	4.837895
-0.28938138	13.986679
-19.790634	-16.557915
3.3358634	16.66243
-5.7872	-0.5005804
-14.7790575	-2.9346495
-6.420266	13.349423
-1.5346547	10.443996
6.3046474	-9.396939
-5.4312997	-3.7537956
-17.026482	-1.823046
-0.34379205	4.6208186
-2.289301	2.1684422
-4.7953277	-7.1206374
-9.181714	10.287371
-8.359022	-3.3333967
-14.068811	-1.3533019
-11.3861685	2.4992304
-10.623601	-1.4374547
-12.359625	-4.6579547
-6.5669346	-2.4051237
-9.074095	6.212944
-16.584946	-3.5512147
-8.550421	0.6888231
-7.354396	-1.7444135
-4.873668	-2.4375896
11.347359	5.413526
13.098395	5.3259296
29.891325	10.924378
-9.149058	12.019617
-5.766127	-7.003109
-7.113022	2.705434
-9.711736	7.8922725
16.3244	-3.6308856
-9.083864	9.09894
6.387014	3.5554566
-11.785332	6.869326
-10.325549	-5.659747
-10.172879	3.123822
-1.3371359	12.201287
-6.299668	11.960433
-11.501833	0.75823057
-11.7438545	5.215034
-12.990935	-1.8184718
-12.025822	-2.3908603
2.3952303	-17.09944
-2.9066937	-16.253408
6.742736	-6.3987875
-11.901508	-1.902328
-18.01642	-2.9924726
-9.589498	9.894342
4.3310943	10.00054
-9.124496	4.5458403
-5.6986723	13.712435
1.7934376	10.698497
-5.3365016	-6.76354
-0.8454454	12.969397
-9.011049	-3.4821815
5.752984	12.399306
-12.880489	-9.704398
-15.435255	-2.8839688
-15.187306	3.2494364
-3.4034386	3.251631
-6.4147615	-4.430025
13.568247	-0.119544834
-12.134757	2.456521
-16.969633	-2.2521555
-9.860936	-6.306469
-8.558808	7.0982437
-9.233436	6.109753
2.6784117	3.2080982
-6.650463	-4.0386314
9.171215	1.1075264
-12.977901	0.43130195
6.452455	8.23768
-12.425345	0.9057389
17.78856	4.77588
-10.708964	-1.0717041
-3.3669245	8.138394
-15.439959	4.231078
-8.706599	-5.9986444
-7.143134	-11.826671
-5.1711206	2.7591753
-12.152532	-3.6588438
-1.2185953	5.1408973
6.581728	15.733034
3.9506395	-19.377256
-4.2785974	14.917729
-5.062584	-6.847445
-12.447868	8.7088785
-14.522525	-0.19447425
-8.207946	9.684871
-2.2219536	8.983835
-0.78072083	11.6403475
0.9656701	15.1938925
-2.7938309	-2.827952
-6.8535967	9.414066
-15.832544	-0.18452783
12.265505	-2.0051575
-15.367301	1.0913243
4.100457	7.2213016
-13.076415	6.6593113
-0.21002892	12.044096
-8.427427	0.097595006
-11.038459	-1.8462467
-18.82813	-4.559875
-4.206343	9.193153
-15.33477	-13.413045
-8.952856	-9.500627
-7.986519	8.908281
0.7494118	15.713191
-7.000493	4.641133
11.266986	-0.8901517
-11.2979965	-2.1984744
3.6154277	-8.429757
-8.183899	-1.4529991
-16.296335	-1.7081494
-15.285189	-13.279099
-20.777632	-15.246986
-11.195276	-5.0339327
13.311543	8.986402
45.390293	3.1087182
-7.2858024	9.186446
17.869795	14.601597
-5.500704	-7.4815016
-10.07926	9.507443
-5.809151	8.07017
-7.5172763	8.312348
-12.738451	1.8584671
-14.18551	1.1354432
-7.7548923	13.520428
43.26862	-1.5599445
-9.347424	1.4297867
-10.455151	-3.7053556
-3.197743	5.6226554
-2.7171433	0.6557808
-5.305949	9.357781
-10.711877	9.492434
-6.7343254	9.021477
2.3553798	11.114823
-6.1094275	6.2150807
-6.070095	-16.351667
-11.763019	2.1880465
-13.636761	-11.728313
-18.30868	-5.8995557
-4.7406406	8.940802
-14.18121	4.1080422
-17.382208	-7.099472
-9.077674	12.707992
-1.4455622	4.905082
-0.6875485	7.1029377
-12.748757	-9.380709
-12.800005	0.56910884
23.673859	-10.994572
-8.104502	-3.1871784
-7.4809904	2.5024424
-2.377917	12.077789
-6.896417	6.877975
-18.34649	-8.715439
-8.48595	10.616084
0.15514567	3.9648447
1.4851289	0.78951
-14.058763	3.4938219
9.69199	-6.1997795
-6.7608995	-8.170826
-10.34535	-2.332902
-7.647561	8.964233
-7.132769	-5.280833
-6.9126067	2.0313158
-7.070016	0.75061816
-9.547834	7.584251
-8.193528	12.074839
0.6312831	12.668099
28.208658	-16.062998
-9.934835	-1.0930966
15.16086	11.169123
-16.242182	-14.160994
-14.005068	0.030303791
-8.043523	5.356307
-16.470528	0.5761818
-2.8533025	-15.679505
-1.9534638	14.081337
0.72602856	6.011422
-13.914438	-6.9030647
-21.705936	-33.65787
-2.0262926	15.151004
1.214674	1.6359429
-8.93576	9.122692
-12.140655	-3.210584
16.399725	7.200653
-15.577466	-2.0934
-7.078276	-13.886339
-16.947914	-0.88826674
11.555274	-10.719778
-6.885381	7.821152
-8.781973	8.536839
-11.228577	2.074219
-10.053068	1.7034382
-15.173177	-1.9330671
-4.864468	11.826469
-5.1941524	-5.0348253
-1.7576349	-1.953063
-6.9861674	6.4991746
7.5199003	11.256625
-2.5206156	-3.0680485
-12.338453	6.7827487
-14.518912	3.0094006
4.443346	4.782162
2.911361	-6.643697
-15.108138	2.890368
-15.397963	-6.764882
-2.224199	8.390514
-14.774099	2.253896
-2.428318	7.23288
3.7308145	14.357593
-21.570023	-9.551091
-5.1797767	6.509682
-3.7447636	10.633651
-15.973735	-4.928374
-9.660752	-2.2445264
2.6409779	5.508112
-8.37327	1.651928
-9.3156595	-5.3744545
-0.8517799	-0.6813408
9.979563	6.2871814
-19.966291	-3.2103353
-12.206846	7.84111
-13.269343	-10.353175
-15.745345	0.11564779
-13.289172	-2.0240366
-12.989943	-1.9173874
7.3975315	14.343469
0.77711576	10.673235
-6.751931	13.613052
-15.42913	-17.422573
-4.3654637	8.337396
-6.560623	4.223921
21.05422	9.47558
-3.5371792	0.005239174
-16.81556	-4.0984206
-9.612489	-6.6866007
-14.412765	-6.2653265
-20.872498	-11.794858
-3.0450504	-0.38707656
-6.194014	2.5190632
-1.6092153	-7.7263474
-10.027074	2.2817752
-1.5832931	5.510185
-5.5406	10.599586
-16.656654	-3.0283897
-1.9750466	9.061551
-9.100068	9.340569
1.6908818	9.891247
-16.825182	-0.6563295
2.8507073	13.008949
-13.633234	-1.2809789
12.159602	0.15086907
-11.850752	1.158612
-8.104563	7.21963
-5.216466	-1.7785914
-2.8324513	8.168181
15.556452	-7.648312
-10.017489	0.5175771
2.391217	11.609682
-10.278836	-16.991638
9.569214	11.60098
11.525987	10.88602
21.916523	9.797843
1.5865123	10.224747
-12.884058	-5.3023233
-19.234577	-25.47268
-9.959564	4.7862606
-8.947229	3.7536402
-2.489474	8.7512865
-12.837729	-0.2277586
3.5418355	-4.252186
3.1964662	-2.910356
4.3026266	6.4241576
-15.357288	0.26310575
-4.5590262	4.0214677
17.87989	9.627283
5.359696	-17.784939
24.498081	4.263972
-7.9429283	-11.085073
-8.769142	-6.646075
-6.8222165	7.514002
-11.999871	-7.486654
-10.147508	5.7815285
-8.805009	0.7484215
6.592262	7.4233017
0.56038415	16.26531
-10.042088	3.992368
-7.6951313	2.7404816
-9.798359	1.1872305
54.28205	-4.985939
8.122809	-0.15573663
-2.0358813	-15.807208
-18.393368	-11.219882
15.456202	-4.825474
7.8573813	-8.346264
-4.96004	-0.20702209
-7.1172886	-4.918195
-7.4830976	-6.514079
-7.4427695	9.876744
-8.602961	-8.9621105
-12.91842	0.24742794
1.5756036	4.2695985
9.123667	3.301189
-13.958247	-15.853874
-14.377619	-7.4853134
-3.92421	-9.799445
8.898321	15.897157
-5.2014184	1.6281053
0.30858207	5.8144383
-6.6147623	-6.486337
-13.220624	1.9623699
-14.220898	-0.57934695
-8.908876	-0.4057459
3.3389876	-23.819607
-6.208276	4.273247
-13.3370075	0.347032
-2.790622	-0.35713756
-3.5735738	-9.354665
-11.338857	1.4317691
3.66699	-16.711096
-2.4877386	11.971896
-5.01041	8.160924
-6.0114007	-0.33606717
-15.939934	-6.0501356
23.749537	0.57047695
-8.672352	9.138428
4.870366	11.496816
10.544634	9.193697
-8.105606	7.277218
-2.9167743	9.828303
-5.0364394	12.6876335
-6.7796817	-7.668601
7.3211193	-6.4656153
3.3793657	0.035563096
-2.553134	15.152053
-17.900396	-8.985004
-16.676134	-1.3929545
-9.099527	9.381609
-3.2971885	9.245485
-5.951566	12.578801
-2.651622	-1.0204539
-10.655365	8.783652
-11.861165	3.17238
-13.648552	-1.7623547
13.599443	14.832372
11.753736	10.944067
-17.40283	-2.4597614
-11.861837	-0.42946488
15.429706	5.5262775
-14.048366	-3.1174855
3.134905	6.4471445
-11.414218	4.3402777
-11.3081875	9.660708
7.0344543	-20.683578
-3.462266	7.3137817
-4.6377487	12.150989
-14.818947	-2.73657
-7.4408703	10.932219
-14.486194	-8.351623
-13.456533	-4.0399523
-6.4010396	-0.8424757
-3.5996196	-8.069444
-4.087162	-7.0008016
12.988073	-0.3670926
-5.224959	1.9792101
8.35809	6.803867
8.994917	9.183619
-3.2717276	-8.13847
-11.08071	5.8517118
8.259308	4.3640113
-8.0743	12.562995
7.274205	3.9658265
5.8229537	17.603779
-4.1423244	8.025551
-11.945213	-4.521711
-6.506524	9.951399
-9.948268	9.850005
-13.759149	0.012760401
-10.075458	0.32052916
-18.668102	-8.137658
-9.929015	-2.5030804
-0.31295484	-1.9262204
-10.305008	0.6178793
-0.0013411939	-11.026183
-8.464175	-4.746321
-15.135934	-2.2568383
-7.0592294	-4.755857
-12.377021	0.20559081
-1.7018372	9.563305
1.6634691	11.52359
-5.557878	0.02346407
-14.206654	-11.528791
-8.598612	-1.3640656
-3.5486236	-6.2131944
-11.646323	1.5819888
-9.864456	0.35413396
-8.979393	-1.6686916
-6.2650394	6.5674543
-5.09862	-2.6388054
-4.0424223	1.3090134
-20.782282	-7.3815074
11.685383	-16.451628
-11.549767	3.032654
-8.249971	-6.3207493
17.69752	5.183325
-9.71528	6.3708477
-3.7021804	4.962185
-2.991376	-0.23587707
-18.670612	-10.73056
-13.232201	-10.641714
-11.111631	-8.25146
13.069333	13.968472
-9.989375	1.459161
-15.262178	-2.1244373
6.083859	-5.1789474
-7.254718	1.0183253
24.784615	6.6022196
-7.5465865	-6.4825563
-13.03444	-2.071412
0.6323758	5.6969924
-13.405854	3.3734608
3.320078	2.8127317
-7.3084474	11.15761
-6.8895597	-9.69943
-8.102686	-4.3581944
-11.63657	9.796916
-7.698311	9.809483
-4.5944924	-0.07524712
-3.1171355	-14.890514
-4.0856934	4.4545
-14.225169	1.2678385
-11.065693	7.5560613
-12.5084	7.536965
-5.7630563	-7.642186
-12.503962	-3.0793262
-9.449192	-0.41057366
-9.638101	3.155139
-6.557979	5.7135887
-9.427416	11.4352
-8.412348	1.3599885
-11.79472	9.048716
-17.82734	-1.1825206
5.7686195	1.0343403
-9.971639	1.273114
-11.069905	-7.2148585
-5.20244	-0.43261653
-15.923222	3.168469
-18.517826	-16.450743
-4.528982	10.97448
-13.649981	4.306804
-3.4762044	-6.967049
-1.2610948	2.1704056
-11.3276825	-17.699968
-11.504859	-1.4316765
-12.159954	-14.849871
-4.179216	11.996146
-9.937095	0.7317561
-5.2295547	-9.487016
-16.917791	-2.6609488
-0.8653748	9.34175
-21.340237	-14.359785
-9.675231	9.767442
-4.345803	-2.1158419
-1.1264677	4.7922926
-11.563757	1.8733637
-5.483231	-16.331205
-9.428891	-8.208054
-12.81383	-3.2964027
1.1598041	-8.384742
-13.872237	-6.442086
-9.747889	6.6265593
-12.304272	6.184694
-13.608365	-14.720848
-4.800962	1.1097045
-9.125936	-0.41381693
-3.7056532	-11.044554
-11.967393	4.2297297
12.943818	12.00537
-12.649899	2.4012706
-5.769318	-11.19099
-9.811564	9.383494
-11.823305	-7.1831117
-17.003557	-4.3487396
-13.515822	2.6384358
6.8343973	-0.8507596
-9.85833	11.834239
-8.276413	9.442716
11.862742	19.124788
-15.652177	-4.6784163
-6.531296	-7.915375
-1.7345128	14.399479
-15.606293	-5.7660418
-14.067485	-2.3204622
-13.285951	3.7832022
15.690207	3.988139
-8.491667	2.7263901
-13.162653	-0.6042094
-7.397775	2.368597
2.3432562	3.127583
-5.0183063	2.4736083
-7.419993	-11.829053
-10.965609	1.8770186
2.2202086	14.139961
-7.7291493	0.5514328
-7.0705714	0.75000924
1.4362237	1.4748492
1.3287356	-13.270813
-9.352711	-0.53334963
-16.47092	-3.7489817
-7.0672197	9.10478
-14.262575	-4.4013724
-7.417711	3.2417824
8.876199	16.62699
-5.5658813	2.9067402
6.903119	-19.301884
-16.128557	-0.7473904
-21.75302	-12.141439
-11.141843	0.21256626
-7.336686	-10.239611
-8.736519	-4.08317
-6.3585353	6.254948
-0.83650255	-2.0082083
6.3784595	-1.056383
-14.9508095	4.34711
7.764891	11.211305
-1.1481583	-3.9893615
-0.826452	4.8680615
-15.097885	-2.75008
20.640106	-1.9823704
25.180336	3.3307166
-16.878908	-9.759017
-2.960746	11.189419
-6.7415795	13.474726
-9.368915	3.5941327
-2.901281	-4.1012897
3.7189453	10.941221
4.347682	5.147473
-7.3991957	-1.0465125
-9.42655	2.8474765
3.7213295	11.614834
-11.99505	9.505062
-0.76592726	5.840348
-12.584497	-1.5951844
-14.883823	-2.8301296
-3.9050493	-5.5845838
-6.7971463	5.4340158
-6.0510063	10.66888
-15.217073	-8.956572
-12.56457	-3.1928647
-18.15921	-3.81205
-4.3751245	-2.1576443
-7.125051	10.20242
-4.289114	-3.479403
-15.470417	-10.96592
-16.168543	-18.331625
0.39079946	9.991945
-1.0869149	-0.80752206
-10.838985	10.485957
-1.48627	-0.28441814
5.6381645	17.612122
1.1549305	5.3106203
-2.4668367	10.967977
-9.329398	2.8932333
-12.173834	-6.6435394
-10.49531	-6.538272
-10.429029	9.854741
-15.350787	-4.310112
4.524617	-6.63832
7.044475	3.9836905
5.7458057	10.624018
-0.15774503	5.452822
-12.591132	2.4254541
-12.898194	2.0940564
-18.422812	-4.844504
7.5358353	11.792197
-9.376671	3.8627605
17.73139	-35.097458
22.804928	-1.4877264
-2.5502484	-0.43403688
-12.776339	8.634733
3.0543773	-19.635004
-1.6583304	10.888396
-10.435752	-14.69942
2.0764282	7.9077425
-5.6305337	7.105923
-11.102029	3.3031058
-14.7881775	0.77818197
-6.836274	-2.6357064
-2.5009248	9.484985
-8.240488	13.10249
-7.7975135	13.087589
-11.31375	9.088745
-5.4385414	1.0917568
-4.3632903	14.745836
-5.8644085	13.348845
-2.3229387	12.166242
-12.145376	-5.293182
-9.899068	3.3334885
-0.32894772	2.8457267
3.5340655	14.678036
-2.2245517	-14.540913
16.857977	-12.084874
-3.7443817	10.53897
-15.860002	-4.695959
-7.0521774	-5.5153604
-12.04574	5.041503
-4.920555	-1.2670186
-12.150803	-7.363103
-13.732153	-0.33303714
-13.860826	6.8054156
-14.110637	-3.8581953
10.882404	7.0844326
-5.8341928	4.7740316
-11.16013	10.311958
6.1575413	-10.574761
-12.8375845	-9.109125
0.39532524	1.338629
-5.7077866	9.151804
-6.5810065	-27.584906
-0.3409886	4.2084045
2.2897828	9.430839
-13.203082	-5.4218817
-14.194713	0.4998706
-0.5628196	8.891933
-9.067605	1.8264141
4.372529	8.797415
2.04421	1.9685652
-3.0227058	9.09653
-4.663541	2.7407894
6.702636	9.871107
-16.886042	-1.6769171
-2.5492487	-0.7812985
-13.138748	-2.8285127
-16.405338	-0.5293086
7.5187907	-19.440096
-1.8569471	-7.3758416
-4.793797	1.6417946
-12.563109	-8.633424
-8.006616	6.0952125
-6.0809846	5.3953795
-14.802812	-4.9657764
1.598201	12.446187
-6.312962	-0.72606665
-2.7982779	5.6074686
-12.13048	-6.279443
0.05598569	3.887493
-11.699572	4.965917
-8.981353	11.730778
3.9143384	11.005903
11.057434	7.667864
-6.4845586	7.0981874
-11.020555	8.167675
-3.9199939	7.0937214
-5.6212363	-1.5623598
-11.83162	-1.9575077
-14.675289	1.9963024
-15.952241	-20.869423
-7.6476464	-8.265165
-6.5114536	5.4983854
-14.955936	-3.8824792
-18.164207	-3.151428
-6.8690815	-3.445998
-8.018849	1.8321974
-10.994507	2.0132883
-21.484957	-27.413996
-5.0744815	2.0295305
-8.403786	-8.655771
-9.303395	10.821713
12.506659	-16.16596
-5.5832324	5.165668
-0.34409764	15.45347
1.8622452	-6.3112106
-1.3944002	3.0907538
-14.016171	1.434631
-3.8985744	14.770219
-18.673437	-5.574784
-5.787019	7.813356
-1.3743007	11.728278
-8.616556	1.0154647
-17.601799	-0.9758967
11.7473955	-4.0997543
5.8431096	13.530701
6.083386	7.310044
25.51545	7.994788
-11.630599	1.8889937
-4.0824423	-0.6670744
-0.79439056	2.8134694
-9.224263	4.1658087
-13.8497715	2.8279045
4.476121	7.27445
13.544652	16.39453
-13.48192	-6.2257338
-13.084396	6.7474384
-15.43829	-4.370429
-5.2086744	-8.754228
-14.840897	-4.783335
-10.802964	9.165258
-15.30664	-6.8085265
-9.677087	-16.762749
-2.9851959	8.084899
-8.376825	4.133587
-3.877249	-12.564537
-16.503906	-5.854413
-20.327183	-8.648712
6.2352266	7.966428
-10.907332	-2.142605
10.446168	8.975092
1.8380277	11.623897
-8.432623	9.515967
1.0298184	16.243225
20.520128	13.347043
4.3987393	-3.306774
-2.3402069	7.546092
-5.0531116	-10.149264
-12.979427	-3.3730557
-12.330247	-0.91932726
2.8000083	-7.364671
-10.270663	11.832307
-2.9297972	12.290383
-8.231524	-2.2536883
-12.392202	1.8267492
-0.7266743	-0.3787676
-10.186311	1.025413
11.145862	9.357325
3.31682	13.8395
-12.927498	0.8487096
-4.8008184	-9.958724
-10.223257	7.976421
-7.0856566	9.734853
2.8941176	15.071018
-17.303646	-6.3218756
-6.5650067	13.430283
-8.327641	10.101698
-17.084412	-1.6767687
-12.177076	5.5910163
-7.255375	3.221497
-7.381563	-13.939172
-12.861745	2.239269
-2.063739	1.3842367
9.924358	-9.093172
-0.61873484	10.005944
17.68969	9.716276
-8.632007	-12.867315
-4.9039936	-6.3043942
-6.9563484	11.306828
-5.0864615	9.373786
1.5352476	12.477879
-12.008969	-6.77672
5.5479026	-27.575083
-16.046484	-3.412613
-8.871599	-12.220332
0.8272984	8.208263
30.129948	-8.594247
-3.3139803	5.6472898
-0.5197146	-0.41068116
-4.8975663	8.399036
-15.781683	3.690052
-15.16868	-2.4616318
-13.138552	0.97559994
-18.815084	-10.732986
-4.4499917	11.746816
-9.850668	4.518776
-12.46961	6.433174
-2.6626277	2.8109372
-2.7073903	15.374044
-12.242647	-0.26455414
27.84552	1.7634227
-3.846768	12.175968
-10.486989	6.412983
-6.024159	5.6889186
-15.450028	-3.960156
1.4703488	10.660262
-13.977075	-8.137463
35.783775	2.1107712
-10.992125	4.4181643
-2.7627723	6.959337
-14.808587	-2.632992
-3.7861924	11.064891
-1.0476465	8.019617
-14.434279	4.8632555
7.114283	5.4400926
-6.310055	-22.146952
-14.729025	-2.5827
-12.458185	4.622761
7.330299	8.396068
-1.7431525	-1.7339679
-15.139104	-3.09176
-5.106349	-6.529117
1.0809267	-9.159749
-8.812999	8.420129
-1.3356488	13.372929
-12.968704	4.2088943
-11.204402	-2.0472322
1.144462	0.8501773
-8.0646	0.21941291
-9.129362	5.7481894
1.0203056	9.250739
-20.421276	-7.064169
-14.767801	-3.521718
-16.237516	-12.037144
-0.9094229	6.5061836
-9.544361	5.2960553
-3.5929651	8.02157
-9.594461	7.3158784
-6.041335	13.477848
-2.3996763	10.354057
0.8159599	-3.3121717
5.373633	15.9977045
2.1392796	15.000035
16.652662	9.898371
-7.096484	5.2512164
-11.218931	-10.293411
-10.262485	3.1926079
14.938534	11.850889
-9.576449	-1.1426307
8.275967	7.577271
-16.721046	-1.7865906
-2.752379	12.074577
1.3847977	4.000987
37.43169	8.550073
-16.411566	-9.098945
9.188104	-6.694148
1.2145821	-0.04368812
27.585392	-1.8650571
-17.686737	-12.051664
-4.8884273	-3.9291732
-9.35829	0.63850564
20.967073	5.8101096
13.197285	-12.213329
-2.1045768	-6.0550327
-7.5436916	8.586281
2.328901	-5.3093905
-17.45336	-3.5457015
5.9177675	-2.5517225
0.4492318	-0.60049593
-8.368316	3.544592
-0.83384615	7.6784363
-8.85138	13.065013
-15.733208	-0.2259655
-20.6852	-12.085353
-4.66755	-18.74042
-6.7969	12.791589
-17.534992	-8.415247
-4.4439664	-3.2649152
-9.342789	11.853993
-12.0782585	-14.040778
-6.657513	7.041844
18.816742	9.085454
1.2701423	14.116338
-8.548905	-1.5504253
2.8607118	7.730239
-10.863716	9.955101
-13.274143	-5.108058
1.4604748	-10.080502
-18.698313	-4.6725554
14.350794	-8.171854
3.4402547	3.8442683
0.88568354	4.06237
-1.5048658	3.0564342
2.5091147	-17.65293
-5.277641	-4.2253237
13.4807205	4.0610437
3.593862	9.872559
15.471257	1.9493707
-9.887394	-6.4910207
-19.440727	-17.85057
-9.243875	-5.087602
-3.678917	-0.25330135
-4.022239	-3.2051594
-2.4903615	-26.75062
-12.31969	3.6737542
17.859356	17.13459
-4.6007333	3.1966887
-6.025733	11.714379
-4.579134	11.549973
-2.3757086	-4.300329
-13.431231	-3.683206
-10.47339	4.323519
-11.813135	-0.39483893
-10.1580715	-1.6090155
-0.16238952	5.1045275
-4.884583	6.537403
-7.928135	12.447326
-2.6589243	-6.3067803
-0.5370279	9.926898
-4.3161173	12.889075
-9.627912	-3.7486668
-3.587546	13.235613
-7.8756495	-2.9616296
-1.582063	13.4369
-5.233531	10.756477
6.5880485	-6.162581
-6.355635	9.56926
-9.266098	-4.0185556
-8.31522	-3.5055826
-16.861504	-4.165835
-17.671246	-5.130489
-10.380447	1.142647
-10.809381	-15.251147
2.751621	-17.08841
-8.448243	-9.380785
-11.056587	10.690565
0.8747219	1.3154194
-3.1196537	7.790859
-11.82431	-6.1177855
-14.704128	0.9095644
-15.641127	-7.191546
-7.233176	-0.25149032
-11.041723	4.841241
-13.794832	-9.934583
-14.235201	-12.555122
-9.36275	1.0306351
-17.892223	-5.3651624
-10.42132	10.739259
6.7167435	12.588519
26.372532	4.346421
-10.827497	4.6745014
-11.2694845	-19.181568
-14.765848	-12.3985405
-14.784473	-1.7917908
-5.609208	-17.347343
10.1531315	6.024039
-16.405285	-10.537211
5.6959553	-5.1227465
3.7047937	7.492745
-13.1893425	-0.3405091
-8.212288	-22.515987
-9.026817	3.545027
-7.623016	4.765965
-12.1979685	-5.0183206
-2.726276	6.3376164
-9.69518	0.06300078
11.971184	17.410374
-12.891173	2.4506755
-19.595757	-17.031427
-0.8437003	6.990429
-6.5710654	-7.008544
-9.861879	8.598747
-10.856222	1.2956365
-14.246377	2.7682383
0.83098865	1.1180876
20.38409	14.532461
-3.775624	9.25508
-7.2020726	11.024561
-2.2978837	-3.7376676
-1.4781992	-3.7498493
-14.102381	-1.5398015
-10.380936	8.712271
-14.85199	0.9264318
-11.78693	-4.3305616
-12.606444	4.103475
-13.3154545	-0.104714155
-8.78369	8.015583
-13.179835	1.4245722
-7.425693	-7.414875
7.748722	11.665195
-8.666452	-7.011178
-7.992063	9.172754
-4.361218	1.6182761
-15.724201	-14.498854
22.704082	-6.9503922
12.347616	10.505491
-4.0237856	0.7885915
-4.260192	-17.87195
11.578164	10.739295
-15.007348	-2.5963757
-6.1018395	3.0520444
-1.7484653	4.265843
-3.6396646	-20.11668
2.9087744	13.878921
21.335196	4.7689204
-4.901859	-1.7442403
-12.054881	5.00749
-12.352282	-5.3681483
-5.710586	6.5618296
-6.3801613	8.33575
-1.4936172	8.2574835
18.581007	8.900578
-3.346569	-0.19033349
-10.360296	3.1171134
-12.392038	-3.7211728
-11.493747	1.2574002
-16.323963	0.49712473
-1.9841862	11.951526
-4.8453703	-10.97629
-10.788929	5.05577
1.025155	-13.706818
-10.537855	-3.0879335
-11.033254	8.203415
-8.146662	-9.827506
-6.0938697	9.782312
-12.993296	-4.332756
-18.110647	-8.614331
-5.3512363	14.042951
-12.220598	-12.699283
-10.224845	8.811297
18.269127	18.75771
3.435254	17.81543
-17.440216	-0.91951406
4.9507732	-1.0965719
5.1575956	3.8485875
-9.805502	-17.189058
-1.6123651	1.7052349
-1.8638655	4.1621246
-7.806341	1.9906055
-5.851201	8.346358
19.370651	-8.382023
-7.4632726	1.6326684
-11.451652	6.989229
-4.66413	2.707209
7.309094	-4.679383
-6.14394	1.8335013
0.032492086	9.046339
-4.9920583	10.439346
-5.7468224	-4.405539
-4.392531	6.3720236
13.004573	5.6169314
-5.6517015	8.252332
-11.162405	1.6468967
-7.0002794	-10.61426
-1.62304	14.837836
12.003482	3.6608243
-13.445828	3.5697525
6.2529464	8.551664
-7.4757023	8.43255
-8.841257	9.565132
-8.144364	7.899291
-2.2603068	9.731278
-11.639777	3.374401
8.0237	10.994029
-9.3828535	-6.8033743
-3.2433004	7.9775248
-2.754534	12.671851
-9.133962	10.5725765
-11.853643	-4.821964
-12.584583	-0.20276222
-14.494104	-1.1944051
-18.523273	-3.7655418
-11.658239	8.34068
-9.087101	-9.478682
3.713139	6.227245
-9.411357	-1.7692648
10.884139	11.589131
-14.153888	-5.346467
-9.178262	11.242211
-5.446108	12.744445
-7.5561037	12.231648
-1.9968543	-7.76379
-7.061799	13.528125
0.031597048	14.983465
-10.91924	-0.71023476
-10.313454	-2.9393036
-8.059397	-0.023244187
37.055958	8.444754
-10.632056	7.986563
-1.4900479	3.2454376
-3.1663566	8.2093115
0.5744463	15.441903
-3.174126	-1.6548537
18.067204	5.083867
-5.641504	1.0704376
-6.4322085	11.121472
-0.2555195	3.3248034
15.159473	-14.402443
1.2504034	6.9457083
-11.772596	1.912972
6.504532	1.0675178
-8.613653	6.7359867
1.9318527	-11.627966
-11.127148	2.8917844
6.530721	8.459142
49.24764	-27.479378
7.0682244	1.2468257
-10.1369095	-13.927912
-8.546291	0.8852928
-12.488377	5.593133
-5.2842507	-5.838032
-13.060392	-24.446987
-6.9737606	-6.86619
-6.618545	7.07327
-3.6963813	4.2013655
-9.50432	8.65172
4.532708	4.4505734
-9.544844	1.9583411
-0.99735963	11.608157
-7.910491	12.308007
-2.7811368	-1.7470233
-14.973505	-0.61865246
-5.171852	-5.880959
-7.281642	-21.138931
-7.343801	8.62704
-12.050064	3.4847403
6.1538086	17.725311
2.90527	-7.6178718
-14.037405	0.08957705
44.463593	6.21659
19.392317	5.7296624
-5.0519147	7.4143014
17.350748	18.002527
7.110803	13.40668
-5.834679	-3.8275876
-2.2459376	4.09079
-12.028135	4.681297
-2.4256296	6.218767
-8.998809	7.1373816
-3.2069626	9.044636
-4.7667236	4.993183
-1.5301641	3.9954832
-15.424169	0.14347206
-9.103767	7.8742666
7.946162	9.418812
-10.592283	3.5700188
-15.355606	-6.7024956
-7.7139797	10.659799
-11.578844	0.39530593
-14.248609	-1.2215347
-16.41184	-9.624509
1.581971	7.2828164
-12.432898	-10.648722
-9.271059	6.037925
-6.6349545	-9.7573
-5.792287	11.436706
-9.434254	6.9508605
-12.20873	8.025016
-12.6055155	-0.9205609
-5.729085	1.148624
-7.8823414	2.3981524
-8.786421	-11.15206
11.13396	12.624888
1.908613	-13.303762
-11.435647	-11.670959
-8.80811	11.43517
0.26026034	12.774882
-5.7901735	12.952554
-5.843111	8.247463
-8.108449	-8.068289
-4.673393	-3.4539971
-12.877306	-9.307228
-12.021326	-6.0722723
-15.258372	-11.802073
3.8715963	5.329579
-17.4859	-4.723428
-4.484968	7.311251
-9.050171	7.6027083
-6.461097	11.233617
9.22245	5.486539
4.2076883	-6.264681
-16.036375	-1.6022496
1.6576024	-19.39732
-15.133793	1.1067574
13.799473	-0.61940414
-9.329662	-9.86756
8.669997	11.553404
3.2906637	8.81874
-7.824736	6.635598
-3.4115229	-21.555014
-13.114062	-7.540945
-1.4042864	7.728115
-16.613174	-0.88170713
0.10065514	-10.43723
-4.3834534	1.6353762
-2.1618898	8.837935
-5.566534	8.186867
8.386507	4.276047
-14.882114	-0.8972121
-4.1474843	13.098698
-11.343797	0.21044694
-7.4912806	6.193477
-15.273747	-5.9478917
-6.9853816	-4.1143513
-6.364269	7.987077
-15.753126	2.3760788
-11.47749	-4.144081
10.32884	1.699043
-10.3867655	2.8992825
-6.8621063	-0.95691156
-3.7574673	-7.452332
-4.907682	-2.934217
-15.850104	1.5627693
-14.356528	1.2123477
-3.786845	5.1759915
0.61628693	-5.146397
-12.7719	9.673401
8.104865	0.20408984
-13.1179285	-0.18061046
-12.860752	-8.792223
7.4590974	12.851231
-7.2751956	-9.26024
-2.4913435	7.417287
6.244724	-8.153399
12.423631	-0.25539234
6.6250267	-9.948678
17.659992	-15.222293
-5.3998475	1.4122291
-15.070826	-0.26989514
-3.807331	-1.1413555
11.06072	-18.296535
-11.170131	-0.6589308
-6.6577725	10.651989
-6.92243	0.8704184
-6.7723584	7.4309115
-3.2486148	3.328367
-0.96145093	14.3557415
8.139442	-5.5518637
-13.265168	-8.09923
-13.688858	-7.3821373
0.7046313	-0.9728489
-13.846186	5.108779
-6.8836184	-4.97472
-11.5317	3.7005455
-1.4964347	-10.862656
-8.374157	11.440919
-11.945047	2.7618363
-3.4086726	11.750232
9.131531	16.739733
-9.2278	-14.66735
-11.254587	6.656555
-8.266056	12.699669
-2.2389321	-4.0664005
10.145875	7.8863425
1.6913096	-10.312818
20.120628	-2.4107337
3.2282326	-16.08324
-9.434875	4.5782866
-12.698275	-6.0727515
-6.255391	12.795389
-7.3019876	-2.947054
-6.395245	5.5192666
4.649718	7.229791
-11.058167	-2.7111862
-18.068571	-11.365739
-4.951706	-1.8626893
-6.0801277	8.979485
-5.212233	-1.5820088
-12.292755	-12.324751
-19.230696	-8.53016
-9.940275	-0.42267317
-14.286843	4.8959246
-15.637395	-4.641026
-10.627465	10.895058
-12.92938	-5.7214975
1.3039807	6.6831613
-11.08741	-7.258003
-13.336791	3.5108628
-10.583908	9.623657
-2.889002	5.6330433
-12.83618	0.299656
-13.279378	-1.015959
-10.341678	-2.1210346
-12.375797	5.203089
-11.986848	2.8993835
17.36367	-0.90255934
-12.462148	-1.5331151
0.70559055	-15.303035
-4.4851456	3.7235115
-18.143404	0.11883575
-4.120161	12.832685
-12.283469	-1.1151108
-1.3330125	-10.6662855
-11.4246855	-12.410629
0.8089329	-15.826477
1.1237541	15.074814
-15.277724	-5.101861
-0.56397444	11.9836645
-16.230862	-5.1952343
-13.505547	-14.025535
-6.193218	-22.703106
-3.4349563	7.606251
0.0050877333	11.685626
-7.1914005	7.1717477
8.853967	3.9608436
-1.8896186	9.703209
2.0813656	0.25815076
4.9308214	7.122512
-5.8652115	10.637682
2.6258385	5.6495376
-11.181602	5.117944
15.216798	8.3934
-7.0530434	13.369553
6.799734	6.0887713
-16.265226	-0.25032017
-0.8227578	1.2213905
-18.088034	-9.088091
-6.017459	-4.429008
-11.129538	1.6575183
0.7298973	-5.787953
2.6053946	-8.712805
-9.0452175	4.689367
-8.675661	3.7377453
2.5654042	9.009166
1.6305691	-0.9425284
-4.78826	-5.0536733
-4.4753094	-4.9832296
-4.189705	6.5453544
-5.8838997	10.540874
-8.940584	6.870305
-8.235542	6.2748322
-7.658654	2.9908853
-9.688263	2.3185575
-5.356602	0.8946348
-2.0971332	14.212025
-18.16958	-3.7223194
-16.596588	-7.5191607
-5.5692124	-5.5182767
-8.583491	2.7054057
7.6352377	6.6576147
0.8217815	7.655446
-6.1630673	-7.779496
-1.7228116	11.166894
4.734125	7.5234413
-0.53044695	9.811569
2.936082	-2.0147614
-7.601598	-1.6722908
-13.742798	-7.5004883
-1.0647343	13.396656
3.7529473	17.891407
8.031904	4.382462
-8.678743	-1.4014645
-8.699609	4.706673
-12.43989	-12.822412
-6.6025085	11.722162
-2.7713113	-0.009528615
1.04139	-3.3336165
2.1804564	-2.0108912
4.299131	12.015932
-15.540275	-2.8525987
2.0406759	6.165131
-14.723048	-1.2581675
9.1782055	8.996492
-18.17758	-3.050407
-13.538946	0.05274804
3.2279575	-26.799511
-3.7050278	-5.3466763
-8.184714	3.0771265
1.6446509	-9.435008
27.142418	-12.966638
-1.3470104	-16.578585
-2.186274	10.295902
-4.633674	0.8155147
9.959367	9.872732
13.943935	8.75759
-0.12530687	-14.046323
7.0819836	7.260635
-6.576831	3.4432325
-4.656936	7.073662
-18.936783	-8.400858
-5.50114	8.773225
2.0398073	-29.339672
-12.3043585	-1.3128601
-7.492408	11.598504
-7.6335573	5.4143705
-8.035325	2.4628992
-7.932843	12.967259
-1.2722434	-7.393667
6.6263824	-8.245806
-7.6181564	8.985719
-11.921475	1.0849158
-7.778287	12.8836775
-9.43799	6.655662
9.076336	-5.686604
8.7701025	13.8524885
-5.759845	-6.6788325
13.166236	10.204687
-10.9493065	2.463221
28.643753	13.494909
-5.70826	-19.797327
-12.635731	8.446684
-3.349135	-12.42284
1.4717962	-19.663404
-1.8264072	14.331082
-7.208707	2.74806
-7.513532	-1.8849876
-9.038976	6.3738356
-10.621369	-0.56350124
-11.201621	8.730733
0.53975993	-20.260231
-6.814068	-3.9607363
-2.8934832	3.9874368
19.316883	7.4119067
15.066634	7.0049853
25.179285	-4.547296
-21.197645	-15.155807
3.029971	14.309165
4.984916	9.421286
4.1028767	14.950801
7.1022706	-9.027879
2.150837	-21.722704
-4.1584125	4.667895
-1.0985156	-8.421148
-8.294582	-2.465303
-14.115788	3.6746173
-2.3425634	3.7798371
5.5229197	17.283522
-0.0817734	-9.569645
8.41396	-5.819843
-9.198001	-0.25227302
-9.55155	1.2823248
6.8981566	9.381922
-11.364716	10.425664
-1.607748	8.466622
-4.8099537	-4.449364
-3.5036974	-31.495277
-5.9446983	9.59327
16.587292	9.9069805
-1.3948171	-5.108536
-7.436675	2.200218
-6.6987104	13.661529
-12.147406	-7.894334
-1.0605481	12.071341
-6.452409	-11.658655
