17.962605	10.302887
41.315704	-2.906746
12.315552	17.20533
3.669495	5.331541
20.307373	-18.712553
5.2103457	3.3270905
10.199444	1.9255947
2.7046957	16.108881
-4.562162	2.3250482
-1.9353219	-0.46500957
-5.7432013	-15.305912
-9.474359	9.143849
2.2343662	-7.379231
-11.784258	5.5805893
-2.2250795	-30.838076
-5.9511037	10.502718
33.252487	-18.063465
8.548208	7.6592426
19.034615	-14.25338
5.944903	-19.549183
7.585983	14.337269
54.35516	9.468653
2.24358	1.0204438
-6.562057	8.083718
5.5065203	-8.67711
15.252913	3.1687586
30.19125	10.054309
29.242071	16.481293
-4.7692027	-4.5011315
-2.3384128	5.6560926
1.6522601	11.254722
5.2852454	8.181084
22.581387	2.6365106
8.871013	9.397391
6.610228	-0.116635576
7.29793	20.18495
8.861591	12.537692
25.284382	16.000938
20.268024	-16.930252
30.477251	-24.22408
23.830914	2.47883
-10.535097	-21.839226
17.579214	-9.770057
15.51605	7.0491986
15.014434	-5.5368123
8.567277	-11.3555
-0.52652943	-11.053279
4.832204	3.3486147
-4.677947	-29.59048
-4.7669005	-30.141895
-4.601096	0.9349621
16.463041	5.5164876
-2.7352552	4.762903
3.2871015	8.079095
14.562595	-19.614159
-2.2282069	8.744075
-5.582488	-7.721816
5.249341	11.417193
-1.194169	4.5607743
16.643724	-30.710007
-0.17935333	16.692318
8.664547	-10.426504
-8.883148	-0.25349897
35.624058	16.002234
18.622368	7.8766303
11.480545	-18.6032
1.3240609	5.478843
-3.4794595	-6.3108425
-1.5382284	2.12053
-4.311472	2.6611938
6.6821585	9.142602
14.256147	-9.00281
2.9135907	-15.191758
-8.513546	0.5005799
-2.9610975	5.219691
-1.8678265	14.062445
-1.2061228	7.1659565
2.086238	7.634758
6.1461573	2.4822223
-4.2056446	0.88557327
-9.830533	-3.9168072
12.060317	6.1754923
21.09767	7.0532317
18.069445	15.034753
0.20291956	3.7635202
17.19059	16.976103
-1.0284408	13.691193
13.51701	-20.72752
5.741268	-5.053925
-2.7995746	0.20573632
-7.894234	-0.82094693
-0.5855985	-10.37595
4.6929054	6.2980585
40.81123	-8.493802
5.367077	13.210522
6.7608094	4.348628
3.9070125	5.6418138
1.3531952	-15.740706
-0.2939326	2.70178
36.46228	-33.405315
-0.40333787	7.431595
27.884117	-7.084797
1.5509098	0.40808246
23.643898	6.597827
-11.45643	-26.752535
11.690007	19.838448
18.199135	-4.9635286
1.7754774	7.727235
14.436939	-10.787833
-7.7445145	-0.6405334
15.442038	17.956818
14.298293	9.571233
-3.3170784	-9.003906
-3.3577712	-7.5352097
-1.8836311	-1.2136097
21.461887	14.364972
3.2508402	6.570593
-2.2618895	-9.434793
-8.947976	8.080528
-12.603504	-6.025094
6.281078	-18.183607
2.062467	-31.492502
33.359512	12.638861
3.1742938	2.9985533
14.705405	2.192007
15.50297	-15.9509
5.018898	-4.010789
-3.9513414	2.396093
-9.806722	-14.593862
7.5520773	-15.232976
25.585842	14.325879
-6.1422963	-14.835764
2.542657	-13.2051735
-8.727781	0.047964945
-6.013363	5.7832985
7.450905	-30.423555
17.394135	-12.151088
-4.8531775	11.98155
-3.4619687	15.435348
3.8454573	-19.863077
47.514908	-46.83641
12.845752	11.26892
11.874135	6.976922
10.877889	-22.256111
-7.16015	-4.5134954
10.701462	-25.56069
-10.998085	-10.279225
12.053398	8.5287285
28.264294	1.125437
-11.703271	-13.055646
16.381317	-43.74006
-3.5936399	-7.1994615
-2.817552	-0.7274253
-15.348893	-11.611759
-1.9851608	-2.3232136
-13.782558	-2.7281203
18.133791	5.6568933
5.493601	8.783948
-2.826193	2.9580173
-7.8633056	-6.84709
-0.9817374	13.511102
5.744465	10.966085
12.543827	13.310214
-2.5703402	7.617232
38.74182	7.550927
-1.6294444	-15.464561
-2.030475	7.4541335
7.125325	8.259694
2.329532	14.418114
-7.0107822	-5.39437
8.922365	6.2356687
-2.2853854	6.0029287
4.823045	-7.8184304
1.1983924	4.1104703
-3.8584275	3.9727693
22.822449	-10.450974
-2.0694804	2.7964072
-2.754989	-2.537078
15.944683	-18.26431
9.420065	11.336898
5.7299595	5.5090322
7.8002224	9.088209
5.0303955	-13.661372
3.69915	-25.26428
10.341768	-20.77008
-6.9506736	-2.257907
22.746397	-4.3914647
1.2225956	6.897997
21.124043	-35.38266
4.120542	-3.9126904
-6.6636724	-9.432395
2.9847748	-0.117472604
9.06963	5.369914
9.714819	-7.1209965
0.47737274	-6.5737486
-3.676003	-5.342625
17.071583	-9.178816
29.490536	-37.42535
2.5956006	-9.17369
15.942433	0.7076527
-3.2473326	-14.383402
-10.819782	-21.656384
-6.629092	-1.7556611
4.0779114	-0.7144562
-16.223932	-7.1947017
22.883068	-15.038781
-10.291825	-0.5029112
6.632597	0.052292317
20.100363	-11.668014
-7.390481	-9.953089
2.3063154	-10.586717
4.2587194	-23.077387
-0.15450945	-2.8152575
-9.174438	-5.294526
13.002782	0.24862126
3.0842295	6.2964263
5.1368284	9.151088
16.184776	12.547773
-3.1380477	6.9172473
-7.003569	9.16715
24.562544	15.716699
17.650846	-13.142975
4.8185353	-3.321522
-9.745076	-3.406613
27.446404	-7.5792575
0.8558464	-23.339893
4.8584113	12.575904
6.2232046	11.602681
1.7671115	-2.5924408
-1.4777809	8.483522
-7.2904143	8.36159
-5.5277414	-0.6638617
-10.059571	0.40728825
-3.3430676	-11.266776
2.52089	-3.5039077
16.000189	3.1978323
-12.865437	-6.6270576
50.540672	0.19030015
-5.8797913	-7.022895
27.17012	1.9788647
7.9607306	-0.3694414
0.48359782	-11.125228
0.6738378	-9.549772
11.388008	3.0461574
4.0111794	-1.0076573
5.8604507	5.9449334
13.497226	6.190399
5.5594463	9.481722
23.115711	14.802219
4.7125797	5.1798143
39.408	-22.669872
5.7325616	0.94265115
1.376053	-22.995567
0.47754312	-18.548859
-5.2921333	-7.4929204
5.4450474	6.713729
3.5263188	-2.140337
18.763554	0.80041325
-5.9296327	-2.4661655
-8.910976	2.4392865
-2.8969357	10.41749
17.329563	-15.8822975
-3.4725394	4.98298
6.21326	9.024447
10.9102745	-1.3700984
37.62332	-45.517933
-7.3076596	10.879011
10.938214	-13.733913
5.095895	-5.159595
-1.4162817	7.761744
-7.428837	-14.26315
-6.1071105	0.25702253
-5.1264544	10.428377
-4.1791306	8.022908
0.47441697	-4.8241005
28.912882	20.186504
8.997886	-7.6061473
-0.61735034	6.371618
0.04428836	13.807579
3.3212166	-34.054153
-2.5210683	-1.2025846
3.3117445	-8.288284
10.654023	1.8054053
6.578188	-28.446714
17.619225	-12.404168
2.5419848	6.339455
4.44882	11.210054
-8.750104	-2.720265
19.40005	-27.971144
1.3810834	7.5890822
10.074295	-5.104947
-6.247313	8.686977
5.4887953	0.41177633
20.496706	13.620481
2.8326998	5.3196907
-4.7674	7.03393
2.7750795	-2.3733642
-4.2255745	-2.5553901
1.738959	12.865228
31.033659	-52.97597
7.6319647	1.6020491
21.598244	4.2913046
-2.9325862	5.6636505
15.236488	5.642307
21.122194	20.190899
5.0366497	-31.739109
0.5107528	-0.64161557
-5.799435	9.934047
-7.301846	-10.620981
-3.16683	-1.1729685
5.441489	9.051609
-9.920624	-24.872286
1.8714018	-12.959728
-4.598692	9.192724
5.654969	1.3567455
-0.9346645	-7.4743376
-10.313084	-23.119556
-2.362955	2.2356002
-10.511019	3.6068048
29.618797	15.681569
4.2742853	4.775928
-2.6687331	-6.9328775
-10.982896	3.6336646
-1.8862091	0.65846485
-2.2221708	-10.502168
-4.3913817	9.953339
29.919285	3.6930623
25.52907	4.8013687
1.876621	-4.81374
10.757131	-11.423598
-6.8321457	2.2175753
-12.096227	-18.130085
-3.1038451	-9.052256
4.6576877	7.671101
-5.8105803	9.641432
1.6528355	-22.064623
4.058713	-12.190151
-1.1895422	6.361176
11.479067	7.6889076
-1.2700601	8.480637
8.241217	3.3438096
-11.195078	-27.416178
7.1249733	-6.4804697
-5.2929134	7.1358213
-3.4256983	-0.6242742
-0.6154754	2.5842323
7.923439	0.21702503
12.304131	14.753374
32.44656	-0.25275952
-2.2974	-17.456322
34.358532	-20.91473
5.07079	3.9337163
-6.67883	7.957015
-2.3622952	4.6903405
-4.4203525	9.650975
40.945934	9.694004
0.5364311	5.738319
7.321197	-5.536171
-5.2503376	5.6271505
3.1927505	-0.8675287
-4.113429	7.420686
4.888334	16.770695
2.7620037	2.838066
-8.894682	-16.83031
59.348534	4.654424
3.6828594	-5.824527
11.333622	-5.462098
-8.863663	-3.443356
-7.37114	7.1327486
-7.386413	-6.561377
4.1891227	14.294989
-2.3252637	-2.0910811
-6.4702954	9.600983
-6.6858025	-7.4702706
15.880835	12.204614
-4.5886207	-2.8312047
1.0895121	-0.4096372
-5.3364105	7.754105
-1.812081	-3.5220575
7.6702495	-3.3397572
28.003641	12.068245
-1.0527906	-11.308978
12.631526	-5.282489
29.468102	-9.427607
29.399586	17.227787
1.8423761	6.148632
5.5509324	-16.362083
-7.468886	-6.953011
5.4247136	-0.4581972
-9.874945	-4.89037
6.077352	-10.617293
7.547852	-1.7744492
-8.557659	10.9951105
-10.120445	0.335687
4.5425906	5.9113593
4.1447763	2.667507
8.0681095	15.590069
-2.737769	-5.8889694
3.7810872	10.794214
7.3452144	12.132767
12.41942	10.619162
1.961727	-8.750008
31.547485	16.698961
6.9276986	1.0734788
2.218314	8.550945
6.9755864	-9.387447
4.7689414	5.5240903
13.314755	13.774403
19.999329	13.102626
14.25886	-21.368658
-6.1148095	-20.056204
30.685547	18.547613
21.232248	-7.6239023
1.5489333	-22.196035
9.981959	-3.972156
-15.563141	-17.531963
-10.135403	-3.8820198
9.034019	6.778421
-9.174868	-13.4453745
-10.496933	-1.4781919
5.168531	9.693826
-11.640131	-19.784912
47.65761	-0.5740018
23.670897	2.7242775
-1.8536848	-1.8438662
-6.2512226	-19.346277
-6.1303434	2.0555286
10.073611	-9.657284
28.123638	14.283392
-5.866662	5.532927
-2.2827458	-25.97958
4.2166653	8.354377
-2.345803	-23.729496
20.108421	6.7283015
13.737423	-6.12448
-0.17449388	6.824716
23.89013	16.213871
17.205208	18.206068
-1.9264683	16.28766
-9.966493	-0.2485844
-1.6657177	0.9786672
23.51545	10.0539665
-2.1656528	-3.3532538
28.243631	-24.070595
5.669589	-2.0805955
-10.109754	-22.11987
-8.507596	6.002468
9.191746	4.7983336
0.18227383	-2.9898198
-4.0474687	8.279436
-10.693521	2.1388988
-0.8004039	6.100528
-8.516307	-7.797464
-7.577288	-21.017696
7.253207	6.7189054
-6.4272814	4.7335806
5.394561	9.927279
-12.944812	-5.138424
-8.211997	10.900686
-9.691041	-5.3114343
48.49788	17.855577
-1.6094424	11.133089
10.789304	-13.781029
-12.169368	-5.6631355
3.5398307	6.472478
-0.32840744	-6.437552
24.20489	-19.484142
-3.780869	-11.200434
9.342398	1.8339217
2.776382	-26.418354
-12.206123	0.5943644
-3.0092356	12.967164
-7.197906	-12.052592
-11.124522	-10.999517
7.2107544	-0.40064573
29.659927	2.163826
13.978178	13.718885
-0.9978564	-5.1715345
26.303339	-35.61245
-4.6330423	-6.506366
-1.370734	-21.078485
5.6877213	15.285914
-8.751631	1.4170135
-11.7856	0.011815146
-4.5238347	-20.31429
-7.1291385	-15.912469
7.220857	-12.564083
-4.0998316	-19.563429
48.853676	-33.537895
15.032253	-3.2548056
-6.1249523	3.8576763
46.823975	10.424962
7.8970475	-15.773476
-2.8263674	-0.67225707
36.870583	-0.6497541
10.07988	10.417847
2.2056262	12.570818
0.8012109	-5.433928
-5.072984	11.789396
-3.869352	14.021978
-0.5989891	-6.788005
43.078854	-10.384899
9.69655	3.453931
13.787848	-8.6607895
28.635315	-6.689838
4.8029366	9.188378
2.6253853	-26.201462
-8.774656	2.1468897
3.6357827	-0.68747085
1.6005185	5.5814304
6.3807645	0.46906
7.6382895	-26.492846
-9.251366	-16.252281
-1.992833	9.0221195
4.8174605	1.1518795
2.4998693	-25.9083
8.016114	-7.4756713
4.5806623	-17.491964
1.6232064	-15.0791855
-13.106659	-15.434951
-9.354042	-10.62672
-1.885468	4.76257
9.431368	9.404887
22.807272	7.707622
9.86839	6.4655595
6.3351564	15.093722
11.349863	3.1914551
2.6402147	16.047262
-2.9107163	1.3102633
2.683715	7.3314786
11.63349	9.98374
7.6508427	-0.7604302
14.739471	3.0470989
11.204542	13.687252
-13.248474	-4.9428077
8.789986	12.290588
-2.2622428	12.550231
-5.5255694	6.69314
-0.015769385	10.348922
6.4388504	-5.024204
6.8717394	-10.057909
35.9832	-26.483095
-2.961628	12.133472
17.259678	14.884341
0.27570266	0.36459586
9.856951	1.4488938
-4.6432915	7.853401
-5.559693	-8.2535305
-8.203978	-3.8214238
29.623558	-8.989294
-8.178751	-1.1685028
-6.216942	-9.625639
-1.7482668	-13.528782
-5.299441	7.1583905
25.107553	4.4823575
11.408805	7.8262005
1.5363128	5.5395465
5.5049047	-11.851468
17.845133	18.276056
2.206087	-2.9948864
20.168055	3.3289418
-4.964109	-0.043777585
3.5972703	-0.092464626
-3.9904757	-0.9459397
6.806237	-30.01697
24.333242	-6.7897706
16.599785	-12.306925
1.1047232	-11.351775
5.8701644	8.094636
0.22468442	4.17608
-6.071723	-14.756715
28.71589	13.22064
-4.97943	-3.1447515
12.134505	17.929173
-3.4401429	-18.188469
-11.150883	-9.599615
-9.229932	10.436626
5.6693077	8.213095
3.5154476	9.26653
-7.654428	-9.31054
-4.064756	-1.2674532
2.2255015	-19.846235
-3.1147878	1.0079819
-0.57135975	13.218994
-3.43136	11.134053
4.0639052	-29.540611
-0.89775056	5.145406
10.184975	13.300208
10.599756	5.950963
-3.833879	5.333518
-11.94609	-9.572789
1.8726695	-9.137142
-6.612366	-4.2538733
-6.560328	-0.9850977
2.7228703	13.485765
-9.663702	9.334571
-13.091981	-12.717767
-5.548864	-1.5102977
0.8720753	-3.0724792
14.421957	-19.482927
-2.7614467	5.376333
-0.55508995	-23.526232
11.840521	11.251185
11.15089	-2.340374
-10.851932	-5.862442
11.183393	6.969759
-6.783821	11.154459
-0.36931157	4.4372454
-0.71956146	-5.120201
19.1834	11.109308
0.29032457	8.3182955
0.33446315	-20.387352
-6.9401627	9.626561
-7.450737	-5.60713
0.13062967	9.896853
4.3615026	17.445972
-6.117139	4.079397
-5.1926193	8.288751
-2.798879	-19.476982
10.391595	11.629978
9.679666	9.814388
13.029827	-26.294924
4.672467	1.6787832
-0.6017558	1.2468939
16.836441	-14.219114
13.797028	-7.6558876
0.66135454	12.368126
17.373434	-7.7190285
28.7189	-35.135483
2.5487695	-2.1125283
12.905201	-22.459763
8.685459	5.1901803
20.514616	-5.6056542
-1.226576	-13.968494
-9.20439	-8.363219
6.306856	-15.0576515
15.382236	-35.79669
3.5541837	0.5716074
38.913494	5.2301416
-5.792594	3.2865503
25.493849	-2.411209
51.347813	-5.790407
19.548687	3.8004816
1.5514444	-28.926895
6.588235	-8.748757
-6.9563365	-14.523444
-12.758865	-0.45330778
66.98931	-18.268644
36.18647	6.4976583
-5.4370117	-17.188444
-7.129537	-1.9189045
8.145143	11.101383
0.46019998	13.569654
25.57313	-11.852987
4.910601	6.1525016
-4.7492743	-7.8329344
-6.961837	-24.638044
9.157668	-33.345
-1.791279	4.2872148
4.8867865	-8.105598
19.690855	-0.14002779
-1.1486984	5.2201166
7.645781	8.410041
17.412111	-10.089189
15.447801	-9.793113
-2.5716786	-9.209959
0.910988	-0.9949126
0.92952216	-29.560064
-4.50419	-7.603871
-1.9496379	12.789176
1.2136805	-3.0527573
-5.8680906	0.869419
16.27014	3.2157602
18.274544	9.702801
18.34476	9.831018
11.648848	-8.288419
-5.9144917	10.930065
9.976478	-7.62792
58.360344	12.402612
11.447454	5.998145
6.234725	-29.630936
-2.707454	13.913381
3.7501347	11.872423
-0.016862452	-11.9971
37.627464	11.814843
2.6407013	1.9838017
13.905637	-0.44775152
4.2814546	-25.083916
-0.7415201	7.2516685
-7.716903	-5.9046474
0.21095842	9.831077
6.471749	-5.8976583
2.1274595	14.37518
-1.1144471	-11.102275
16.623402	-5.433314
-3.4912844	8.632653
-3.9902463	14.404283
7.979861	-5.6028805
-5.6833587	11.470868
-4.5894117	-15.269326
13.769065	-6.706478
0.2777428	5.9333415
3.820637	2.0895631
-4.512686	-4.6144648
11.362615	1.2234472
5.9465704	16.120293
19.524935	-9.129099
34.892967	14.968521
-6.352103	-4.986587
8.708859	12.030037
-10.764458	1.1238873
20.120337	-13.585499
34.354942	14.084239
2.9379053	1.8983697
-4.6984525	3.9274287
1.4844005	-4.70467
5.767658	6.474664
51.688408	-54.014492
-1.3861326	12.581591
4.500217	7.788918
3.6408198	-3.967169
4.0682864	-5.636789
-2.8760219	8.56286
-8.1732	-1.7298114
10.659939	10.039476
-3.5483086	-6.3646903
-6.62057	6.422095
14.544256	1.3453126
11.8222475	3.6419892
19.605778	-22.478859
-7.460496	9.704259
-8.723304	-0.8215368
-10.7909565	3.444675
4.6100817	15.191873
14.573721	-19.172068
-4.760852	3.612308
15.9656515	-8.171747
-2.0985773	4.716853
0.49163646	13.677378
10.85076	13.379821
0.7036916	7.760831
-2.8485096	13.238473
5.244591	15.380501
-13.239862	-6.7096524
6.2867093	-8.127134
-4.4098625	-5.219486
-1.4147706	6.528218
-7.6679153	8.483237
-1.9456885	6.212547
1.9733096	15.810186
1.5776334	2.85886
4.175051	8.576254
11.853615	-9.880066
12.52314	17.047216
20.447887	2.789188
-0.17586638	8.841407
-10.311258	-4.9182234
-7.800086	9.970141
-11.417924	0.59204394
0.79312205	5.2050605
21.850777	-10.546461
2.7465637	3.490033
-0.61810416	-41.01852
26.942865	-5.6465535
8.331239	12.219608
-9.800996	6.1631846
-3.053857	3.695719
13.695175	8.957454
-7.735713	4.295769
-7.3034353	-0.8784935
-9.841967	1.4925755
12.004772	8.388324
43.0919	3.0362134
-2.9556665	7.7282343
-1.6456765	2.8400884
-9.946794	-10.339716
-2.6687248	8.510221
4.4764132	2.246683
11.004444	13.631314
2.3410332	-2.8877838
7.302283	-17.470778
3.9810243	-5.1397376
-0.6006475	-9.333606
4.636092	-11.874105
3.3967009	-13.65924
15.823282	11.312475
53.250618	12.487768
-8.849728	8.180562
1.8825033	-11.215643
-9.359622	5.9719906
-2.8597622	-16.302774
-2.6479013	3.3515358
12.325188	2.2228794
-3.527346	5.8762884
-3.3895993	0.42368597
-4.644807	-45.744503
3.5843046	-20.08555
-8.994211	6.769764
-4.0150733	7.633153
-2.5585866	-3.153841
3.9364986	-0.7786789
2.378627	-1.1837329
1.5667566	7.203853
2.0583115	-4.092474
1.21088	-16.902794
7.233301	6.624967
27.010677	15.984934
8.710251	-8.613226
6.827718	-9.634382
11.434653	-14.354815
-0.7703956	-0.9301685
0.4594252	4.7278967
2.6625056	7.610491
4.7202044	16.996113
-14.311206	-5.94649
-3.6034534	-1.6292282
24.8163	-2.4456284
-4.8934956	8.947155
13.931208	-22.702831
34.856895	2.7449567
4.825043	-8.392385
-7.444399	6.5012035
-0.8323275	6.5066757
-1.4606225	-18.70273
-13.431594	-1.8001974
49.996284	-41.030476
-10.054809	-7.2439694
6.597575	13.998974
9.068801	-3.5735233
30.793182	3.9026833
-5.196702	-0.8769493
17.470156	13.402317
0.989003	3.63165
-9.831978	-2.6104207
35.368164	9.900409
11.903039	16.672516
-6.702862	7.949608
0.43571907	-26.774035
-7.3553743	-10.6471405
1.9245464	15.076516
-8.284921	0.032469258
1.6040444	9.243402
20.688135	-1.1021321
9.6730795	19.846514
3.856675	-9.313387
-4.1525936	8.872497
-1.8706495	-3.8330588
29.497564	-8.510326
17.430584	3.184566
-1.9535199	-9.497655
-1.3232062	0.16979668
27.01846	-3.8148422
-6.488924	-18.257586
1.4110289	-4.887227
-7.2712145	-12.185729
0.24999803	1.2985562
-8.42746	-13.0949335
7.17986	8.679432
-11.477359	-11.610218
-5.5869412	-22.1916
11.650221	-4.061065
-6.1622443	10.814065
-9.888592	-20.335913
-10.759704	-2.9403336
0.28260255	-11.366938
5.9325495	-7.9850945
10.972006	4.4470367
12.196083	9.701415
13.189895	-4.01286
3.710568	-5.0347114
3.3590543	-1.8334109
6.970764	1.9886031
-10.614479	-22.019684
-8.538116	6.9617734
3.9804997	9.362177
2.33043	-20.705559
24.733456	-13.813942
14.966992	9.033576
-4.181421	-18.9958
3.3192744	9.775998
-6.1809278	-25.024239
-11.067411	-11.136885
24.92407	-18.093136
13.937619	16.53675
-0.074023105	-2.7706816
-6.423233	-8.851142
-6.5176554	6.355311
-14.795166	-16.692745
-3.5416183	-15.566633
-9.73142	4.2381606
-2.1794298	14.131122
2.2751672	-4.9205794
20.94461	-22.88117
26.170649	-19.300308
11.933475	1.8354222
0.17678562	12.518993
0.18796122	-3.8540626
-4.2284274	-0.36447495
-1.037642	3.1964886
-0.7314765	0.27420524
-8.679992	-9.380035
26.57909	13.9367695
20.250566	16.448812
2.6166627	8.976938
0.50228256	-13.598684
1.3504968	16.32715
6.114589	0.89040744
1.7711048	11.167829
34.15748	6.6505756
2.5054648	2.9794152
6.548568	15.52608
0.074642174	3.6650252
0.9282324	3.3828518
1.8930261	-8.632662
-6.9187407	-0.9019067
-1.3456341	6.2138376
1.6957196	-8.184757
1.6041567	-22.808228
-12.299905	-5.145791
-7.2825017	-5.306947
-5.8834643	4.168382
20.249226	5.6729417
1.064719	12.243961
-1.3315246	6.684414
3.944748	9.581312
7.587617	-11.950504
-5.8860445	1.5250636
29.100698	15.943359
13.180852	16.272926
14.781672	-2.650343
-13.194171	-5.253489
2.027462	-7.7401905
7.605151	-22.182035
4.8061376	0.8224972
15.303164	2.974637
51.631466	-21.743364
5.016986	1.4918754
-0.8070486	8.147215
-4.582657	5.9571853
19.88482	-1.3392196
2.532555	3.7213917
-6.2371836	-5.4146457
11.783436	13.067211
2.2595642	7.3221436
10.510818	10.787847
-6.928371	4.139888
2.5811217	14.615896
-3.218357	-2.3812106
2.3084705	8.122359
3.3984282	6.0539246
-12.689447	1.5681871
-8.722881	-4.446572
-11.079831	-0.3634368
7.172341	-2.271365
26.591686	-29.31561
-3.9919543	12.429968
-1.7886863	2.2645783
0.18304132	0.18917477
6.257125	-9.201537
-4.143861	12.168245
-1.3929274	-1.6328542
0.56107485	4.085987
5.0368414	-15.353842
-13.874281	-4.1241484
-10.317209	-1.9612762
9.9241	-19.773458
-12.568963	-0.63619816
2.5507345	12.78137
0.28053284	15.490761
-13.114208	2.5397544
19.435955	3.1321929
-1.6543823	5.3448777
-1.9649249	2.2337031
-4.8255243	13.195916
39.21857	14.50022
-1.3773261	9.25004
1.3647074	-9.375309
8.756151	-17.961035
-1.8069657	-9.06367
-3.9003441	7.9224167
-5.1656313	-19.165453
-3.2849987	14.551953
-12.592848	1.7471137
31.328342	10.111238
2.2896264	-13.463809
14.278548	-4.302806
-4.6745152	-3.8995264
24.993757	14.741018
7.7270203	-12.386614
2.1296582	4.241174
-3.4335053	3.0744743
-8.839965	3.4085732
14.88064	-12.5331955
25.177168	-9.266426
19.800758	14.683449
20.383305	-0.8664054
-10.184358	-5.034812
16.84761	-0.67299247
-3.7669592	6.160734
-5.7734966	14.36343
-1.5868233	9.755723
-6.000468	7.567645
6.22391	9.266457
-7.5334597	0.6121615
5.131529	4.6013393
11.556141	11.797146
-5.735636	12.785603
53.679127	16.239668
15.370174	-8.950274
-4.1931543	2.1371527
23.840054	12.876315
11.507164	-36.79344
49.267628	-10.716387
-2.1718256	0.9394546
5.833557	-1.4082267
-3.59737	0.6204634
-8.314338	-14.998449
-9.325489	6.1941314
-3.5076733	2.528159
9.736372	-11.027185
-7.588521	5.4789968
23.681992	-10.411358
8.486249	-6.4155393
12.367157	3.8743382
-4.5366054	-33.911922
7.2838464	-11.618108
19.564823	-17.943647
-3.571089	9.350325
6.9688225	-12.408666
29.151499	-11.370709
-4.998641	-10.681503
10.566594	-15.981086
1.6602128	6.781267
-1.5911427	-16.52541
-8.006819	11.811177
-8.1356325	-5.7546844
7.4518886	-30.543184
-8.853314	4.148892
0.21548587	4.135155
-1.1465384	-3.919428
-7.360539	-21.454311
-9.332878	-1.6825231
32.783504	10.499959
5.169784	-5.5568595
6.9697556	10.145462
19.683279	10.939653
11.347331	-2.684597
3.82347	15.187776
8.717526	16.809177
-8.719034	6.4013352
7.617309	2.1979537
-6.404633	8.39683
28.94115	9.387815
63.88795	-9.181728
8.603936	16.08796
-9.231123	-11.936719
-0.33415696	7.478668
2.9418452	17.739008
8.550606	-6.548483
-4.7542267	12.646331
20.525057	8.39902
10.624805	14.648019
0.31142914	5.120833
-7.434283	-3.9024537
-2.2626088	1.1557591
3.789509	-10.393192
-13.360294	-6.3200803
9.278477	6.6179743
-2.8374283	6.7277603
2.9149513	-7.7107153
-10.977862	-6.0429063
-11.038671	-1.9822259
9.340878	16.878744
-2.045109	1.8424342
11.412051	4.4536295
20.632374	-13.467438
-6.6865196	3.2007768
6.0534525	-8.347473
-2.4466097	4.3338556
4.7367287	1.8678246
17.829464	3.0965567
-0.7000831	2.6424463
9.585215	-13.915781
-1.5209115	-8.127073
5.7828727	-7.425627
15.182211	-20.5313
6.161227	-0.03902988
-3.951024	-7.090123
-10.684906	-22.3901
-4.7013135	-8.870921
1.4614733	11.953813
1.1938365	-11.195551
18.396212	10.227923
26.200785	17.282982
-4.735622	10.244085
5.7845473	15.388817
-10.751896	3.9186938
-4.523321	5.888346
25.791323	-27.938187
4.7250943	-27.96227
11.909465	-4.303752
5.452425	0.6654139
11.826596	19.244549
3.792341	-1.6176264
-5.280264	-17.130672
4.648055	-11.982532
8.056476	-4.85093
-2.8588455	7.6192856
-0.5318285	-5.7155766
2.805513	6.8772244
12.759857	10.643176
-4.388521	9.319489
5.9087796	11.400273
-8.987424	-11.229554
2.506817	-3.4910934
6.481344	15.08004
-3.3111496	-5.734246
-2.5320957	10.922912
-11.9550085	-19.29242
1.5543169	9.670501
-1.9142983	6.9056473
6.175548	-19.022062
-2.0584989	13.701919
13.667497	-8.480367
18.384058	0.86980844
3.5027463	9.725323
8.310807	3.82365
-2.4220183	11.899139
-7.6649346	-0.1142225
13.835592	17.337238
-11.422472	0.9538189
-4.647493	3.302125
1.4215877	-30.97435
-4.970472	-0.0036830753
-4.561885	7.288651
-0.46753716	-17.004892
-13.341235	-12.738324
-8.945482	-8.708756
2.2391737	16.207718
-3.259853	9.504733
-5.1879196	-15.12883
28.843817	-12.219338
0.08459306	-1.6681067
-0.21160305	-11.578442
-1.4851117	7.077456
13.905835	-20.318037
2.376206	-12.746716
-2.9955447	-8.01787
-0.27765048	-16.267328
10.046767	-18.43384
19.960485	12.677347
11.958758	-34.488358
-5.646598	4.726433
-16.000769	-2.6726842
-6.023022	-1.430345
2.848817	-7.7526054
-6.0254865	-15.962336
11.143271	15.010967
-4.596845	7.328572
0.79765517	11.482072
7.3392606	-12.912587
27.036377	-15.787727
8.757317	3.556244
2.2431893	5.8214545
-8.119281	4.4171247
24.59916	-10.407191
12.066774	10.705731
4.8272266	-12.305805
-4.5800295	-8.083642
4.056726	4.8065486
13.403999	-7.86693
-4.0560675	3.6463437
-2.6748352	-9.404413
-4.0889635	6.481392
9.098344	-3.1041782
-7.190091	6.178248
10.232561	3.9039788
-3.2049212	14.153273
3.362541	-3.428347
4.4053874	-15.473732
13.966851	9.000863
-1.6431315	-2.4029827
6.383009	10.044818
20.437359	2.0577805
4.81652	6.746402
7.143924	12.105996
0.8196739	10.264961
-3.2328117	-6.334327
-8.305492	-14.765198
33.864685	11.47895
-8.793382	8.702304
-7.6299677	-6.8469257
7.5639534	-5.7509403
1.4070902	-9.279977
-2.5359163	-0.4760126
7.0506415	-9.352406
-0.73473006	13.057114
-0.3039062	4.435497
-1.4712315	2.9503489
-3.3968537	-2.3313322
8.313608	6.7062864
-3.566568	12.464727
-0.6159638	9.057191
4.2874947	17.444315
-1.3954217	8.583828
16.450687	0.011901759
3.5883508	4.156173
29.821663	-16.10246
-6.0396347	1.1182772
-2.3879933	6.9287443
5.353771	15.660042
-2.6194127	9.567568
6.5486383	-8.058975
-1.7985283	4.7675076
0.71900004	-7.954001
23.884323	8.352804
-6.954233	-42.262226
10.346176	9.929227
15.016764	0.18416269
16.232595	-20.834652
5.1080523	2.0603454
-6.259219	8.017322
3.0413983	-4.844012
-8.220476	5.4361196
14.378038	1.5595136
11.837853	-12.156726
7.4570675	-2.0421414
11.368052	16.305965
-9.617134	-21.182573
12.830429	9.215101
5.151598	-8.634146
-3.0420883	11.135725
22.769377	-25.78572
-3.1109471	-8.5204315
7.6727715	5.3772693
-3.8001406	-14.68513
16.471924	17.16406
21.09779	18.302666
-2.5504878	-5.917344
3.495041	9.394264
-0.31983936	-6.5099444
-3.7314677	-10.4638195
3.499162	12.044692
-1.3194578	11.004238
-7.6521177	-6.5253825
-10.932178	-5.266438
2.3549309	5.0242705
-4.0770082	-25.35993
-0.59423727	1.2456858
0.30926478	-11.095937
0.86881685	13.981964
5.6713085	13.672708
4.3683453	-21.383524
-10.966182	-29.269802
3.70837	5.293093
0.040346667	-7.8985624
4.816677	-2.6745732
14.266665	13.073822
-10.260176	-1.7752175
21.815557	16.422068
2.4378564	0.3296932
-1.0090084	-7.515386
-5.704065	-7.957315
34.38637	11.482094
-8.29255	4.8812714
11.937202	6.0247493
-8.65677	4.3864512
-0.5736408	11.518581
-6.911987	-13.257748
-7.7887273	8.568301
-4.363484	-3.345571
6.034836	10.472984
-9.951208	-5.5203056
8.851081	-6.9947395
-4.9368625	11.566664
20.696272	-24.773674
-8.96931	-26.268255
0.24797028	10.404993
-0.6021975	7.4602747
-3.5372612	8.030481
6.005521	-12.227144
11.631304	19.211132
5.009099	-12.019764
-2.4537084	8.61018
26.417583	-12.953276
11.669487	-3.317251
2.7660067	9.047077
7.9590397	13.118501
7.1337476	10.04602
-1.1266549	-7.076557
8.217156	-23.453644
2.396235	9.599961
27.296991	18.826761
-1.5571035	-14.861677
9.50378	-5.919511
-1.0500286	5.976425
-5.388454	-3.133286
-3.9473433	2.789493
7.806208	-40.905056
10.68082	15.758743
1.2575034	-2.6123667
-0.922746	-29.586258
10.656631	-13.772987
-7.344863	-26.084536
15.905366	-15.466358
-6.080753	-5.1666484
2.752431	-2.739883
-6.6727552	-4.9394464
9.159124	17.465178
3.3303306	-9.808757
21.976597	-14.128738
6.397211	-6.514472
-14.927023	-6.709965
14.896284	12.107624
20.80924	4.0175223
-0.6754248	9.817793
6.9333606	9.023289
8.154867	-2.1516309
-14.223703	-1.8817964
22.588526	-3.173708
-1.6233783	-32.63131
12.106141	-6.485576
0.46881658	6.266147
13.1165695	-6.2925234
-7.2065234	-0.92009306
9.0595255	18.325804
11.308241	-9.435491
4.3270526	-11.850091
3.0279937	11.223789
6.3091	7.267569
6.5657616	6.71335
28.052769	18.222944
6.936644	-3.470771
4.2714105	12.084787
0.014812231	-24.980589
1.4580039	14.01963
1.0278032	-15.324077
7.102583	-0.22491503
-4.236866	4.9347534
15.8551655	15.005008
-12.686248	3.0780447
-4.3721566	-1.1240137
8.087078	8.849974
-0.5719984	8.888264
5.6178594	-2.652925
-3.738437	10.638418
2.4870784	-0.06367712
6.912215	16.865099
21.298819	-1.3820986
10.339851	-8.80693
-4.961921	12.821519
-8.002595	-23.95433
8.478714	-2.1086905
-6.5175877	-7.334173
-10.3889265	2.20741
1.5237571	2.7916496
15.725042	6.4675255
15.726214	-6.5433817
7.324275	-7.0786734
15.73703	14.479708
-5.4742455	-0.09369203
-1.47434	-3.1743307
3.8060784	-0.84220374
16.912985	15.196489
14.013635	16.409187
3.3300672	-9.117455
-6.0798826	-26.501345
-1.3671234	7.8727207
31.666012	-21.678925
6.9199452	0.50620675
17.386803	-21.073463
23.05349	12.492274
1.4386837	-2.9374504
8.329688	14.120943
-3.3543897	7.5548215
-3.2094584	-7.397275
7.5673423	-10.795396
7.8765	-4.28135
16.426483	1.5099988
9.493659	1.2428463
-12.508474	5.1177163
15.400713	-6.4948673
-14.464657	-9.516566
4.618244	-3.3223917
10.034941	-4.435176
6.1591444	-6.758104
2.976825	-37.512615
-8.399577	-3.3615837
4.481018	4.86791
25.527782	-7.7060466
-2.9116955	-10.433935
-7.462356	0.60004157
1.4829841	-13.072081
16.680155	2.0290165
1.8697038	-7.768497
-0.049696885	13.137047
8.686318	3.1242657
46.574867	11.298932
6.54461	1.1079919
20.654566	-6.930374
-0.30630738	14.165766
-2.0904453	-2.2983043
-2.8723598	-2.8338974
3.5904531	15.898163
46.73999	-19.823341
5.0365252	8.088654
5.249715	-3.8995328
2.2016423	9.036317
-2.3616564	-2.2337992
2.7386842	-10.719291
-2.065075	12.568428
-5.468173	-1.7532918
21.8835	2.0404367
13.206889	-7.628891
-2.2310815	0.02125144
0.8303055	13.425271
-5.3572197	9.409697
-3.5065904	-6.249503
21.023094	-21.556202
-2.3873231	-6.0759673
0.02342704	6.9674916
3.005536	4.6862373
18.763184	-6.7289863
-7.5755363	6.065368
-8.7569685	2.2828581
5.5973716	0.93465114
-0.7509195	8.217306
0.12587106	13.3768425
-6.367297	-0.19465339
-2.950255	-19.624659
-0.2406776	8.097842
-4.440276	7.2730646
-0.74665445	-5.770519
4.149391	-12.676651
20.558195	-15.031586
-2.9896145	-9.765954
-1.0205295	-10.332133
19.327028	-8.961058
-0.28323227	8.04158
-4.432825	-7.7790527
7.130528	12.4838
45.05561	-6.055666
8.599712	8.916622
-10.450479	-16.06856
26.470057	18.387472
11.9045	-27.641354
11.561423	0.74639845
3.205725	-13.318768
-16.875046	-8.116666
-2.9167612	-0.79650974
3.6549845	-13.008669
36.986553	-5.0442753
23.858006	5.9158716
10.334513	-4.462487
0.77758616	8.473094
-7.4193306	-6.945682
6.0657964	11.9613
4.382464	-4.3874693
11.239355	-2.6362014
-8.680606	-3.390254
-0.99750197	11.71364
-8.923976	9.305273
-0.49482518	9.109622
-2.8246253	7.989127
-12.783255	0.8781809
0.48212156	-12.842188
7.6096554	-23.937265
-7.1791744	-11.257675
2.4161017	-1.1923331
28.812283	4.374857
1.9221765	13.319573
9.191089	12.600067
6.757332	-7.3047185
-4.1870522	-5.8527446
21.781057	3.1259365
-4.2097735	7.6531186
5.911983	-1.9213495
-9.599705	-1.5682032
31.043167	7.14453
-3.6124907	-7.592838
0.45769796	5.5754056
12.598762	-24.91689
-2.834931	6.4293823
20.10014	-15.979955
9.968798	17.766722
3.8595622	2.6970887
39.37355	-14.247238
6.8426046	-2.9447503
-7.228764	-20.142256
40.251392	-14.979248
-1.3056717	3.5218358
10.161175	-22.030714
-1.6225636	-8.975603
2.1432695	-13.039036
-6.052428	-7.9414024
4.9958277	12.502089
-3.7944028	8.164852
11.761441	12.603934
9.318926	-9.920964
-3.183577	-7.9930906
18.58352	-0.57718843
0.26091915	-0.29706693
14.44234	11.415077
-1.3602978	-10.039722
2.2266161	11.175828
18.933187	-28.404144
4.1844115	0.11157377
1.859728	-3.5632365
2.3625085	6.3233967
-4.463786	2.530482
23.012823	2.414703
-6.4066567	-39.7198
2.5232286	6.576606
-4.501083	-9.558606
-6.425404	9.57309
9.600265	-10.602211
-0.48183808	-7.6262913
-5.8699474	-0.90625
27.640076	2.2263136
4.3216023	-19.446157
-1.2163548	11.113022
-1.3271375	-7.5074677
7.5404963	5.313677
14.68395	1.6403289
-12.164576	-13.307311
10.118699	10.29904
12.241531	-16.27862
4.5304556	12.143269
-2.8680108	-11.737793
6.1153226	9.714916
-11.406333	-1.4887288
13.442033	-30.64166
2.9444942	-8.474882
-4.672557	-8.144994
-6.6117067	0.32728207
23.274673	-22.353916
0.45241332	0.31157213
17.29664	-9.376499
-3.5130591	10.944221
-2.0418541	5.4575715
3.460461	5.991022
3.9438052	7.2723308
-9.333885	-8.165971
-4.1831956	11.299377
-6.5792513	3.4752474
-11.528566	0.6094599
-7.4040985	-3.5071738
-3.1812685	10.38072
1.4247651	13.434754
-4.0703554	-2.896063
2.0802338	12.513952
17.533163	-13.098042
-1.1958873	-3.7535644
23.543386	0.7959771
-10.87964	-17.33245
21.214994	15.700226
10.143384	13.482752
-0.0971871	-8.035134
-4.415436	7.6514664
0.4489938	-2.0625935
21.098377	-18.529
-8.062138	7.015218
13.348526	12.232137
30.352732	9.061069
-1.8701655	-0.42568368
41.692192	18.15584
2.8814573	-3.9131603
-0.32826674	15.105935
12.790732	7.6577926
6.3105216	4.6256814
9.2806015	15.780357
-4.862286	-4.869551
-0.03041505	-22.24364
-4.362472	-13.03567
5.7808585	-3.8558898
-9.956782	-2.1617124
13.615455	3.186353
3.14217	12.96046
-7.891291	-6.692118
1.0625904	-1.2921073
-4.84287	3.2455924
3.6456726	5.154301
0.16917388	-0.0019508898
13.7415285	5.6739182
-3.1297042	11.162059
37.598553	18.114101
-6.438802	11.764635
10.509831	10.969721
19.057383	20.092924
-5.057003	14.299303
-2.7984712	13.354232
31.748308	-9.727766
-2.6305733	-3.7742333
29.264349	4.786967
-5.2996936	-3.1081116
-11.062054	-5.6549587
-10.137076	-0.20202145
1.3951416	-7.04056
2.6272137	5.606185
17.719255	8.696196
-9.911328	-6.025534
-3.6023598	-9.174883
2.0057218	8.866553
-4.0048347	-1.5191035
0.7071403	-3.2137167
-11.492323	-10.134432
0.066563934	12.404961
11.547164	9.914938
8.261822	15.266785
0.4254576	12.013152
20.862043	-5.192418
23.509777	10.497335
4.5693355	-9.10565
4.092549	2.5623713
-1.3554167	4.4518375
-12.906469	-7.498239
19.854881	18.934498
11.0401535	12.478829
-2.8098557	13.666627
-4.3021283	-9.502831
-5.4137325	11.051519
-2.9615638	-4.0410275
-4.3065023	7.125682
11.070244	15.52503
-8.448688	8.468995
26.60795	-27.498108
7.882185	-7.5233808
5.708429	5.471692
-5.1132264	-7.638482
1.2529424	6.937971
-5.5637217	5.3504376
-3.984916	8.313265
-7.0463862	-9.604175
11.810243	11.820475
3.849885	-5.554432
-5.463963	-5.7737885
11.03781	-0.67368585
10.03785	11.622523
6.2720876	17.07027
2.930625	-8.451692
-3.0153768	7.134046
20.41964	15.537426
-4.65428	11.809032
6.9825788	6.1321764
13.71772	-9.450857
-8.807834	-25.229464
-6.3676987	5.039827
5.6944523	-44.181423
-2.1999164	11.784082
13.389074	-28.15489
5.443224	17.450727
-0.016217828	3.6364465
-2.516311	3.3347833
-2.9414024	3.0551689
48.69762	-30.718868
28.739567	-27.679527
14.74565	-18.699343
10.611441	-2.5158732
8.407613	-15.034236
4.378531	-13.407383
5.5244904	8.682969
-1.3333755	10.787684
-1.4794742	-5.13873
12.491181	-0.16759034
-11.173849	7.5664186
13.633326	10.46336
6.552185	-1.6177894
2.2322645	8.732223
-2.0203166	9.263476
-2.3780508	0.48816827
11.95365	15.095149
-0.8788983	12.865347
16.749762	17.103167
-7.907916	-6.7421126
-4.1927004	2.7480295
-10.457863	-3.9469082
-8.683731	5.0692935
20.35929	5.5831757
40.87541	4.952637
1.8405596	15.094388
40.830666	6.183369
-9.880659	-4.280765
11.59612	16.704782
0.4327924	5.356554
-1.4170256	10.959034
-3.8534582	11.434106
-2.4788933	-19.265326
12.564945	-1.2723209
31.084923	12.1255245
9.153263	13.905119
-1.8845493	-6.156912
4.405529	4.101652
-15.358506	-4.938577
-1.3782333	-20.36076
2.7495174	2.556918
21.776197	-22.3027
7.7357974	-3.416809
3.5483809	5.9333177
3.711362	12.800469
-3.1878102	7.0732436
27.106358	2.338415
8.871632	-1.7242477
-10.641481	2.0961015
17.738287	-31.815025
-5.2654247	4.576796
-4.389408	10.622869
4.6547337	7.5490727
5.6310606	8.450811
-6.291095	-8.83836
-4.429317	7.055475
-3.3696752	3.1923835
7.192883	-15.187133
2.1545918	11.440309
-3.1906161	11.167109
-6.45578	3.5377855
-5.713426	8.851404
3.4051385	-0.45691705
17.33079	-16.78632
7.287206	-9.374926
-7.9051733	0.6849469
20.896828	-12.972479
-3.9300413	-30.430712
30.483936	16.362457
10.151732	16.98332
-1.4807185	9.902443
28.231874	-12.040932
2.173515	0.38093817
61.404263	-8.032107
-3.846403	-8.377882
13.827351	18.302046
-4.088936	9.544951
-10.12741	-7.289259
5.242308	-9.323125
-1.5058987	-12.101304
-1.5056773	12.054826
-2.2216458	-0.2993543
45.940514	-11.187612
-0.81797427	-2.779495
3.1760545	10.315593
-7.123581	-5.441887
-0.27875602	2.4405036
26.410744	10.27931
-3.713854	-3.876278
-4.7947345	5.8069997
15.646662	3.6573238
24.965101	10.688489
17.636879	-3.7413006
23.09475	6.190348
14.38325	11.893015
-16.985723	-17.962008
4.5431237	-10.305086
-0.41794434	1.1403584
24.327187	-1.229742
27.580692	19.434055
6.351356	-6.5447946
3.696656	3.6714253
8.241946	-11.748671
4.667654	10.805692
7.306964	7.38463
1.6337839	-8.583464
19.603874	10.200331
1.1215487	3.6583662
26.374397	13.439772
10.3423195	0.97227126
-4.2574005	4.2362385
-4.192836	1.1121128
1.9825402	-5.1929507
-4.080528	15.423145
18.507961	-1.0369748
-2.6972811	-12.753097
8.86668	11.374654
13.765182	1.4343576
13.925189	8.00561
-7.796079	-9.367981
13.300205	3.3719308
5.2388573	-6.6203547
18.912828	-18.065084
-0.7501692	6.3966417
4.3620596	5.0757017
18.765837	-8.068165
-2.3762484	7.7951903
5.8767595	2.8646982
1.5856893	-9.839282
0.55984515	-3.3644755
22.934969	-2.4792905
3.6701834	-4.071357
36.590916	15.564993
0.24712434	-7.3443894
-3.5495067	-11.429179
-14.387632	-5.7709594
-1.28441	12.441804
25.349993	-9.408227
6.2282047	13.263749
-11.090581	3.1327338
0.46488744	8.711694
21.848179	-27.007553
-0.4294524	1.081186
-6.011344	8.3382635
1.4049402	5.9997816
6.2204423	-5.0078864
3.131754	-8.062752
-5.0252523	11.123412
9.398376	13.055157
-1.7589982	-4.4401093
5.203793	-2.7663376
-1.0097091	-4.6353536
-1.3353778	10.894445
6.446272	17.285374
15.225496	-0.19864434
16.372093	-7.7282968
-1.7246637	9.58249
-4.460844	11.13889
-7.160695	9.1628895
11.617023	-1.544452
22.523386	-29.642317
-5.598178	-3.5228148
-0.04681384	1.9344218
0.42951578	1.0585005
6.249188	-12.342087
-4.7997217	-24.24723
14.075579	12.040682
16.706688	12.966748
-12.355917	-18.164608
1.0369217	12.039775
6.2245502	-10.322412
4.9929314	8.361906
-8.811638	-2.3473413
30.799412	-2.9120364
16.22431	-6.8542786
1.3729205	13.165647
4.6542487	-9.729013
4.315465	8.028037
-2.0777075	7.4510098
20.153526	-4.285303
21.614843	5.628905
1.726098	-19.591635
20.19315	-26.422585
-3.2201884	-10.130014
25.958223	1.678264
-5.875702	-4.451197
-3.725665	-15.761899
12.167479	11.402218
22.565859	-18.591013
-7.751132	-2.9277797
7.2315125	0.9981363
-0.078475624	14.875715
24.948923	-5.0382257
2.0418673	-4.0688453
15.927864	12.811055
5.0715737	-11.721634
9.431723	15.466032
-1.7712914	8.080203
-4.4851346	-5.6452127
-3.9755707	-15.051148
-6.1206903	11.442142
-7.0752954	2.1923776
-3.1557906	-6.6695557
-7.5231404	-11.860372
20.36539	-9.242912
18.36974	-5.5031753
-2.1819131	10.187726
-3.2254918	12.982676
-2.8921423	7.3125143
8.693939	7.9865375
8.884178	-18.12813
-3.747335	-9.764433
0.75579685	6.9571795
-2.034394	-3.746358
-4.660832	5.0867405
6.9735394	-3.5975783
6.7048855	-19.892845
-4.7303643	-8.390227
7.714057	0.89408153
-4.5900683	5.3548107
24.931253	6.0974927
3.5273001	10.945337
-11.042211	2.2173905
-1.518023	-21.900267
1.975027	10.23847
-0.121178895	-4.300495
-0.41951382	-5.484668
-8.896673	7.4986916
5.9121737	12.156805
-3.7496364	-2.8117259
10.736697	12.841216
31.22744	12.425761
2.8017876	-15.141769
9.779286	18.683912
5.374062	-8.687047
3.985898	-23.060162
-5.1631184	11.269096
12.246434	-1.2949257
-16.643559	-12.0539255
5.0020976	7.7000637
-1.5690029	0.38915586
24.597889	7.1389647
-9.665775	9.498115
-1.2605928	9.281751
6.2822795	0.13107027
-8.400366	5.7806864
19.433617	-3.7761636
8.680935	5.092452
-6.0577	5.107732
-6.30116	0.08190314
-9.609767	-8.061949
-0.7735548	5.4691496
5.3341246	10.626694
16.947311	-15.7359085
2.1077414	-4.9221272
-4.2642207	3.1650825
2.9009235	5.2354026
-5.25026	11.143742
-1.9558876	-7.9494786
-5.036209	8.347303
0.9648148	9.162543
4.4968605	9.110592
5.293383	10.26635
14.977866	2.833591
-5.914574	0.00820636
-8.430201	9.467179
29.363092	-22.960949
-3.9370432	-16.7633
0.9296706	-7.194685
-5.114771	-1.7689149
-6.640818	5.9601336
28.44374	13.792228
-1.573905	3.935583
-15.322977	-5.3910837
-0.2769754	8.315765
-7.0446653	4.4841194
4.9014764	-15.966239
7.9141088	-4.921773
-8.582044	2.6383026
10.996448	1.3037598
2.763974	9.2463045
-2.7178528	7.095415
1.740521	12.878031
12.828618	0.80650437
-7.0555787	-11.157236
-11.983572	-6.007177
13.868585	-3.1626697
8.493823	15.5502825
-0.9203899	4.54276
36.278595	-4.04179
26.903292	-31.329746
-2.6813817	-5.6132326
-3.5919154	-18.826708
8.242885	-2.8280425
-7.7640266	1.7128094
-0.6116041	12.427369
-1.3995048	-0.10352617
-10.929449	5.9753256
7.811574	4.7023344
-11.990848	-14.473658
-4.709513	11.649482
-6.012145	6.628832
-1.984331	4.342655
-2.289492	14.553443
26.767323	16.153172
-6.0794425	10.95862
-8.950021	-6.3353863
9.469164	-4.3155384
5.7072077	12.919051
-1.5830657	-4.8579755
11.406348	-20.454277
-8.508961	-10.632204
5.138457	16.554522
38.33696	-35.249916
-0.5693259	-38.232605
-10.929723	4.686567
6.5812035	-2.9781177
2.363602	3.7303338
11.780911	-24.099848
-13.457901	-2.7151303
7.377812	-14.901005
-5.150368	3.6586146
11.247866	-16.800621
1.4877028	6.5653744
26.565702	13.360553
21.661129	9.313531
13.953709	3.541813
7.7767267	-11.510931
-12.171499	-12.548167
-1.2825885	12.563424
22.696938	-5.80901
-12.814924	1.9827988
22.833357	-2.364259
-0.44482893	4.6167445
-7.796281	5.7817087
21.85036	4.4886475
3.938362	10.988838
0.7695073	-6.2109184
4.5684304	15.051375
14.534764	-4.9124618
3.9610605	-7.823893
0.5858294	-25.160898
-8.20631	3.8936744
-6.8318844	-3.4779716
29.031649	-25.400831
58.196358	-3.654442
21.522875	12.74983
9.986323	-3.220369
4.3268104	-15.599327
20.647243	6.3167133
5.492472	-8.8468275
-1.2467504	-3.2965305
-7.332681	-8.196942
2.6708136	11.692797
-8.365576	3.6223383
6.5369515	10.927818
-0.3063552	0.24740455
-3.6202674	-0.81905097
-1.3226247	-17.614872
-10.60111	-12.291179
-7.042843	-5.5122766
9.738761	4.171152
-10.682976	-6.6091247
-0.23207998	-2.1654966
-3.2780094	-38.934185
16.86274	-5.000266
7.6931767	0.9610342
12.1871395	2.5331013
14.703041	-7.952517
-1.707399	13.241383
11.34852	5.87866
8.525447	8.959712
16.384686	18.877003
1.6045793	15.626732
15.210809	9.32679
9.391762	-10.540498
6.77831	-20.116276
-5.2054043	-4.88195
17.121412	17.024805
-4.6645527	12.260466
-5.631371	3.1627955
-8.329345	-2.8295019
-8.579851	-11.788943
9.141917	10.685187
25.509422	3.1737874
9.637987	-9.616378
1.5350672	15.11495
3.4778967	-3.2556295
10.597941	-2.129086
-9.934268	-4.5799146
43.198475	-4.1682644
26.982056	4.430331
3.5621552	-16.330742
45.98293	15.184619
0.49605206	-14.140673
-5.973309	7.208346
1.0899258	13.728434
1.5509057	2.1277657
-4.2400756	-5.5138464
6.223515	11.61989
28.356936	4.522064
-9.0730915	-2.9268036
-10.355559	-4.812448
13.468512	2.8314354
32.16783	7.416828
35.23338	-2.9739633
-8.841744	-1.57266
-12.290878	-13.042496
-5.3740206	10.496506
26.12452	14.987904
34.86755	3.2380521
8.003983	2.8202322
60.397808	-37.987503
-3.830943	-10.874688
15.021055	5.420547
-7.124105	3.3053637
27.168812	13.5360365
4.0458746	-7.312426
-7.8470306	9.427718
5.425449	-4.0124564
-7.8959465	-7.0438776
20.141975	-33.380974
2.6335838	5.2174354
2.692421	-19.76773
9.401344	8.5647955
-7.665825	6.7716937
-4.9079485	3.750293
3.5568972	8.099131
-10.804504	3.1825287
6.5824885	-2.9032018
-9.789982	9.3371935
33.082287	7.4996724
-1.239248	4.901814
-8.611205	2.5671134
7.7596083	-3.9712136
0.35203016	15.365254
-0.92147946	2.2788856
-10.516553	-17.285835
17.655066	11.194166
-2.925975	7.0967684
-14.295754	0.9226109
0.41010684	10.0325775
-1.0118424	7.9135685
-11.907758	-1.3942113
-13.470098	-14.998271
36.426357	-1.4522688
1.9819531	1.5057019
-14.582818	-14.809283
24.590439	-3.0405498
15.037727	13.073488
22.691933	-4.1411037
-3.2480404	3.08481
-4.079065	-0.5939391
16.04857	9.528643
3.2705996	6.545663
-0.55207026	1.099648
5.8922386	12.76185
1.0169429	-42.37461
0.84459865	-0.35508037
8.206999	2.9512024
3.7943935	-13.8757925
-4.771799	12.314452
-5.3263197	-8.337733
7.1090894	15.252938
2.8387504	2.0450513
-4.114059	-13.646591
-0.6705487	16.121593
0.5375357	2.904717
10.209318	16.218805
-8.614319	-1.2793238
6.8998046	-13.7320175
12.476411	-13.258922
4.8042307	5.872387
0.07703942	4.930874
39.686966	11.089158
7.3028793	-14.539726
15.141636	-18.16224
3.0744712	-19.718628
16.908358	5.1451435
3.6130943	0.9392727
-1.9717486	8.039097
14.908493	-1.2234409
-1.044754	-1.6739988
9.391406	-20.21885
-2.7502532	7.0607295
1.2068754	-12.814664
21.574608	-12.66908
2.5971859	0.45672962
14.640185	-6.5994043
4.0572405	15.727566
-4.9605527	9.778368
-2.1484873	7.426979
12.830391	13.106991
18.589111	-24.790588
2.607712	12.047457
7.179453	11.829467
1.4158416	-3.88723
18.273994	-19.06952
-12.769003	-2.976036
14.164669	12.2301655
7.0466075	3.6265478
9.481921	-2.9294624
9.498649	-16.754488
5.509907	-1.3295791
-5.7192445	-3.9700296
-3.989252	12.289428
22.726	9.795327
-6.5303373	-19.502716
2.2655587	-2.5132384
11.656289	11.529567
12.89064	-6.0471973
4.8656087	15.871393
3.89565	4.095498
17.479116	4.8302174
18.051834	-4.0188704
-10.750398	-1.3567096
0.9805917	-9.589497
-6.772439	-4.600072
-4.920937	0.16386187
-16.516283	-3.6023514
-0.35090154	10.449945
-3.8751423	5.887257
-2.7839293	7.6849093
32.187744	2.878144
3.6671593	-4.0834703
-15.274269	-7.556855
-15.142326	-6.9728756
7.787903	-12.794848
-5.118753	10.862066
-6.2808194	9.0849
-0.5461744	1.2669218
29.512495	14.365867
31.443745	-16.804611
-4.760448	-1.2070218
-7.531856	7.9071865
18.44687	-18.28666
-12.871612	-6.7150855
-0.8963418	0.22760418
15.897104	14.753432
-11.52143	-6.2066965
21.986383	-16.342491
-1.2452235	1.0695465
-3.3299298	0.34791887
15.278526	-9.574266
2.7299807	-5.511107
-2.999005	-20.245289
7.8337407	7.3692985
-0.4419909	10.3438425
0.07300305	-21.814116
4.454528	5.8558745
-4.378917	-1.2900379
-4.3180013	9.058939
14.900959	1.4730048
27.802816	-3.188387
28.090544	-15.539024
6.196462	13.087905
-7.310732	-18.562355
14.350916	3.5030212
33.287025	-1.1149782
24.06306	12.675852
13.40916	-13.763612
4.9899244	-1.2732292
4.086946	-8.23546
-7.7256627	-8.670836
-9.614694	8.072958
10.486513	1.1641189
4.391516	-6.888397
5.797878	6.310474
3.415029	14.890259
67.876076	7.7312045
-0.22934756	-4.523066
-4.5458198	1.2083824
-5.8225975	1.4975028
-9.033022	3.5340877
0.022666246	-3.965916
15.2343445	4.0937805
4.9436207	-8.631033
1.8562322	-10.168605
-0.15985191	-1.8520143
-1.937594	-11.798758
-3.9992414	0.3714972
6.129856	-8.161029
25.501886	-21.858105
3.0335772	10.763485
-0.4181526	-4.6310472
4.388133	6.1266713
2.442714	0.16227855
1.8424112	7.7682066
9.845647	6.6473923
3.4971366	-14.562168
-5.253237	-11.648497
1.9011344	-29.77819
-4.7463007	0.5487474
7.5139647	6.092265
9.48935	16.978876
-1.409528	-2.111414
19.817984	-5.0095806
0.2385369	-7.501289
-2.6869433	9.331067
-7.8205595	-15.012099
-4.817664	-6.9695864
-6.673933	1.6378192
-7.8334856	-1.3173162
-5.9001412	11.394693
-3.7913713	9.904991
-1.7008675	7.46705
20.195353	-18.930721
-3.2113822	-4.493773
9.823927	16.038708
20.190783	-26.846447
45.734043	4.452781
-2.7859516	4.8475227
-0.21760538	10.06365
-5.443795	-10.421428
43.183678	-19.086937
10.05607	1.8709205
-4.2956944	-13.105429
34.719288	-18.122562
2.5918722	-1.2213335
-2.1162217	3.0505645
-5.0077047	7.484779
43.14213	10.379307
-11.789467	-3.7646928
1.878047	9.582605
10.5832815	16.619364
-9.984507	-4.5884233
7.7685547	-1.4300673
11.32188	15.699061
3.4444194	-19.590105
-0.048877954	-9.620382
-2.9496057	1.1827275
4.188985	8.377763
-5.499564	-2.32684
4.822193	-2.741893
-4.440134	-8.245894
18.22983	3.3606985
10.973464	13.020895
-7.992389	11.560648
1.7769568	-3.3088663
2.7647238	11.459185
-0.2211495	3.9943366
5.433929	6.1760173
3.38723	-1.457116
-4.227701	-8.616145
12.490286	5.0683684
13.03066	-32.64331
8.896747	-9.4072275
-2.9397964	12.025658
-4.3155556	2.9630747
9.579102	8.155011
5.9776244	3.3506966
16.500607	-6.2752714
-2.5057833	8.445234
7.573364	8.232079
6.88822	-9.407573
5.798707	1.7128912
10.952492	13.816098
0.92615205	5.2924666
-0.74023175	10.270823
2.059857	9.128391
17.91531	-12.0967455
3.9857807	9.089179
21.51277	-39.994686
-2.563695	-18.033989
0.7379059	-10.931764
-3.4051774	3.9176617
6.015389	2.5353496
32.79645	11.789001
6.3930964	10.256744
-6.7851377	-15.262642
-12.086176	-9.140749
3.492151	-6.298415
2.9138129	1.4118638
5.132801	-15.959669
-3.403307	6.3485065
11.631247	7.959586
21.378277	-17.166592
4.9580445	8.552124
10.908529	12.624367
18.987259	-32.560738
-6.033098	1.8232274
19.992046	15.38811
18.100534	-51.584538
6.9341903	1.9444408
12.369232	8.621313
12.189998	-18.476046
-2.5723467	10.389041
9.529576	8.548402
4.970261	6.810054
1.6134914	14.570414
3.7205424	-27.567112
-4.368608	0.25458437
-7.561752	6.258558
0.8244687	4.9175076
-1.851057	3.6205387
0.0750159	11.577536
-0.11631689	14.613638
1.9282866	0.85251236
3.4859705	7.7666445
-2.1505218	-0.98965174
3.265706	13.143723
26.717842	-14.797298
5.3815937	1.0929848
-14.79594	-0.36383945
14.922521	10.967767
3.3577213	2.0361507
-6.0800967	-27.536428
-9.112359	3.0329285
-0.9181374	5.9806576
-0.10602561	-3.3144546
-2.1401823	15.3874855
11.283039	16.411276
24.742199	-9.648012
11.926338	-14.602495
-1.988045	11.474797
-1.9149898	-9.581463
0.07876006	10.495351
-10.559589	-34.336536
6.7744417	16.25366
8.767379	8.841806
-10.074657	1.870729
-6.8440356	-15.841047
4.2118006	-5.0572276
-2.11162	11.315502
-9.068688	4.003301
10.097452	3.147562
5.5899982	2.0135896
13.615904	-50.110878
3.4757135	0.60940343
-7.552422	-4.8090234
3.8105931	-5.0814977
-7.190072	11.543945
-2.3185112	-0.9270144
1.8499322	0.39353105
2.954663	4.6548796
-6.730347	-1.298713
-8.608396	-3.530904
7.7990294	15.203745
-7.071109	-1.4359087
0.7709023	15.247953
1.2050878	-3.2085385
14.487718	9.417973
3.725574	-3.4925678
20.89924	9.501957
15.635147	-30.388653
14.193912	10.054138
12.091691	-3.6236093
-3.1120589	-6.0176454
-8.365431	11.682005
-2.9684262	13.698067
-16.211027	-8.848994
13.359748	5.096226
2.6976213	14.949291
0.7553276	-8.714142
-1.3478124	15.117229
19.098663	13.134335
3.5356796	-2.2357638
-2.6336405	-1.2166064
24.473125	2.2984514
9.124065	5.3747563
-1.3375299	5.498193
11.272328	-6.3911433
-1.1011502	1.6003704
0.33835554	-6.3075976
1.2727275	4.683373
-1.1496978	-10.251287
5.656106	2.9202526
4.5076766	1.0059465
-1.4377551	-8.97884
11.933404	8.545942
-4.6623387	5.614489
7.5089273	14.076044
-0.96007484	-12.347651
-4.201704	-5.1018486
-0.58264756	-1.7743597
-2.4380062	-7.7973633
8.228371	-1.8390553
12.121608	-3.1045
-3.688854	-17.124632
10.85854	5.1929245
21.440254	-26.431602
0.2884023	-20.024912
-1.5491292	-2.0595305
23.098738	-30.404657
-7.1049576	1.2500751
2.4702969	-13.393571
4.4236226	3.3410575
8.31957	5.1645274
5.172268	11.7760515
16.55527	12.664714
-4.055252	8.368328
1.797884	11.18046
0.5874258	-0.33113745
8.567883	6.191247
-5.6969304	-27.001875
2.921362	17.014212
-2.9205914	6.693083
-5.596505	6.914961
2.858558	14.739013
15.215958	4.011304
16.19162	11.424161
-1.5843667	10.801523
-4.143009	11.573526
2.48406	8.176385
-2.7078624	-11.085758
21.447735	13.508535
-2.625518	6.499086
-8.685463	1.6716691
-3.8641398	10.708774
-4.3969555	-8.500552
7.6345377	5.9435153
14.847969	-1.7912138
-9.606486	3.2759051
3.9436336	-3.9392078
-3.3694701	-14.725168
8.177355	-0.2751732
-1.4615079	9.953727
0.3414964	5.522381
-1.4313359	13.730926
-11.138503	5.044666
-3.3674626	-4.790372
1.1802016	-16.9331
0.20144671	-7.164764
-3.4935973	-2.7546628
-0.5989542	1.407085
10.244909	15.320977
-6.360596	-2.1548638
15.433357	-18.452911
0.21487606	14.464722
-2.2815871	6.12368
1.6005545	13.977747
-5.7963142	4.4270716
-1.3320271	14.478375
-7.879809	-3.1088207
11.432404	21.362799
7.3712597	-6.3136
1.868727	-8.494015
9.293592	15.401
-0.31490055	9.022394
1.5878875	15.655053
3.3704226	4.7864094
5.9799714	12.076675
-3.909576	9.048112
7.3812304	15.227078
0.58747184	-36.03273
7.1090813	3.6588328
8.869893	6.8061028
6.976303	10.917894
14.696714	-13.778316
-0.86788785	16.094135
26.709202	-8.156622
-4.978129	2.430448
25.237803	-12.419988
13.283639	3.1609104
6.2473855	-3.131937
6.4040256	2.5305247
14.755362	5.622343
8.120098	7.310088
31.76503	12.599331
-6.2366366	1.5077103
-10.966382	5.190218
6.015771	-6.7891493
16.10925	-1.302227
-3.627135	9.286154
0.77621293	-0.6236849
9.99174	14.798963
-3.194948	11.903435
-6.9767656	-23.458174
21.517939	-19.889875
14.264794	12.607342
-0.38281164	7.899141
-0.41619682	14.738107
-0.87795573	-3.6915627
-2.3213334	-3.720623
2.8170717	5.486772
3.9865634	2.859976
3.652783	7.6044645
-2.827258	-6.906692
44.161533	-13.192599
2.391659	4.0715322
16.5295	-19.8749
1.4893825	-1.5260234
17.449268	-12.049029
6.9541492	9.04284
-12.086235	-3.3630009
41.148544	6.497955
7.685115	-6.6913805
-3.757414	9.568407
2.5518777	10.769195
-11.192466	4.4680815
-2.243298	-7.9621534
7.0294433	1.1503662
9.84025	13.256294
7.072843	9.920192
-4.446742	8.7886715
-5.4981246	7.9874783
-2.429609	-3.744604
-3.0966263	-0.24911185
13.475333	5.397198
17.853655	3.328593
-2.062514	-15.885479
19.649279	-20.44466
-3.2092466	9.827442
11.75792	10.535889
10.462339	0.49648046
15.158838	-7.2535014
13.046633	3.6622827
-5.6593747	-6.2256894
2.5909052	2.3835268
-7.844936	10.458812
7.469452	-27.00083
-0.5137318	-13.731217
18.359634	-16.549366
21.796148	16.490053
2.668256	10.775953
-4.0630975	-9.825134
0.62986565	-1.3510047
15.352845	-13.706837
-1.2857143	-17.297697
-6.9185085	-9.379738
-6.7310286	3.5885842
-5.3040504	-10.499913
-5.690128	-7.27874
28.268066	-32.060947
-1.9015949	-2.2210767
-5.228569	-5.4563093
-3.6382918	12.269213
-1.6270158	-5.1704535
-12.120407	-5.016047
30.135435	14.061912
16.03622	5.0328465
2.5534575	2.055565
-8.533503	-6.459373
5.2976108	-20.989372
11.536342	5.4459305
0.8019568	14.64612
0.8353815	-12.144711
7.902915	-1.865235
-4.050928	8.433147
-11.015252	-14.124737
-11.219824	2.9367137
-0.46218544	5.5128984
7.9215918	12.211262
2.5132847	5.230326
-8.724296	-11.770958
-4.787735	-17.784584
28.30131	15.358798
1.0260726	-2.5239966
10.586121	-17.224043
-0.34610912	13.119483
3.1559045	10.819066
-8.418143	-10.262168
0.3410371	13.841396
-1.364716	-14.00541
-0.99669456	10.296243
-13.255412	-2.1224658
-5.7144775	8.011152
-7.196233	11.855298
-8.407594	1.585492
2.2849796	-29.902376
30.14045	19.89396
-2.1869624	6.0420513
4.359976	9.376782
25.007278	5.144566
11.090985	-29.846493
-3.3857627	-8.561441
-9.026545	-8.349244
-12.750442	-7.2779207
4.9808946	-19.769363
31.081903	5.9940248
-1.0501333	3.8653598
4.5439286	10.052694
3.1533022	6.1888885
17.778986	2.9206488
-3.6966991	-4.8261757
4.295789	-7.030315
-9.495919	-25.745218
10.282131	-15.000057
-1.7369267	10.225147
11.233859	15.749107
25.79837	-19.463919
5.6684833	-0.119101286
-7.1178155	6.386403
-0.97724545	-7.3537807
-6.185311	4.6857767
0.21493411	-15.455076
0.72940063	-2.3459418
4.201671	6.3306365
-1.4780887	11.939261
16.80203	-23.6917
1.6951407	-21.942263
6.1991167	-50.449318
8.1401615	8.237001
-6.686044	5.8686376
15.827369	-49.978977
1.4657934	13.034235
31.694832	-2.5182703
31.840649	-11.972944
-2.383397	11.955804
25.657084	-15.971831
-9.898641	3.1637886
-1.983512	6.6979623
-9.485028	-17.463068
-7.82364	3.5875814
12.913132	18.852259
0.81801605	2.3211818
-1.9765198	-16.879108
20.791027	11.980034
16.96782	-19.984678
0.8580421	-13.91954
7.1856823	2.7863843
0.52084446	10.502385
-2.7134283	5.277435
-9.388033	-6.884568
-8.141088	-1.9200982
0.710493	15.46333
-11.819614	-1.0348598
27.103907	-23.290281
-10.366039	-0.8457078
-2.6399999	6.303235
19.554483	-26.320549
-3.1988304	-22.08414
-4.173173	-11.505777
6.3534136	14.834466
-0.061201483	9.899726
5.1235847	-32.89838
0.5384555	4.5434566
-0.104666226	7.61576
12.385924	5.5325685
25.685247	5.1644
0.61020315	2.0961275
7.94009	-0.8554122
-11.547722	3.5325131
-9.69928	3.0804172
16.599524	-4.564136
-9.558056	-1.9996245
-4.61577	9.295648
-0.67863613	-2.9082499
-8.341644	-6.8306446
9.665908	9.391641
9.378127	-3.0824432
5.8886175	-16.210741
10.46903	16.714714
-8.721034	-15.717404
-3.5226247	-6.476823
19.871788	12.64229
10.274873	-6.923338
-2.302902	0.46700725
9.448252	-23.503258
0.6054417	0.73163015
-2.5632882	-10.888858
5.2128124	9.639218
-6.1133504	-17.77179
-6.4494057	-25.710094
0.14461578	11.428105
9.5264845	-14.263181
-13.916889	-1.805072
2.5709198	5.2623158
10.349178	12.102608
-8.7906685	-21.352001
15.944806	-46.86682
-4.0265203	14.11418
7.962261	6.3533983
4.2278957	-14.976658
5.2810183	7.2047033
10.765297	1.2248447
22.204704	0.7801803
40.699615	13.157533
0.3850603	-7.1023536
-2.4027088	-9.177067
-11.470264	-0.28458253
-11.540568	-3.3492935
3.16383	9.024611
1.2856445	-11.403745
5.6574087	-8.118633
-3.2029762	-3.8223321
-0.7695214	13.190416
-6.679534	8.736893
19.449936	-32.46082
4.3466854	-3.5703616
0.9379511	9.364847
8.738243	-6.0038786
19.014366	-1.5219069
-6.668821	-1.9704105
8.443899	-35.832832
4.5640063	-4.1204157
25.763071	10.767591
7.4323206	11.604398
0.27937207	-0.58947164
-1.6680013	2.888872
-4.2348914	-1.9713928
-1.182845	0.6324476
-3.9124901	-17.993092
-12.691167	-14.441905
-13.150582	-4.553444
-1.0365798	5.089615
20.018612	4.0913076
19.441437	11.244493
29.328806	-10.102846
2.859322	7.389826
-6.2098145	11.6545315
9.56976	9.7905035
1.1036286	9.210603
4.493574	7.914981
11.810879	-16.118732
-11.859029	-17.655775
16.01727	-2.8002062
2.9486132	13.152072
-6.8820567	-0.46851027
-8.114218	-10.502454
-1.6331229	9.632276
15.990969	-5.5890846
16.435936	-12.606943
-1.2234795	-0.07751274
3.4030037	6.233591
-1.2462549	4.1455717
-4.5973616	-9.575247
-1.6549991	12.358646
3.4162705	1.2032578
-8.078222	-8.38359
2.2133749	12.625287
44.68114	-13.800504
-13.039549	-7.6020904
-8.282119	-15.116162
1.6022085	1.1707515
1.6641042	16.72052
22.55421	9.331631
-8.197318	-10.962328
-2.01159	13.758085
-7.4644628	6.6678863
-10.070115	1.7637386
30.982506	-8.424424
0.46681806	-5.797788
1.6560183	-4.9689894
-0.96660066	7.71895
16.483704	4.3862486
21.067701	6.6118245
-7.1161823	10.604554
-4.9482584	-1.181897
-4.3576617	13.967204
2.3632748	5.310986
43.72591	4.964201
-11.973071	-7.850769
-2.4880047	9.320714
-5.875478	3.7785378
-5.043017	-22.39328
4.0600123	5.650063
13.004259	-1.2425215
35.438633	-1.1130991
2.5008647	10.374008
-2.8597593	9.362749
20.38752	10.292877
30.353355	-45.781914
18.73729	3.5230665
-9.457232	-4.633521
-12.854146	-3.4258473
4.0493093	8.164954
9.06975	-36.17224
-10.806009	-3.8329897
6.177517	5.4547787
-5.3258142	-1.0120301
-8.123693	8.530701
-6.4767323	6.3202534
8.018606	-12.994822
14.512873	-3.7901897
8.556443	-21.696817
3.903604	4.5360913
-4.62684	3.7922657
-1.4908334	6.4012804
-4.4332876	7.144511
-13.484413	-27.444466
0.54944587	12.911174
9.863727	11.749325
-10.513988	0.97241235
-0.49523294	8.195475
3.4964843	-8.255549
29.580397	-14.2635565
4.8772492	-4.4681377
-3.1087375	4.7967157
7.0256076	-9.098143
11.381659	-3.545165
-1.0779955	-10.447538
4.693856	1.7116818
9.841149	16.918598
-0.3509336	9.257128
-1.4984486	6.8078794
-4.045579	-10.544707
7.119354	-4.8184648
-7.2375736	-3.556403
1.4889307	12.429468
23.980753	0.9937184
8.156343	-16.447514
0.117788285	-29.54421
15.029952	-16.831839
-0.69284624	12.892881
2.80372	14.865871
-3.00504	4.6019316
7.199383	10.635071
32.44204	-25.855091
12.658031	7.821705
22.613153	11.044632
23.302021	10.437182
-11.043222	2.275603
-5.4486403	10.779181
-2.6869187	0.74994874
-5.6971016	9.398557
24.148834	12.774086
5.548635	11.998535
-1.4264891	8.071268
1.422738	-2.345803
-11.183039	-18.71298
11.415952	14.77879
2.3523064	10.96433
16.093914	4.2313385
-4.782347	-0.67194974
7.025972	-23.657219
11.805229	-8.243535
16.1315	-0.60921884
4.00724	-11.5022545
-6.4382706	-12.813727
16.512783	-9.526197
-3.7324333	-10.706054
8.965365	-7.4282403
8.223334	-11.116465
29.201305	8.083153
-3.201716	-1.0684261
12.550541	9.008917
-5.883326	-11.25994
-5.7797704	-1.4146037
0.10455875	13.175771
3.9936662	7.464402
10.389952	6.9795847
-1.3035082	-11.741043
-5.0535383	9.066515
10.845378	-16.617756
9.908821	-21.646446
52.55171	-50.0325
7.743759	7.787245
-2.9522226	-12.093687
-0.38356042	-12.007066
18.655933	2.0106423
-3.2364917	9.739112
7.0027013	10.687535
19.02308	3.6230834
-7.551813	-15.839359
11.091421	-4.772436
-5.0853095	-4.8581133
-7.8593626	-14.404976
5.0105867	-9.830792
3.1590495	6.4982185
7.440492	10.028738
-0.8058599	-13.94289
3.054469	0.7372136
-0.62844145	-3.6651688
4.9452367	11.608564
0.7089861	-7.706022
9.060058	11.771451
-1.1556854	-1.4356222
27.73392	-7.9618793
-2.3290353	2.9860487
-3.9673927	9.33472
-7.3785706	-17.590673
23.71653	8.9918785
5.076037	13.572588
-9.994162	11.465888
1.6373074	7.4841523
13.494354	-11.091417
-14.083147	1.3204147
3.2164507	15.718956
12.465414	6.8001275
-7.7554235	-9.558701
11.174236	-10.242482
-5.198094	-5.5200152
-6.135634	9.253758
-1.0687206	7.628185
-2.1590142	7.4475193
-0.5800396	9.089961
9.26432	-4.0895553
0.032995693	8.972561
0.9320979	-16.38324
14.684917	13.551887
-8.640805	-5.3687506
8.286579	-4.480463
27.987438	13.995133
2.9011352	-14.574265
13.568964	16.471931
31.365099	0.049663275
-4.72389	-29.392586
45.72318	-55.134647
-6.519825	-10.516504
1.3168254	13.386477
16.619625	-6.6656017
3.969623	-1.1651789
3.8479145	13.676867
4.7647014	-8.151353
21.554922	-46.354996
10.971631	11.783209
1.868602	-12.296137
6.356842	13.097141
0.9695474	-24.188429
0.78669727	-8.688092
-3.5310318	-16.940844
7.7373376	12.34776
-8.036043	8.914194
6.8173456	-9.880924
-1.7248038	-17.866533
12.936727	-7.899433
-3.8580737	11.180574
8.302261	-2.777755
1.7573559	-3.998324
-2.5413775	4.166337
-6.2210407	8.147535
11.033912	-7.1042194
-0.071505725	-4.537707
-6.781676	-0.37825805
14.080082	12.293858
-6.2841334	3.19423
13.095164	4.889654
1.751674	-9.7785225
-11.988641	-13.345366
-7.424666	7.5705776
26.065353	4.708924
-3.5914176	-14.872244
50.64123	-4.385402
-1.1539853	-5.016747
-0.8465638	7.825763
11.507303	9.653088
10.873303	-0.26618618
-3.370203	0.17295381
-0.5930407	-6.717908
31.150692	-2.3981938
9.639488	11.591765
1.4282054	13.465241
5.4854827	11.092126
9.10021	-13.571723
11.526363	7.3816113
-10.652654	-13.122267
-1.3381342	9.034527
-0.04886751	4.701359
31.542213	15.846439
3.535592	5.2581863
5.7614846	4.393504
-5.1959114	-7.083055
3.5122938	12.733055
-4.6772094	12.989963
-4.47135	-15.4428425
-1.0861882	-17.32814
-0.46961853	-8.3473425
17.409473	7.201967
-9.187915	-14.627177
5.11452	7.9774265
2.5477872	14.101993
0.4783997	12.88338
13.890976	0.0113064945
11.82774	-10.171374
0.7761289	7.4542084
-11.753169	4.426212
-1.4439381	6.7237606
6.5553384	4.6174197
17.594763	14.725682
31.21537	-15.168453
1.2005907	-4.573173
17.315023	-21.983929
32.870014	-20.165253
-2.42441	5.783933
-14.580136	-17.542593
-13.505883	-2.154524
2.609796	8.288475
-1.1702385	4.981734
0.94882935	6.6697426
11.7431555	6.574938
-0.44647205	-49.530426
7.9124613	12.610425
-7.7289577	-0.9855934
11.36152	-6.867487
27.60089	16.746365
4.265352	13.003997
-9.488927	-15.432385
9.33079	11.18322
-5.4057074	8.350147
-9.901762	-15.644005
22.618967	8.412996
32.2107	-45.60409
-10.591362	8.218274
18.909407	12.821993
-10.120733	-0.058338776
-7.9924793	3.3201635
-7.389879	-5.5591707
7.8199663	-4.929111
-1.7719576	12.228664
11.425484	13.54718
4.0568733	2.3122652
-3.5630913	10.637079
7.5557785	-16.660992
4.050745	7.8034153
1.2303416	-4.2532988
21.024797	-19.89517
-4.228661	8.138744
3.8771794	-10.345723
4.3947396	-12.787837
-1.0606818	1.9031143
-5.205217	9.336967
50.43769	-65.3604
9.527945	0.7633333
9.917311	-16.326372
4.9313617	-6.7066836
-1.0772308	-13.080952
7.832297	-38.100864
1.4472007	12.437028
-3.1434615	6.779831
-2.7743065	1.7893598
0.6401646	13.561912
-8.869395	-5.339898
17.88393	-26.240278
-12.061268	-28.369036
6.272189	-3.1625671
34.895844	-17.786581
-2.8567932	8.871207
22.022804	17.423903
-8.431337	-4.745705
1.1332176	11.199944
24.238663	11.09313
8.62225	7.546286
43.81649	-1.1307648
21.798517	18.548138
18.682133	12.04399
-7.3650856	-4.8738956
-4.966427	-1.0155678
29.307106	1.6417255
9.012345	15.8586855
16.726263	-0.59229314
11.97518	7.150464
-10.176617	4.1603737
-2.2571268	-1.4159564
28.26472	-10.428811
10.471178	-4.282158
-4.870915	-11.164579
-1.9388332	-11.13455
1.838134	-4.514707
29.364798	0.9501413
-3.7487721	-4.689053
4.032526	5.387481
20.220654	-22.547367
-2.9411283	-19.217382
48.33433	12.646012
-5.651659	-3.5568311
19.49693	-4.6536875
20.133282	-1.0127952
-11.455408	-6.949895
13.8983555	11.523714
4.180232	16.252895
-0.5738561	6.5104723
30.271637	-25.57595
10.422897	10.881638
40.351288	20.340351
19.144585	13.06506
-8.294781	-9.323773
11.890617	3.779868
45.343063	-9.525355
4.116047	15.465178
-14.242745	-5.622296
-4.052168	-9.085799
19.021719	10.7796135
21.629469	3.7882361
15.433142	16.21812
-5.914951	-9.401112
5.314661	-10.260385
-9.6406355	-1.9299409
-1.2882038	11.315436
-5.595952	9.053667
-9.28464	-9.294417
-1.6236523	1.2182636
6.6161923	12.43923
4.6779437	-8.32044
-1.1279721	-0.93543833
19.929678	15.280228
-5.2072554	-24.216093
5.8745933	2.7880583
25.199102	-13.97163
-6.473106	5.1144695
5.09878	2.0869606
12.923283	8.169544
14.028456	-20.459349
9.318535	-3.591804
-5.7541156	-5.767857
2.6787226	-0.17460132
22.66674	17.767864
15.689604	-1.8663117
4.3550525	17.256784
-4.5150256	4.2097383
1.8151675	3.9115946
17.307713	8.667141
-5.27785	-4.4489346
6.1222725	12.505861
-0.7173947	-6.598504
21.667439	-8.184429
-6.9441986	-12.956567
31.332504	19.195915
15.268007	-10.364249
-16.460756	-11.469953
-4.9332542	-12.431785
-5.502818	-5.1989856
41.11962	-17.81211
-0.38598406	-5.6465206
1.2292564	-0.4330762
-6.233767	12.570029
-1.5245527	1.7606598
6.772338	4.6082973
9.829679	-4.499319
18.753908	-22.93584
-9.959879	-2.4521775
-4.982985	11.082936
27.064539	4.7424765
-6.6923904	11.425713
-11.381852	5.893792
28.654335	11.280691
-3.4502313	1.5336767
7.24818	-20.342968
3.478998	10.5471525
15.408115	-2.6657996
6.651347	-5.0052347
20.772022	-25.07232
9.711668	-7.3373203
3.2425942	15.996931
6.878203	-8.490817
-2.9578066	10.827926
36.903564	7.259557
-14.893536	-4.985387
-8.738971	4.7888703
13.583857	13.882975
-7.1044965	-7.670607
12.548475	-1.6005455
-7.065259	7.898508
21.768072	-5.4075212
-1.6826448	6.43283
-4.1357274	10.91434
-3.4936686	-21.396263
-6.1212845	10.269373
-1.0308666	8.216854
-4.2294726	-7.3031735
12.409018	-7.3238215
6.712562	16.61632
-4.6485763	-4.9423747
-10.622454	0.7755228
-6.05768	9.290475
37.62718	-0.90882444
-1.7369988	-35.167797
30.33787	2.077644
4.151631	1.6344242
-1.1478808	-4.6388154
10.434795	-15.447682
-3.46614	-3.9788547
4.1726756	13.611109
-2.8688095	-14.128288
30.570656	-16.595455
3.9617841	-18.579481
-0.9773432	-16.072014
8.801374	-13.8217325
13.120785	4.6163893
-6.0347433	5.2894373
16.608887	-8.660583
-8.0124855	3.482504
12.062213	11.795587
2.9617827	-0.5444482
-9.57511	-4.014041
4.217533	-3.6188602
-5.6973996	-21.991745
16.367882	-12.328987
3.8821719	10.217077
3.5421343	17.196316
19.706167	13.124637
12.146584	1.3338312
4.507744	2.051586
25.035057	0.0848728
-1.8937802	9.730022
-5.563946	5.3984566
-4.8601093	-2.6434352
-4.466768	4.012019
-1.1480558	9.890527
8.356536	12.762767
-6.9642744	-12.913771
-8.421744	-6.8978553
-2.1761308	-15.692747
6.144463	14.835951
5.8738046	6.8124347
2.939091	-14.719484
40.718723	3.4611056
-3.1331618	10.749666
-0.6578545	12.389469
-4.9200287	-0.90773076
-0.70564604	3.7854815
-9.015918	-16.27774
-7.1381083	3.7204607
1.2050025	0.9542664
9.324538	6.8227596
13.210414	6.5779715
14.294361	-13.162405
1.0013986	4.6313543
-8.686638	-12.531098
-4.234076	-6.777238
34.072464	-8.628803
9.537795	8.156419
1.1319448	-2.5279796
10.972111	14.561552
8.262864	-4.4913244
3.1780696	-18.897934
-7.816259	-4.5926
3.008307	-26.078571
-4.188505	-12.697952
6.269192	15.601102
0.9919443	7.821243
8.69129	-0.887246
-2.024295	6.1772156
2.2024841	-4.1469326
0.6919342	7.6637254
5.823984	2.8321285
7.123888	-5.690035
3.7350872	13.9534235
-2.5394278	-2.6574955
4.9316845	18.17589
3.4238882	8.853554
3.1395245	2.4106712
-1.2165625	-14.673037
9.132388	-2.28186
12.343923	10.205982
19.16257	10.668343
14.4752035	-5.559319
-4.246093	0.91372454
12.940256	-6.710372
3.0848238	5.781069
-0.028302744	10.613291
-1.1400136	4.2433653
-1.542026	7.149864
23.511423	-22.788223
5.5219383	-17.019674
-10.274818	-3.3660321
2.6366289	6.3263183
20.589437	5.4784346
-0.6982274	-5.4455037
6.116855	-15.139591
-10.515303	7.732972
8.92171	0.78083223
-4.8238134	11.808553
2.7603226	-10.068539
-1.0009829	3.6877735
-0.19249621	-6.541906
-10.054324	3.4367392
-12.874342	-11.108016
-3.0646582	14.494696
4.323713	15.285458
27.173428	-2.9066715
-5.573276	-1.2820457
-4.9299817	-20.188757
56.615055	9.405974
23.532425	17.007269
-1.219019	11.861156
-11.47344	-7.272198
15.274593	10.244536
15.157847	-3.5169652
14.940572	6.6276665
4.873121	11.659158
10.192662	15.81865
26.617947	-6.4684033
-1.6539518	5.300784
63.0731	-31.785503
19.287148	-9.16143
7.71038	11.214057
0.9544368	-1.7007661
32.16308	11.107417
-0.4065294	9.621989
-9.088102	2.5607004
8.884468	-14.635482
13.162567	-2.129332
-0.3049184	13.844801
15.670289	8.001134
18.809235	-32.42856
8.751587	4.928053
11.563475	16.46103
4.7181373	-11.301139
-9.814965	-8.462041
-6.080914	-2.6198397
6.011714	-6.7039466
-6.5937233	-16.705372
1.7683641	0.53872573
-8.276107	-8.10662
30.301994	-27.436115
-8.21184	-14.910145
0.50930756	-4.768701
6.9842234	4.6417294
14.599589	10.541423
0.9150362	-19.439577
0.4080872	3.1090727
-5.892086	9.820766
12.850932	9.939696
2.968722	-5.388764
0.18417268	0.19300471
-7.651169	2.0187182
-7.761009	-1.8452039
-5.3750744	7.970649
2.2410157	14.597751
7.6002913	-1.1018484
0.50834715	6.2407074
24.307657	17.318598
13.513949	15.078149
-6.634698	7.9503746
6.6821847	-20.884056
-0.36017716	16.938566
31.309116	4.6531143
-6.7419214	3.5506194
-4.0825915	-20.369843
2.9719138	-1.7507203
-11.736498	-15.342388
3.0319095	6.2413025
-2.8096137	-40.543495
6.273234	3.0236528
-2.1795819	8.245431
0.5513897	1.2424909
-0.86667126	-0.51571643
0.6169565	-11.198288
2.4966173	10.168349
13.685233	-13.4852705
-6.664807	4.0681324
-6.2119055	3.5594149
-2.3149993	8.830911
22.52582	-19.027874
2.041915	11.099506
13.748286	-20.222008
10.622143	0.8132163
-2.794664	3.5705605
8.309411	5.691759
-7.2496157	10.051101
-8.738606	-2.9631517
0.970474	-13.364201
19.262054	-10.786421
5.629856	6.299406
62.579334	-18.031775
-2.4137235	11.046482
26.778461	-13.696577
3.7374918	13.054215
-0.82147855	9.583737
-4.0526404	-35.2396
7.9711375	12.12899
11.567354	11.586323
-12.716365	-4.279523
13.482867	-8.686912
5.0979743	6.039977
19.305748	4.776523
-1.8469816	2.9470963
-5.767478	12.208615
-0.51558626	-28.889229
-7.040485	3.8871908
-8.812836	-11.272934
-7.586524	-23.861784
14.520255	4.0739923
-10.657922	2.700309
5.4755964	-4.631919
2.6857939	2.870492
20.694078	-33.326096
6.16817	-23.825966
5.7184944	6.9656334
-1.4477618	9.781546
0.98925364	11.932819
3.0120132	-15.298515
16.79074	-7.5980062
22.595877	-11.733501
2.0407112	4.327122
0.78101397	8.35664
6.10937	-7.3847218
6.5115843	-12.729738
35.60263	-27.38565
0.27695513	-8.328694
4.4483204	12.025831
25.291153	10.840636
-1.0291104	-1.238857
3.4368882	10.647856
-10.658931	-3.814998
-0.32125914	-3.0577745
14.024509	-14.456285
30.541786	-5.5186234
-2.6312313	-1.9428087
1.3908074	-2.9523282
-6.6091223	-9.777961
5.2422576	-4.4704947
-8.417891	-3.340417
25.408337	-18.318384
-0.95625144	-0.34652925
-1.2774467	9.140323
-3.5544536	8.345313
-2.8799057	4.9141774
13.685882	4.697044
-4.4360003	1.79148
2.1886222	3.9917278
28.02807	-0.57793796
-2.5854485	-4.3447895
6.8662558	17.192892
3.8908453	4.257503
-9.109884	-12.078511
1.6195536	12.8706875
-0.7998595	12.604985
1.4097747	-37.223843
4.423349	-16.358469
3.6869762	13.6652775
0.29822516	-9.437331
0.006299272	-4.3871603
5.404735	-11.302908
0.097250216	-9.813738
-12.67205	-22.975552
-1.302557	10.460603
11.533137	20.515474
5.375344	18.531868
8.918762	14.138037
-0.74651253	-0.11065225
3.695464	9.355284
-7.493726	-3.074082
-8.838536	3.8891697
14.086496	-10.156086
-10.257791	5.1878757
17.332806	-2.2160237
-12.592679	0.16399725
0.410086	4.9357176
34.868732	-13.841493
0.9641454	13.583846
-9.25226	6.0442104
-2.2172427	12.094077
-12.47129	3.983578
8.51427	-3.360426
-6.8117585	4.3090544
7.9858646	17.294142
12.4962015	-16.958439
-1.084787	-6.102059
-7.130953	-8.451132
4.6031394	13.922676
-4.7820907	-28.047796
-5.7478876	-0.35102585
0.8390534	3.6999705
-1.9109643	0.458943
7.4000797	12.337892
-7.6181927	-4.9799347
-4.652938	10.707108
-4.5386477	-3.9631307
19.955946	9.856382
-3.549554	-2.7955437
0.08182374	9.013431
4.909928	3.490798
-2.2847707	9.807527
-1.5834676	4.0701647
