26.138851	-8.676738
55.734226	-22.77498
-4.7634444	-58.778896
-9.394872	-41.576595
-30.57145	1.0768006
-14.368767	-41.15945
-11.042985	-44.511257
-19.030405	-55.01956
74.84196	-21.033764
19.657194	-10.770419
21.596468	-10.640899
16.931496	-10.581426
-8.328153	-42.6783
-20.75026	-60.16121
-16.96697	-53.10098
71.527084	-22.236242
72.92092	-18.536
22.627638	-4.9372926
-6.149597	4.5188923
58.339054	-23.256031
-9.526252	-42.994617
-46.821747	45.57305
55.994083	-10.367343
-23.453714	-60.863583
50.200863	-21.920063
28.856712	3.2114193
-68.72601	-42.862656
28.36204	-6.720979
-4.942865	-44.718555
-7.66451	-63.085392
68.859604	-22.645954
-15.573566	-54.55167
-71.32136	-36.304226
23.024776	-5.2387137
-19.172085	-62.08202
-28.094933	-0.600474
-21.444609	-60.04634
-48.245483	40.14337
-41.784676	50.78271
61.43119	-14.648209
-47.70501	41.50531
51.4394	-15.61119
-71.72376	-40.09497
31.059889	15.859759
57.06436	-18.495468
62.230843	-13.645172
28.409899	-11.543238
56.265896	-22.306753
-70.77867	-35.89857
-18.33148	-60.862373
25.590292	-8.984833
-50.43127	39.064545
28.243559	2.5005076
-28.649786	-9.33313
57.639618	-18.558113
29.588282	10.368304
-7.5464377	2.7949443
-11.538024	-49.20359
-50.189144	53.080124
-27.712814	-0.12445659
24.834269	-11.738522
-15.4888	-52.07554
-69.772964	-37.55335
-5.430101	-44.28818
-40.86732	51.357277
-22.936968	-57.311874
17.540186	-10.563304
-12.235695	-43.204403
-44.35939	47.638752
-16.668583	-66.64578
32.60741	7.462571
53.53696	-23.03643
66.57036	-11.602172
52.89886	-20.131516
-27.264462	-10.124193
52.544647	-19.845888
-44.822426	45.711308
26.916563	-5.8921714
-12.455731	-48.030823
-50.849632	53.895363
-23.198631	-45.51681
-7.8385468	-46.022095
-21.887777	-54.77046
49.737484	-21.92944
56.955853	-17.783857
51.165516	-21.767658
58.724903	-19.547731
-12.849546	-49.84885
-6.6840615	-57.14698
54.239323	-20.510979
-27.368925	-0.8969504
-22.697681	-48.164593
-1.3723676	-53.554394
21.58248	-8.8456545
-24.552803	-56.435436
-24.962957	-49.253757
72.27074	-19.836031
63.880413	-10.01801
69.0046	-22.617905
-45.883904	48.483654
-67.8486	-42.37106
-23.387552	-50.41673
-21.799677	-58.831875
25.484016	-11.056501
-21.696478	-46.801224
-44.418964	44.670406
56.311775	-10.131738
23.781351	-8.985574
62.860928	-10.76752
34.691273	9.071951
24.491142	-9.476797
-13.243638	-50.512844
-19.232471	-58.953312
-24.040215	-56.696606
51.50744	-16.173191
-21.351147	-57.365658
58.74654	-11.384301
23.526442	-9.809572
-10.288418	-44.332783
-71.82905	-34.27071
-10.563222	-43.53659
-71.24762	-37.699776
64.611046	-10.410826
30.768272	16.761969
-12.937449	-63.074192
-27.739523	-9.842083
-18.960096	-62.910152
-11.886659	-45.3669
30.06232	10.354192
-21.562195	-45.27727
-51.103878	38.766743
-21.462973	-62.304897
-28.94794	-9.050442
-7.2398562	-41.502552
-73.59578	-33.1912
-21.839554	-52.34879
57.463562	-10.158348
-51.18696	54.136604
-28.065325	-9.62104
65.1502	-12.978543
75.55455	-17.626291
-47.6763	44.20362
-19.523006	-61.366234
77.76424	-17.676733
-76.88798	-37.369747
77.05266	-18.282045
-13.234428	-55.794395
69.988495	-20.099245
-75.47787	-32.866646
53.565434	-21.62603
-76.42036	-35.91197
-70.30582	-35.934647
-47.412865	46.80347
34.11944	13.236601
-20.859558	-57.25491
20.422039	-5.0794244
-46.982857	41.47522
-13.716594	-53.82834
-5.43374	5.20283
-68.333176	-36.980556
-31.037111	-4.017143
-28.73353	2.0047128
-50.985992	39.793198
-11.689679	-57.06288
-26.443348	-54.66019
-12.929901	-43.34167
72.41469	-15.400295
66.125534	-21.559187
27.456818	-5.5115285
23.947723	-11.339383
-6.542947	2.2842515
76.72288	-19.201998
-43.011353	48.443283
35.690994	12.243139
-8.60851	-60.478603
-75.32885	-31.3208
-20.371214	-63.921997
72.28716	-18.189106
-41.02582	52.929123
-70.3835	-42.13101
74.45979	-19.370056
-7.918514	-51.841827
26.255104	-7.5623465
-72.62361	-33.72122
-7.1599197	-57.81789
-31.593529	-3.130961
-19.66413	-59.209217
-67.84816	-37.911953
-30.04805	-2.1872656
53.394455	-17.851728
25.58015	-10.343188
-76.699295	-32.15911
-41.88722	52.65073
54.22665	-18.303213
-72.29627	-38.61537
27.699585	-11.026455
-24.538067	-55.20265
-42.28177	45.30288
-57.52442	47.429325
24.102997	-3.9723043
69.92796	-18.18551
31.866941	13.8007765
-8.699468	-41.20304
28.059845	2.272223
-17.639765	-63.346924
66.31126	-20.749983
-26.03647	-1.9345555
-46.605846	44.895924
65.434616	-11.746047
-76.97986	-35.912567
-23.781378	-49.271137
-5.2445455	2.8204105
-5.566167	-60.485115
-31.302448	-1.4451658
67.39378	-19.790167
-27.19122	-55.070156
-7.2979836	-58.201954
75.54003	-17.967207
-29.05553	-1.543921
-25.125563	-58.5406
58.767982	-12.3357
-19.716795	-53.866386
-46.064842	44.479095
-75.25522	-35.79887
-55.975193	4.369403
59.89237	-10.951916
-21.285997	-62.52013
-20.62992	-50.7717
-51.73991	52.785572
-15.878184	-63.82348
-19.242638	-53.906086
-73.94044	-31.250555
-78.279236	-33.41209
31.794195	17.27125
-71.81628	-41.77707
-29.598408	3.1561954
32.392105	14.402301
31.401657	4.6070447
-7.55907	3.8360682
-68.19559	-38.597076
-13.359402	-51.07847
24.974876	-3.9012158
-30.456654	-0.6696951
-4.694244	-45.461792
-19.104614	-45.867867
-1.1606731	-52.884083
62.99732	-15.718585
-3.9185424	-44.18613
31.718435	9.267347
63.212376	-11.986725
-18.276052	-45.42526
-50.87424	52.767254
4.9697003	-23.007519
-6.589419	-58.691
-77.99942	-32.94556
-75.93998	-36.76093
-41.404655	51.967793
27.394306	-11.574603
-45.604755	50.61807
59.611645	-20.46039
-8.600781	-55.26116
33.21895	8.925145
-48.11707	40.81095
74.58349	-19.13933
31.23096	11.861995
-30.988472	1.5498421
-72.94739	-37.450447
66.823845	-18.016716
61.841328	-15.298981
70.84922	-17.071348
-74.24902	-37.7808
-1.835399	-54.23629
72.30909	-20.877823
-31.735403	2.192326
-5.248238	2.3062747
19.97016	-7.650132
70.2866	-23.078558
-5.225274	-59.280018
-9.614516	-59.882675
33.962738	7.568174
4.6932817	-22.933537
-67.59237	-40.27796
-48.01128	53.78651
30.228235	7.3377247
-31.057823	-9.296782
-57.722332	47.29983
60.00159	-19.768148
33.79001	8.7008505
-47.65587	52.951595
-18.028454	-35.32417
-19.816597	-51.970806
-15.647193	-57.431908
-17.92993	-35.638706
-16.812632	-58.631172
-14.876608	-44.90474
-48.632214	50.12271
60.467125	-16.70351
70.18534	-17.475195
-5.615548	4.38071
59.665295	-13.207155
66.79973	-11.352772
-48.9071	44.61288
-72.52516	-41.763805
75.91051	-15.509948
59.48466	-11.673554
34.239094	10.24714
21.204525	-6.726193
32.553085	11.537815
73.95184	-22.625326
-6.1142106	-61.66617
-39.941227	50.302433
57.341873	-22.340786
-42.520996	51.410065
19.869303	-8.779848
31.54568	16.927353
-69.65108	-41.886864
-48.45289	53.080555
-77.8202	-34.24065
-8.441755	-60.576065
-15.026118	-51.82501
-24.73693	-60.537235
19.634056	-7.735995
-6.8527627	5.3902626
-7.7004857	-44.75512
-42.288086	50.09627
-25.394873	-51.53283
19.694756	-9.659372
-29.392355	2.1428282
-49.985607	51.90344
-5.9445057	-44.82925
33.36837	5.5226502
-17.471418	-45.72805
-73.8077	-36.738605
-73.0212	-36.346287
79.02077	-20.271452
33.829887	5.3754725
-26.327171	-49.230637
-30.15214	1.6666921
-7.04453	-63.620296
-13.87132	-54.656616
-17.195139	-52.286488
-6.5110626	3.5577328
-5.952726	2.9163187
-45.221695	47.007397
5.979685	-23.231441
35.435936	12.2539625
58.462265	-20.130913
-6.3687787	6.3467813
-10.327579	-63.096214
26.876637	-8.098681
-6.733549	-61.54352
-52.085854	38.448967
-12.342975	-40.361355
-8.118938	2.7798836
-8.726166	-63.72551
-16.662281	-66.6758
-9.353339	-55.564125
-14.569455	-45.77614
21.746775	-6.2029076
64.45088	-11.359515
-28.819714	-1.1342232
27.035133	-7.181335
68.19099	-19.574284
31.074034	3.5650299
-54.54582	15.966607
-20.47695	-50.09867
-6.3067904	-43.844284
-7.733089	-52.076775
28.312258	-7.4428587
-57.413094	47.49886
53.494728	-19.560345
-17.321377	-54.25388
32.311623	12.835056
58.45063	-14.23639
-9.566294	-63.826267
-8.482798	-54.77164
58.91315	-16.585533
30.813944	15.280285
-22.127104	-46.56578
63.171993	-14.646022
-47.41417	48.954266
-31.340729	-1.8127476
65.24612	-19.942326
30.70402	14.674632
-20.844769	-46.01386
79.03327	-20.727562
-25.193382	-51.22821
-16.344769	-63.780193
58.821304	-20.697926
29.74883	5.2007394
-5.834494	-40.293633
-12.484262	-58.61499
4.420051	-22.857325
72.86378	-17.11916
78.64717	-19.829803
22.55131	-4.121162
-23.75713	-60.04805
20.809273	-4.262632
32.912018	5.6175575
72.978874	-20.774069
30.630257	4.4482737
23.529972	-3.305562
-49.287483	50.59011
71.50389	-19.005142
31.972837	11.833709
-26.872456	-55.463062
30.481487	6.639421
-7.895281	-54.92742
56.974754	-23.045715
64.95021	-14.761466
66.204796	-17.031
-14.189549	-56.6779
-18.728954	-54.049473
-30.027462	-9.333657
31.084036	6.631199
63.10214	-12.703583
23.482695	-11.191358
-4.992684	4.445283
-18.138113	-56.391457
-14.196083	-41.63998
-46.11505	49.971886
-42.901	50.783524
-46.972263	38.502968
-9.552129	-54.67812
51.639748	-16.135778
-47.6567	52.51423
20.427666	-11.072685
25.17939	-4.009963
-19.186287	-56.183937
-47.807446	38.9907
-48.168064	45.797474
-67.23004	-41.19392
-50.06653	39.824684
76.947266	-17.517933
65.264435	-19.322706
-69.19474	-37.819717
76.093155	-15.978254
60.063503	-10.521173
-42.550617	53.832565
53.047504	-21.84017
-75.01946	-34.236214
-14.259501	-46.854073
-11.223795	-64.46692
-67.886444	-43.087578
-47.16268	39.776745
72.343765	-15.724033
-73.98334	-35.55638
-71.0522	-40.875088
5.246019	-23.389929
33.346718	11.690099
-22.893097	-51.377277
-18.382942	-49.406696
63.659195	-15.488059
-15.38616	-56.560513
-71.18696	-41.778843
-22.96899	-55.90989
18.06565	-10.5772505
-75.09264	-33.284718
-19.010328	-49.06343
-21.129	-50.454807
-42.590916	52.537926
52.21925	-21.362827
-5.4640684	-39.71281
-15.289706	-53.495117
-7.5440507	-63.90739
-76.1775	-34.500076
-69.470535	-40.775425
-5.5873537	-62.945545
64.67813	-15.205492
-21.001839	-46.69269
-74.58526	-35.05387
51.6284	-22.62307
-45.947548	47.40546
-45.254074	47.845074
31.182222	10.611474
67.07667	-18.397411
