-24.50065	4.9928684
-41.917854	43.15117
-49.27674	-7.040625
-4.2862663	54.49299
60.469536	16.772573
55.341743	36.622173
18.055016	-57.402393
16.041243	-58.602764
16.608673	-57.80956
-2.337849	55.07004
59.91547	18.706202
48.23024	-21.98057
57.773735	23.098782
-46.51596	6.0787983
-51.802494	0.52697706
-56.77381	11.08318
20.05997	-58.80976
31.66554	-57.96085
19.013575	-55.220734
17.453053	-59.738827
-30.543459	16.181154
62.052856	49.059883
-4.099123	29.565666
-27.126234	1.0633284
-16.006384	23.82605
59.41033	-3.4156308
-28.794147	9.995405
-43.855156	-6.3914485
-44.588497	-3.8138778
-10.427092	19.49625
-30.093243	16.123255
7.2552557	50.091576
-44.70028	8.2874
16.82103	50.472073
8.257351	48.02613
27.24079	-58.79538
57.637146	36.69568
62.14594	21.951777
58.284492	24.898048
-43.12985	-22.863922
26.884878	-52.962177
-50.5245	18.765726
-28.393541	10.817725
-46.00438	32.76122
57.921993	44.999664
5.8275795	53.47183
-55.134575	5.232162
-52.13822	16.01924
25.014551	-61.399628
56.925488	27.702995
-1.260384	53.504925
-42.83022	-23.099838
23.57576	-57.138214
60.52666	44.406166
56.404152	36.925694
57.067684	45.318256
-49.783634	19.529697
-37.75592	41.34835
16.444563	-55.810646
-18.283934	21.082619
-4.2998376	55.82595
-49.33623	15.282567
54.106773	41.485733
-15.267863	23.463915
3.851842	57.16953
60.107838	43.488144
28.576054	-54.554325
-47.923134	-0.5174117
56.91217	39.853275
5.281195	51.201572
4.9466376	53.03114
-52.850555	-2.068861
59.56162	31.976366
16.469347	39.80344
-42.748306	-25.034271
0.69479454	57.20769
-43.134865	-23.78231
59.27152	-3.6472254
-52.65285	4.7108536
-17.295137	21.661772
-4.1481385	5.5117555
-28.160162	10.612784
-48.997665	19.698175
-46.359615	-2.688003
-45.895752	33.4021
10.159332	52.149303
6.7201467	55.725517
-40.407543	-2.9827461
-46.828773	7.6710486
10.765204	46.22179
-47.90084	7.1316113
-5.3632197	59.93302
-15.061223	22.777466
-2.184601	55.987926
26.263088	-62.898273
29.29278	-60.47261
10.649638	42.468925
58.3203	33.076675
-5.043303	58.921734
60.655773	27.301899
-10.551194	17.936726
60.418564	17.156483
25.899834	-49.474224
-47.169613	-2.9961956
-41.56121	41.622013
57.621044	27.638876
-46.863224	-0.2889961
15.84448	-59.484955
13.187776	51.077274
60.974445	41.952065
15.052936	48.02683
8.794889	49.056713
-49.03578	14.20188
6.80371	49.564526
59.250233	44.558586
-41.200733	-25.586012
2.7254374	51.364975
-3.6192553	61.414658
-17.038376	23.875647
-54.836937	6.064237
-48.489643	18.48988
-46.020653	39.587654
-16.080227	34.831764
-6.760099	58.759293
60.88334	32.770035
19.865496	-56.055557
-1.2342939	55.392803
-22.03459	19.953321
-50.45664	-4.2130914
-2.8584144	51.952133
-46.99208	6.5909095
-53.051105	4.639743
-9.263406	59.655994
-28.255266	11.179835
-44.418636	1.8764883
-13.542992	32.2955
-29.731838	17.070244
61.211033	18.402653
24.865234	-54.43007
7.8866434	49.651905
-21.734867	20.06768
-48.48998	-7.4002285
-48.373734	11.81537
-12.763441	20.401306
25.842222	-60.75793
57.962456	51.218357
0.4246144	52.833946
-52.902466	7.3760147
-51.46562	12.939316
-17.538204	20.285345
28.992647	-58.383804
-49.021576	-6.692759
26.448908	-51.584713
20.700104	-56.53193
10.48741	47.496124
-0.6941401	51.667385
-52.380604	10.543908
-17.23753	22.851324
7.491355	45.694138
-4.645873	59.657326
23.262676	-53.381866
-45.875137	8.995625
19.957293	45.135014
-13.535252	20.687546
-29.679945	23.581348
1.6747191	59.383984
62.667233	32.331524
14.260783	51.74575
57.297485	46.93907
-27.701857	10.018875
61.2439	47.909824
-45.42855	34.90377
17.064863	40.80057
58.096527	22.647276
-49.68419	18.063185
18.750666	-51.60284
18.476759	45.43493
-11.933597	35.070187
24.76442	-58.953392
56.870075	36.188103
58.965103	19.340672
-8.253981	59.77552
58.123756	42.037186
-39.574394	39.643696
-47.121162	11.928865
15.807204	45.595345
59.90394	-3.0072613
-7.6360765	57.07011
-46.17523	-4.2617764
-9.36006	17.492954
57.37642	39.639687
10.853352	47.619488
-20.234783	22.665764
-11.299824	35.183674
-5.2673926	63.60931
-4.718464	52.178226
-42.90784	-5.243043
-55.47516	10.896274
26.830057	-58.211346
-52.890392	10.745961
28.167067	-52.4772
-0.55391425	52.132042
-48.58354	2.174834
-24.76196	5.1451135
0.38324758	56.961647
-57.698677	10.319349
59.905094	48.91419
-51.790096	-0.15681224
19.662464	-51.305676
26.267797	-53.007275
59.02353	50.097057
-42.091972	39.323483
-49.337948	-5.414522
-35.011814	23.96154
53.773952	39.216476
-39.234795	40.219887
63.335716	22.827084
-50.911037	19.50159
-46.90916	-6.4489594
-51.468403	13.440505
-9.382161	19.39716
-40.359436	38.52702
61.744766	50.517406
-52.48188	-1.1922252
3.666572	48.39848
-42.444595	-25.447996
-3.9085681	30.0062
14.443985	46.201675
-49.130062	6.5937386
58.379154	23.558313
-51.954887	14.136616
-42.563187	-4.1388254
-52.253864	16.93822
-5.1076083	27.303469
17.284454	42.11571
13.042387	46.249283
-44.502808	-2.5395107
60.303795	50.99912
5.2569675	50.573555
-11.192544	33.563057
56.566032	38.261097
-5.402847	26.581533
-29.780008	23.252146
59.85034	24.079233
-26.429775	7.0960093
60.586067	22.573828
16.878542	39.746613
1.7091808	51.734524
-13.904456	33.358475
56.14852	44.123203
16.594118	51.60848
16.597904	46.198795
7.8182774	51.26054
59.407146	43.102592
3.0945802	57.768147
-46.380848	0.7489354
11.333723	52.254925
-11.67923	32.570946
22.205767	-50.14009
-9.763971	20.643187
-48.754486	17.25985
28.554495	-59.80464
60.710228	48.491596
-10.941841	19.738361
-16.342255	30.222216
-11.480931	18.370264
-41.684193	-24.255363
-14.852766	32.50018
1.5005465	47.85076
26.665283	-57.56834
12.693971	52.53329
-44.57675	2.2698913
60.514793	25.094364
57.736313	26.145905
55.036255	37.474567
-57.086693	12.730228
-7.0777893	22.888292
-50.20546	6.429984
-54.398952	8.8915615
63.403706	49.589203
21.157915	46.60083
51.893826	36.06096
-49.4351	5.3250504
6.33293	52.456833
-53.166965	8.818032
23.043627	-56.84101
1.4109364	57.857536
59.9092	-2.6771352
4.574547	57.1991
-44.81014	-1.2520369
-35.06623	24.016174
-25.483004	6.385711
-4.90546	27.813807
57.94904	32.814255
57.09573	29.563719
-49.404205	12.032751
-45.887383	3.1622062
56.958576	48.73321
10.710582	45.601963
54.044342	37.65728
0.9761032	49.142086
-57.995815	12.982827
20.308937	-59.064743
-11.587518	20.021013
2.0478923	47.847824
59.887867	22.923655
-49.30249	2.8537965
-19.791496	20.35976
57.190166	47.16014
-34.596058	23.836245
22.130367	-51.269844
-17.834797	25.104517
-12.3123045	19.084097
10.30771	44.7119
22.803797	-47.197468
57.953148	28.992937
57.718784	49.943623
28.236816	-53.94743
58.0107	26.995483
-48.51025	16.815254
24.760433	-48.7244
23.006718	-48.603214
59.967766	29.791292
-52.4309	18.439875
-27.848257	9.296454
19.035534	49.13329
20.647358	45.73955
22.554684	-50.13413
17.622686	45.64723
-7.1393867	58.07089
1.8593953	57.546356
-49.075935	0.0012541373
63.10213	32.06208
29.655214	-58.972645
-49.783005	5.95198
-9.815542	18.711136
60.13273	42.878807
-54.725735	20.06219
-17.78283	18.661703
61.695675	47.536514
60.050636	34.686935
59.335644	18.43052
2.9084685	46.19355
14.906775	44.820255
24.428837	-53.656113
29.68345	-54.480225
59.290283	19.90917
-49.83249	-1.8355404
-9.962954	57.80681
-29.673903	21.6845
-50.272537	12.04502
31.078638	-60.108223
26.10907	-58.266964
-12.280141	33.353027
-5.6562605	61.318645
61.21416	51.2265
7.0939665	43.92599
-17.97605	18.371883
-11.577035	34.68122
-29.49795	17.85395
-7.543498	61.767395
57.27957	26.782808
-8.810998	58.161713
-50.347866	-5.3148375
-15.059243	21.391525
18.373943	49.134056
-15.620994	33.41873
16.297943	-53.902493
16.189901	46.824028
31.606739	-62.561195
62.783375	22.532858
-48.934593	-2.200229
-12.327604	30.225147
56.2479	43.112263
-5.6779323	25.92364
59.836365	31.320192
-18.077974	21.81704
26.922504	-51.559444
60.239937	19.811298
23.724545	-55.28279
-8.129407	56.628063
-4.76177	61.173145
16.644478	-59.187153
22.89794	-60.170475
53.991447	40.657887
18.57607	-57.562023
-49.423653	9.72592
24.586626	-47.847874
18.035528	-51.38174
7.013948	43.728764
29.132923	-61.399384
-25.514465	6.21786
-13.626582	30.513031
-19.999006	22.371723
-11.887963	32.90452
60.37914	25.875732
-44.74306	-6.0661387
30.991259	-61.358395
2.128393	47.41916
-15.061324	33.54519
-47.506077	11.663286
-29.44086	18.313673
-47.677914	8.3187475
-8.069558	22.440933
1.7923695	46.617756
4.781506	52.34614
-16.7449	20.566359
-46.62895	3.185353
30.325146	-59.282146
-41.779274	-25.202168
16.2486	-53.48518
-1.5485194	54.816494
-29.863562	15.581395
-52.05386	17.977707
-3.442881	50.694267
4.270171	51.50852
-5.248281	63.399406
59.664204	52.336063
18.844854	47.024044
-49.420444	15.05958
-15.796543	31.352287
7.411082	53.95517
-58.003166	11.430748
-45.86722	34.564133
17.081533	52.543846
4.36817	58.16491
59.98466	35.979973
57.56531	43.68182
17.816635	48.400517
23.025229	-57.559677
-42.398083	-23.61433
11.8631525	43.18047
17.399122	-58.231495
-5.747915	25.974731
-19.75607	20.494072
58.914207	31.72067
19.97083	52.175426
19.679214	51.167534
25.329424	-53.35643
58.81045	34.365715
62.23889	48.452335
-54.39681	12.892562
-14.942154	21.512917
-40.702667	38.732048
-10.159415	57.922504
6.868344	51.56283
-49.771576	13.045598
-7.048395	59.90694
27.24609	-57.3933
58.875507	51.142982
-3.0621362	50.589077
15.638367	-55.0054
62.574127	31.540598
32.230152	-60.44012
18.791296	45.936756
-44.840893	-3.833555
57.80143	38.59784
58.00336	35.11483
19.036282	47.84608
57.42433	35.656235
-46.614864	-6.3234615
59.361572	33.63053
-53.871185	12.316717
-29.748716	15.046598
18.026995	50.203674
14.6443	45.791374
22.194307	-60.61906
56.728252	29.222553
16.060461	39.69069
-51.220917	3.2259858
26.749374	-60.02381
53.92855	38.794662
-40.336933	40.432777
-50.459904	1.7898735
-46.04332	0.94831127
19.076744	-51.393097
-29.352674	13.6862755
22.585926	-47.26744
20.74123	-57.787243
-7.717241	22.73016
-38.43843	40.72687
-29.513277	24.276941
18.63106	51.38984
5.017557	56.210728
-50.72538	-4.7360644
-48.63714	20.686848
-46.341454	9.575935
12.577031	53.38851
55.7349	42.957478
-48.83866	1.6094664
-56.21831	13.34953
2.9865088	58.887108
57.237156	23.877117
-5.6919904	57.558357
23.744553	-47.926746
17.385353	-55.810585
-54.98655	19.943768
-12.561553	30.371553
-5.821199	59.874466
56.287956	46.5595
-48.760757	2.7825587
-51.866325	55.276554
27.066423	-62.663036
-41.11921	37.99347
59.558983	22.247074
-41.411633	39.913425
32.500404	-58.280293
17.112473	47.60618
-48.179855	-2.2738705
12.700324	42.572407
-54.51335	8.395882
16.928778	44.214108
31.136122	-60.97089
59.51907	51.11636
