0 0 1 0.35 0.265 0.09 0.2255 0.0995 0.0485 0.07
0 1 0 0.33 0.255 0.08 0.205 0.0895 0.0395 0.055
0 0 1 0.365 0.295 0.08 0.2555 0.097 0.043 0.1
0 0 1 0.355 0.28 0.095 0.2455 0.0955 0.062 0.075
0 0 1 0.575 0.425 0.14 0.8635 0.393 0.227 0.2
0 0 1 0.355 0.29 0.09 0.3275 0.134 0.086 0.09
1 0 0 0.45 0.335 0.105 0.425 0.1865 0.091 0.115
0 1 0 0.24 0.175 0.045 0.07 0.0315 0.0235 0.02
0 0 1 0.47 0.37 0.12 0.5795 0.293 0.227 0.14
1 0 0 0.525 0.425 0.16 0.8355 0.3545 0.2135 0.245
0 0 1 0.4 0.32 0.095 0.303 0.1335 0.06 0.1
0 0 1 0.405 0.31 0.1 0.385 0.173 0.0915 0.11
0 0 1 0.45 0.345 0.105 0.4115 0.18 0.1125 0.135
0 0 1 0.425 0.325 0.095 0.3785 0.1705 0.08 0.1
0 0 1 0.57 0.48 0.175 1.185 0.474 0.261 0.38
0 0 1 0.595 0.475 0.14 0.944 0.3625 0.189 0.315
1 0 0 0.575 0.445 0.14 0.941 0.3845 0.252 0.285
1 0 0 0.52 0.425 0.165 0.9885 0.396 0.225 0.32
0 0 1 0.58 0.45 0.14 1.013 0.38 0.216 0.36
0 1 0 0.36 0.265 0.095 0.2315 0.105 0.046 0.075
1 0 0 0.435 0.395 0.105 0.3635 0.136 0.098 0.13
0 0 1 0.425 0.35 0.105 0.393 0.13 0.063 0.165
1 0 0 0.53 0.415 0.115 0.5915 0.233 0.1585 0.18
1 0 0 0.47 0.365 0.105 0.4205 0.163 0.1035 0.14
0 1 0 0.385 0.295 0.085 0.2535 0.103 0.0575 0.085
0 0 1 0.595 0.48 0.165 1.262 0.4835 0.283 0.41
0 1 0 0.35 0.26 0.095 0.211 0.086 0.056 0.068
1 0 0 0.305 0.23 0.08 0.156 0.0675 0.0345 0.048
0 0 1 0.345 0.255 0.09 0.2005 0.094 0.0295 0.063
0 0 1 0.375 0.285 0.095 0.253 0.096 0.0575 0.0925
0 0 1 0.65 0.52 0.19 1.3445 0.519 0.306 0.4465
0 1 0 0.28 0.205 0.08 0.127 0.052 0.039 0.042
0 0 1 0.725 0.57 0.19 2.55 1.0705 0.483 0.725
1 0 0 0.68 0.57 0.205 1.842 0.625 0.408 0.65
0 1 0 0.235 0.16 0.04 0.048 0.0185 0.018 0.015
0 1 0 0.315 0.21 0.06 0.125 0.06 0.0375 0.035
0 0 1 0.58 0.475 0.15 0.97 0.385 0.2165 0.35
1 0 0 0.63 0.48 0.16 1.199 0.5265 0.335 0.315
0 0 1 0.58 0.45 0.15 0.927 0.276 0.1815 0.36
0 1 0 0.4 0.3 0.11 0.315 0.109 0.067 0.12
0 1 0 0.37 0.28 0.095 0.2655 0.122 0.052 0.08
0 0 1 0.335 0.25 0.09 0.181 0.0755 0.0415 0.06
0 1 0 0.405 0.3 0.12 0.324 0.1265 0.07 0.11
0 1 0 0.365 0.27 0.085 0.205 0.078 0.0485 0.07
0 0 1 0.625 0.505 0.215 1.4455 0.496 0.287 0.435
0 1 0 0.345 0.27 0.11 0.2135 0.082 0.0545 0.07
0 0 1 0.56 0.45 0.185 1.07 0.3805 0.175 0.41
1 0 0 0.54 0.475 0.155 0.928 0.394 0.194 0.26
0 0 1 0.47 0.39 0.15 0.6355 0.2185 0.0885 0.255
0 0 1 0.59 0.5 0.2 1.187 0.412 0.2705 0.37
0 0 1 0.62 0.485 0.205 1.219 0.3875 0.2505 0.385
0 0 1 0.655 0.54 0.215 1.844 0.7425 0.327 0.585
0 0 1 0.635 0.525 0.205 1.484 0.55 0.3115 0.43
0 1 0 0.36 0.285 0.105 0.2415 0.0915 0.057 0.075
0 0 1 0.515 0.38 0.175 0.9565 0.325 0.158 0.31
0 0 1 0.44 0.355 0.125 0.4775 0.132 0.0815 0.19
1 0 0 0.405 0.305 0.095 0.3485 0.1455 0.0895 0.1
0 0 1 0.56 0.44 0.14 0.971 0.443 0.2045 0.265
0 0 1 0.595 0.455 0.195 1.3305 0.4595 0.3235 0.345
0 0 1 0.63 0.485 0.175 1.3 0.4335 0.2945 0.46
0 0 1 0.385 0.31 0.1 0.2845 0.1065 0.075 0.1
0 0 1 0.335 0.265 0.105 0.222 0.0935 0.056 0.075
0 1 0 0.355 0.275 0.09 0.251 0.097 0.053 0.08
0 1 0 0.235 0.175 0.04 0.0705 0.0335 0.015 0.02
1 0 0 0.74 0.6 0.195 1.974 0.598 0.4085 0.71
0 0 1 0.6 0.475 0.19 1.0875 0.403 0.2655 0.325
0 0 1 0.575 0.455 0.145 1.165 0.581 0.2275 0.3
1 0 0 0.62 0.51 0.205 1.3475 0.4775 0.2565 0.48
1 0 0 0.525 0.42 0.16 0.756 0.2745 0.173 0.275
0 0 1 0.61 0.48 0.15 1.2 0.56 0.2455 0.28
0 0 1 0.635 0.515 0.17 1.275 0.509 0.286 0.34
0 0 1 0.7 0.58 0.205 2.13 0.7415 0.49 0.58
0 0 1 0.745 0.585 0.215 2.499 0.9265 0.472 0.7
1 0 0 0.6 0.48 0.15 1.029 0.4085 0.2705 0.295
0 0 1 0.63 0.515 0.16 1.016 0.4215 0.244 0.355
0 0 1 0.58 0.465 0.145 0.887 0.4405 0.1655 0.265
1 0 0 0.66 0.565 0.195 1.7605 0.692 0.3265 0.5
1 0 0 0.68 0.58 0.2 1.787 0.585 0.453 0.6
0 0 1 0.63 0.49 0.19 1.1775 0.4935 0.3365 0.285
1 0 0 0.455 0.37 0.105 0.4925 0.216 0.1245 0.135
0 1 0 0.465 0.375 0.12 0.471 0.222 0.119 0.14
0 1 0 0.365 0.295 0.095 0.25 0.1075 0.0545 0.08
0 1 0 0.39 0.31 0.1 0.302 0.116 0.064 0.115
0 0 1 0.585 0.455 0.15 0.987 0.4355 0.2075 0.31
1 0 0 0.435 0.325 0.11 0.4335 0.178 0.0985 0.155
0 0 1 0.59 0.485 0.12 0.911 0.39 0.182 0.29
0 0 1 0.555 0.45 0.145 0.915 0.4 0.246 0.285
0 0 1 0.585 0.475 0.12 0.945 0.41 0.2115 0.28
1 0 0 0.58 0.46 0.12 0.9935 0.4625 0.2385 0.28
0 0 1 0.63 0.515 0.165 1.352 0.488 0.349 0.45
0 1 0 0.49 0.38 0.12 0.529 0.2165 0.139 0.155
0 0 1 0.6 0.5 0.16 1.015 0.3995 0.1735 0.33
0 0 1 0.545 0.42 0.14 0.7505 0.2475 0.13 0.255
0 1 0 0.385 0.305 0.095 0.252 0.0915 0.055 0.09
0 0 1 0.39 0.3 0.09 0.3055 0.143 0.0645 0.085
0 0 1 0.565 0.455 0.185 0.9265 0.354 0.1575 0.375
0 0 1 0.725 0.565 0.215 1.891 0.6975 0.4725 0.58
1 0 0 0.665 0.555 0.195 1.4385 0.581 0.354 0.36
1 0 0 0.565 0.49 0.155 0.9245 0.405 0.2195 0.255
1 0 0 0.645 0.55 0.175 1.2915 0.57 0.3045 0.33
0 1 0 0.36 0.28 0.105 0.199 0.0695 0.045 0.08
0 0 1 0.38 0.285 0.1 0.2665 0.115 0.061 0.075
0 0 1 0.53 0.415 0.175 0.7395 0.261 0.1395 0.2645
1 0 0 0.7 0.585 0.185 1.8075 0.7055 0.3215 0.475
0 0 1 0.55 0.45 0.13 0.92 0.378 0.2385 0.29
0 0 1 0.59 0.455 0.145 1.073 0.475 0.19 0.285
1 0 0 0.655 0.51 0.155 1.2895 0.5345 0.2855 0.41
1 0 0 0.615 0.525 0.155 1.0385 0.427 0.2315 0.345
0 0 1 0.28 0.2 0.08 0.0915 0.033 0.0215 0.03
0 0 1 0.21 0.15 0.05 0.0385 0.0155 0.0085 0.01
0 1 0 0.365 0.26 0.115 0.218 0.0935 0.0445 0.07
0 0 1 0.2 0.14 0.055 0.035 0.0145 0.008 0.01
0 0 1 0.155 0.11 0.04 0.0155 0.0065 0.003 0.005
0 0 1 0.385 0.3 0.095 0.24 0.0885 0.059 0.085
0 1 0 0.53 0.42 0.185 0.752 0.299 0.156 0.205
0 1 0 0.52 0.405 0.14 0.5775 0.2 0.145 0.179
0 0 1 0.29 0.23 0.075 0.1165 0.043 0.0255 0.04
0 0 1 0.275 0.205 0.07 0.094 0.0335 0.02 0.0325
0 0 1 0.32 0.245 0.075 0.1555 0.0585 0.038 0.049
0 0 1 0.205 0.155 0.045 0.0425 0.017 0.0055 0.0155
0 1 0 0.65 0.515 0.16 1.1625 0.495 0.203 0.33
0 0 1 0.28 0.21 0.08 0.1085 0.041 0.0265 0.0345
1 0 0 0.61 0.475 0.14 1.133 0.5275 0.2355 0.35
1 0 0 0.645 0.525 0.19 1.4635 0.6615 0.3435 0.435
1 0 0 0.41 0.305 0.1 0.363 0.1735 0.065 0.11
0 0 1 0.45 0.335 0.14 0.4625 0.164 0.076 0.15
0 0 1 0.345 0.27 0.09 0.195 0.078 0.0455 0.059
0 0 1 0.325 0.24 0.075 0.155 0.0475 0.0355 0.06
0 0 1 0.32 0.24 0.085 0.17 0.0655 0.047 0.049
0 0 1 0.31 0.225 0.075 0.1295 0.0455 0.0335 0.044
0 0 1 0.235 0.17 0.055 0.0515 0.018 0.0105 0.0195
1 0 0 0.5 0.385 0.105 0.498 0.1795 0.1095 0.17
0 1 0 0.475 0.365 0.115 0.49 0.223 0.1235 0.1335
0 0 1 0.36 0.295 0.1 0.2105 0.066 0.0525 0.075
0 0 1 0.325 0.24 0.085 0.173 0.0795 0.038 0.05
0 0 1 0.33 0.255 0.095 0.1875 0.0735 0.045 0.06
0 1 0 0.445 0.33 0.12 0.347 0.12 0.084 0.105
0 0 1 0.48 0.375 0.145 0.777 0.216 0.13 0.17
0 0 1 0.255 0.18 0.065 0.079 0.034 0.014 0.025
0 0 1 0.31 0.225 0.08 0.1345 0.054 0.024 0.05
0 0 1 0.295 0.215 0.075 0.129 0.05 0.0295 0.04
1 0 0 0.555 0.435 0.165 0.97 0.336 0.2315 0.295
1 0 0 0.53 0.41 0.165 0.8115 0.24 0.169 0.24
1 0 0 0.52 0.395 0.18 0.64 0.158 0.11 0.245
1 0 0 0.5 0.375 0.115 0.5945 0.185 0.148 0.19
0 1 0 0.37 0.275 0.1 0.2295 0.0885 0.0465 0.07
0 0 1 0.38 0.29 0.12 0.283 0.1175 0.0655 0.085
0 0 1 0.28 0.205 0.1 0.1165 0.0545 0.0285 0.03
1 0 0 0.445 0.33 0.105 0.4525 0.18 0.103 0.123
0 0 1 0.4 0.3 0.125 0.417 0.191 0.09 0.1175
0 0 1 0.315 0.25 0.09 0.203 0.0615 0.037 0.0795
0 0 1 0.375 0.3 0.1 0.2465 0.104 0.0475 0.083
0 1 0 0.28 0.205 0.055 0.1135 0.045 0.0275 0.0335
0 0 1 0.35 0.255 0.08 0.1915 0.08 0.0385 0.063
0 0 1 0.465 0.36 0.08 0.488 0.191 0.125 0.155
1 0 0 0.49 0.36 0.11 0.5005 0.161 0.107 0.195
0 0 1 0.535 0.41 0.135 0.862 0.2855 0.1525 0.32
1 0 0 0.53 0.42 0.13 1.001 0.34 0.226 0.265
0 0 1 0.615 0.525 0.155 1.1375 0.367 0.236 0.37
1 0 0 0.54 0.44 0.135 0.959 0.2385 0.221 0.3
0 0 1 0.64 0.51 0.19 1.613 0.6215 0.361 0.47
1 0 0 0.61 0.47 0.145 1.153 0.403 0.296 0.32
0 0 1 0.545 0.45 0.15 0.978 0.3365 0.1905 0.3
0 0 1 0.345 0.27 0.095 0.197 0.0665 0.05 0.07
1 0 0 0.55 0.43 0.155 0.785 0.289 0.227 0.233
1 0 0 0.53 0.425 0.17 0.949 0.3485 0.2395 0.278
1 0 0 0.53 0.455 0.165 0.9805 0.3155 0.2815 0.2965
0 0 1 0.455 0.34 0.135 0.462 0.1675 0.158 0.12
0 0 1 0.47 0.37 0.18 0.51 0.1915 0.1285 0.1625
0 0 1 0.44 0.335 0.11 0.394 0.157 0.096 0.122
0 0 1 0.425 0.33 0.13 0.4405 0.152 0.0935 0.155
0 1 0 0.37 0.275 0.1 0.22 0.094 0.045 0.065
0 0 1 0.405 0.305 0.12 0.3185 0.1235 0.0905 0.095
0 1 0 0.255 0.185 0.06 0.088 0.0365 0.021 0.023
0 1 0 0.36 0.3 0.085 0.27 0.1185 0.064 0.0745
0 1 0 0.365 0.275 0.135 0.24 0.108 0.0445 0.0735
0 1 0 0.38 0.275 0.095 0.1375 0.086 0.0585 0.0605
0 1 0 0.385 0.3 0.1 0.2895 0.1215 0.063 0.09
0 1 0 0.395 0.29 0.095 0.319 0.138 0.08 0.082
0 1 0 0.445 0.325 0.1 0.378 0.1795 0.1 0.089
0 0 1 0.555 0.435 0.145 0.9685 0.4985 0.168 0.2385
0 0 1 0.59 0.475 0.165 1.077 0.4545 0.244 0.3095
0 0 1 0.6 0.495 0.175 1.29 0.606 0.276 0.3445
0 0 1 0.605 0.455 0.16 1.1035 0.421 0.3015 0.325
0 0 1 0.62 0.5 0.165 1.307 0.6355 0.2545 0.315
1 0 0 0.625 0.49 0.2 1.3825 0.5895 0.285 0.381
0 0 1 0.63 0.505 0.165 1.26 0.4525 0.2755 0.406
0 0 1 0.635 0.51 0.17 1.3555 0.619 0.305 0.39
1 0 0 0.635 0.485 0.165 1.2945 0.668 0.2605 0.2715
0 0 1 0.65 0.525 0.175 1.4715 0.675 0.315 0.399
1 0 0 0.68 0.56 0.195 1.7775 0.861 0.322 0.415
1 0 0 0.695 0.56 0.22 1.834 0.8455 0.422 0.455
0 0 1 0.73 0.595 0.23 2.8255 1.1465 0.419 0.897
0 1 0 0.295 0.23 0.08 0.1625 0.065 0.05 0.0385
0 1 0 0.305 0.22 0.07 0.141 0.062 0.031 0.037
0 1 0 0.335 0.25 0.075 0.186 0.0945 0.038 0.0445
0 1 0 0.34 0.25 0.07 0.2225 0.104 0.0425 0.055
0 1 0 0.345 0.265 0.1 0.2455 0.111 0.0535 0.065
0 1 0 0.37 0.28 0.095 0.2865 0.1505 0.069 0.0795
0 1 0 0.41 0.31 0.09 0.339 0.155 0.0695 0.09
0 1 0 0.41 0.305 0.09 0.3535 0.157 0.0745 0.1
0 1 0 0.42 0.32 0.115 0.376 0.169 0.092 0.1
0 1 0 0.43 0.325 0.1 0.3645 0.1575 0.0825 0.105
0 1 0 0.43 0.325 0.09 0.425 0.217 0.087 0.095
0 1 0 0.45 0.36 0.13 0.478 0.191 0.127 0.137
0 1 0 0.45 0.335 0.105 0.447 0.2335 0.153 0.119
0 1 0 0.46 0.345 0.105 0.449 0.196 0.0945 0.1265
0 0 1 0.48 0.365 0.12 0.6015 0.312 0.117 0.14
0 0 1 0.5 0.385 0.135 0.6425 0.3195 0.129 0.1535
0 0 1 0.5 0.4 0.125 0.6725 0.336 0.12 0.1825
0 1 0 0.51 0.375 0.1 0.5785 0.238 0.1225 0.175
0 0 1 0.515 0.39 0.155 0.7125 0.3695 0.137 0.155
0 0 1 0.525 0.4 0.14 0.7325 0.334 0.1575 0.17
1 0 0 0.55 0.445 0.155 0.9905 0.544 0.178 0.218
1 0 0 0.56 0.455 0.16 0.967 0.4525 0.207 0.274
0 0 1 0.575 0.475 0.16 1.114 0.4955 0.2745 0.29
1 0 0 0.575 0.46 0.16 1.103 0.538 0.221 0.249
1 0 0 0.58 0.46 0.15 1.1155 0.5575 0.2255 0.29
0 0 1 0.58 0.49 0.13 1.1335 0.586 0.2565 0.237
0 0 1 0.59 0.465 0.155 1.136 0.5245 0.2615 0.275
1 0 0 0.595 0.47 0.155 1.121 0.4515 0.178 0.155
1 0 0 0.595 0.45 0.15 1.114 0.5865 0.2205 0.25
0 0 1 0.595 0.475 0.165 1.213 0.621 0.2435 0.274
0 0 1 0.595 0.455 0.15 1.044 0.518 0.2205 0.27
1 0 0 0.605 0.49 0.15 1.1345 0.5265 0.2645 0.295
0 0 1 0.605 0.475 0.155 1.161 0.572 0.2455 0.275
0 0 1 0.61 0.47 0.15 1.1625 0.565 0.258 0.3085
1 0 0 0.625 0.5 0.165 1.288 0.573 0.3035 0.315
1 0 0 0.625 0.485 0.2 1.38 0.5845 0.302 0.401
1 0 0 0.63 0.495 0.165 1.3075 0.599 0.284 0.315
0 0 1 0.645 0.52 0.175 1.636 0.779 0.342 0.432
0 0 1 0.645 0.5 0.175 1.3385 0.633 0.299 0.349
0 0 1 0.65 0.495 0.16 1.304 0.57 0.312 0.3725
0 0 1 0.65 0.52 0.21 1.6785 0.6665 0.308 0.46
1 0 0 0.655 0.46 0.16 1.494 0.6895 0.331 0.1825
1 0 0 0.66 0.505 0.185 1.528 0.69 0.3025 0.441
0 0 1 0.66 0.535 0.19 1.5905 0.6425 0.297 0.5175
0 0 1 0.67 0.525 0.165 1.6085 0.682 0.3145 0.4005
0 0 1 0.71 0.565 0.205 2.198 1.012 0.5225 0.5475
1 0 0 0.715 0.525 0.185 1.56 0.6655 0.383 0.405
1 0 0 0.735 0.6 0.22 2.555 1.1335 0.44 0.6
0 1 0 0.34 0.265 0.08 0.2015 0.09 0.0475 0.055
0 1 0 0.41 0.3 0.1 0.282 0.1255 0.057 0.0875
0 1 0 0.42 0.3 0.105 0.316 0.1255 0.07 0.1035
0 1 0 0.425 0.325 0.115 0.3685 0.162 0.0865 0.1045
0 1 0 0.44 0.33 0.11 0.3705 0.1545 0.084 0.12
0 1 0 0.445 0.345 0.105 0.409 0.1675 0.1015 0.117
0 1 0 0.46 0.35 0.115 0.4155 0.18 0.098 0.1175
0 0 1 0.47 0.36 0.105 0.544 0.27 0.1395 0.129
0 1 0 0.475 0.35 0.1 0.4545 0.2165 0.111 0.115
0 0 1 0.52 0.4 0.145 0.7765 0.3525 0.1845 0.185
1 0 0 0.52 0.46 0.15 1.019 0.523 0.1985 0.254
0 0 1 0.525 0.405 0.12 0.7555 0.3755 0.1555 0.201
0 1 0 0.535 0.39 0.125 0.599 0.2595 0.149 0.169
0 0 1 0.545 0.39 0.135 0.7835 0.4225 0.1815 0.156
0 0 1 0.545 0.41 0.12 0.793 0.434 0.1405 0.19
0 0 1 0.56 0.43 0.145 0.8995 0.464 0.1775 0.234
0 0 1 0.565 0.455 0.15 0.9595 0.4565 0.2395 0.23
1 0 0 0.565 0.45 0.175 1.0095 0.447 0.2375 0.2645
0 0 1 0.57 0.46 0.15 1.0375 0.5415 0.2035 0.25
1 0 0 0.575 0.46 0.145 0.9945 0.466 0.229 0.265
0 0 1 0.575 0.435 0.14 0.8455 0.401 0.191 0.222
1 0 0 0.575 0.47 0.165 0.869 0.435 0.197 0.238
0 0 1 0.575 0.455 0.135 0.907 0.4245 0.197 0.26
0 0 1 0.575 0.445 0.145 0.847 0.415 0.1945 0.22
0 0 1 0.58 0.45 0.14 0.9615 0.486 0.1815 0.253
1 0 0 0.58 0.45 0.155 0.93 0.385 0.246 0.265
0 0 1 0.585 0.46 0.145 0.9335 0.478 0.1825 0.235
1 0 0 0.6 0.475 0.16 1.0265 0.485 0.2495 0.2565
1 0 0 0.605 0.47 0.165 1.1775 0.611 0.2275 0.292
0 0 1 0.605 0.475 0.14 1.1175 0.555 0.257 0.274
0 0 1 0.61 0.485 0.145 1.3305 0.783 0.2255 0.2865
1 0 0 0.625 0.485 0.175 1.3745 0.7335 0.2715 0.332
1 0 0 0.65 0.5 0.19 1.464 0.6415 0.339 0.4245
0 0 1 0.65 0.5 0.155 1.202 0.565 0.3135 0.294
0 0 1 0.655 0.515 0.16 1.31 0.553 0.369 0.345
0 1 0 0.665 0.5 0.17 1.2975 0.6035 0.291 0.3595
1 0 0 0.67 0.505 0.205 1.3645 0.6075 0.3025 0.353
1 0 0 0.69 0.54 0.155 1.454 0.624 0.3105 0.39
1 0 0 0.69 0.53 0.17 1.5535 0.7945 0.3485 0.3695
1 0 0 0.7 0.525 0.19 1.6465 0.8545 0.307 0.3995
1 0 0 0.705 0.55 0.17 1.219 0.6395 0.236 0.301
1 0 0 0.71 0.56 0.18 1.652 0.735 0.381 0.4525
0 0 1 0.735 0.585 0.185 2.124 0.952 0.55 0.5
0 0 1 0.745 0.565 0.215 1.931 0.896 0.4585 0.5
1 0 0 0.75 0.57 0.21 2.236 1.109 0.5195 0.545
0 1 0 0.33 0.25 0.095 0.2085 0.102 0.0395 0.052
0 1 0 0.33 0.205 0.095 0.1595 0.077 0.032 0.0435
0 1 0 0.335 0.245 0.09 0.2015 0.096 0.0405 0.048
0 1 0 0.345 0.255 0.085 0.2005 0.105 0.037 0.05
0 1 0 0.365 0.265 0.085 0.213 0.0945 0.049 0.06
0 1 0 0.37 0.29 0.09 0.2445 0.089 0.0655 0.075
0 1 0 0.385 0.29 0.09 0.2615 0.111 0.0595 0.0745
0 1 0 0.385 0.3 0.095 0.302 0.152 0.0615 0.0735
0 1 0 0.395 0.27 0.1 0.2985 0.1445 0.061 0.082
0 1 0 0.4 0.29 0.1 0.2675 0.1205 0.0605 0.0765
0 1 0 0.425 0.31 0.09 0.301 0.1385 0.065 0.08
0 1 0 0.46 0.36 0.105 0.466 0.2225 0.099 0.11
0 0 1 0.525 0.42 0.155 0.842 0.428 0.1415 0.2045
0 1 0 0.53 0.415 0.11 0.5745 0.2525 0.1235 0.189
0 0 1 0.535 0.435 0.15 0.717 0.3475 0.1445 0.194
0 0 1 0.55 0.43 0.15 0.8745 0.413 0.1905 0.248
0 0 1 0.555 0.44 0.14 0.8705 0.407 0.156 0.255
0 1 0 0.56 0.425 0.145 0.688 0.3095 0.1305 0.2165
0 0 1 0.565 0.39 0.125 0.744 0.352 0.13 0.1685
1 0 0 0.57 0.46 0.135 0.9795 0.397 0.2525 0.2655
0 0 1 0.57 0.435 0.125 0.8965 0.383 0.1835 0.275
1 0 0 0.575 0.48 0.165 1.078 0.511 0.2095 0.306
0 0 1 0.585 0.465 0.155 0.9145 0.4555 0.1965 0.235
0 0 1 0.6 0.48 0.155 1.014 0.451 0.1885 0.325
1 0 0 0.6 0.465 0.155 1.04 0.4755 0.25 0.28
0 1 0 0.605 0.435 0.13 0.9025 0.432 0.174 0.26
0 1 0 0.61 0.465 0.15 0.9605 0.4495 0.1725 0.286
0 0 1 0.615 0.48 0.175 1.118 0.446 0.3195 0.3
1 0 0 0.625 0.505 0.175 1.15 0.5475 0.256 0.3045
1 0 0 0.625 0.515 0.16 1.264 0.5715 0.326 0.321
1 0 0 0.63 0.485 0.17 1.3205 0.5945 0.345 0.345
0 1 0 0.63 0.505 0.18 1.272 0.6025 0.295 0.315
1 0 0 0.635 0.5 0.165 1.4595 0.705 0.2645 0.39
1 0 0 0.635 0.495 0.175 1.211 0.707 0.2725 0.323
0 0 1 0.645 0.525 0.16 1.5075 0.7455 0.245 0.4325
1 0 0 0.65 0.59 0.22 1.662 0.77 0.378 0.435
0 0 1 0.65 0.525 0.175 1.5365 0.6865 0.3585 0.405
0 0 1 0.65 0.51 0.19 1.542 0.7155 0.3735 0.375
0 0 1 0.685 0.545 0.205 1.7925 0.8145 0.416 0.461
1 0 0 0.695 0.565 0.19 1.7635 0.7465 0.399 0.4975
1 0 0 0.71 0.55 0.17 1.614 0.743 0.345 0.45
1 0 0 0.725 0.6 0.2 1.737 0.697 0.3585 0.595
1 0 0 0.73 0.58 0.19 1.7375 0.6785 0.4345 0.52
1 0 0 0.745 0.57 0.215 2.25 1.1565 0.446 0.558
0 1 0 0.365 0.265 0.135 0.2215 0.105 0.047 0.0605
0 1 0 0.375 0.28 0.085 0.3155 0.187 0.046 0.067
0 1 0 0.395 0.295 0.09 0.3025 0.143 0.0665 0.0765
0 1 0 0.4 0.3 0.09 0.2815 0.1185 0.061 0.08
0 1 0 0.405 0.29 0.09 0.2825 0.112 0.075 0.0815
0 1 0 0.41 0.32 0.095 0.2905 0.141 0.063 0.073
1 0 0 0.56 0.435 0.15 0.8715 0.4755 0.1835 0.1835
0 0 1 0.575 0.465 0.15 1.08 0.595 0.2065 0.238
1 0 0 0.58 0.46 0.175 1.165 0.65 0.2205 0.3055
1 0 0 0.58 0.435 0.14 0.953 0.475 0.2165 0.2095
1 0 0 0.59 0.465 0.15 1.151 0.613 0.239 0.2515
0 0 1 0.625 0.47 0.18 1.136 0.451 0.3245 0.305
0 0 1 0.63 0.48 0.15 1.271 0.6605 0.2425 0.31
1 0 0 0.64 0.515 0.205 1.5335 0.6635 0.3345 0.4025
0 0 1 0.645 0.51 0.155 1.539 0.6405 0.3585 0.43
1 0 0 0.645 0.505 0.165 1.318 0.55 0.3015 0.335
1 0 0 0.65 0.5 0.16 1.3825 0.702 0.304 0.3195
1 0 0 0.655 0.54 0.215 1.5555 0.695 0.296 0.444
0 0 1 0.655 0.51 0.215 1.7835 0.8885 0.4095 0.4195
0 0 1 0.67 0.545 0.2 1.7025 0.833 0.374 0.41
0 0 1 0.68 0.515 0.17 1.6115 0.8415 0.306 0.395
1 0 0 0.7 0.55 0.17 1.684 0.7535 0.3265 0.32
0 0 1 0.7 0.555 0.2 1.858 0.73 0.3665 0.595
0 1 0 0.355 0.26 0.09 0.1985 0.0715 0.0495 0.058
0 1 0 0.365 0.27 0.085 0.2225 0.0935 0.0525 0.066
0 1 0 0.375 0.28 0.08 0.2165 0.0935 0.0925 0.07
0 1 0 0.38 0.285 0.095 0.243 0.0895 0.0665 0.075
0 1 0 0.385 0.28 0.095 0.257 0.119 0.059 0.07
0 1 0 0.39 0.285 0.1 0.281 0.1275 0.062 0.077
0 1 0 0.39 0.29 0.1 0.2225 0.095 0.0465 0.073
0 1 0 0.435 0.335 0.1 0.3295 0.129 0.07 0.11
0 1 0 0.515 0.36 0.125 0.4725 0.1815 0.125 0.138
0 1 0 0.53 0.42 0.12 0.5965 0.2555 0.141 0.177
0 1 0 0.53 0.4 0.145 0.555 0.1935 0.1305 0.195
0 1 0 0.54 0.42 0.14 0.6275 0.2505 0.1175 0.235
0 1 0 0.555 0.395 0.13 0.5585 0.222 0.1245 0.17
0 0 1 0.57 0.45 0.14 0.795 0.3385 0.148 0.245
0 1 0 0.575 0.445 0.17 0.8015 0.3475 0.1465 0.25
0 1 0 0.58 0.445 0.125 0.7095 0.303 0.1405 0.235
1 0 0 0.6 0.475 0.15 1.13 0.575 0.196 0.305
1 0 0 0.605 0.505 0.18 1.434 0.7285 0.264 0.431
0 1 0 0.61 0.465 0.125 0.9225 0.436 0.19 0.26
0 1 0 0.62 0.47 0.14 0.8565 0.3595 0.16 0.295
0 0 1 0.625 0.49 0.165 1.1165 0.4895 0.2615 0.3325
0 0 1 0.63 0.505 0.17 1.0915 0.4615 0.266 0.3
0 0 1 0.63 0.495 0.175 1.2695 0.605 0.271 0.328
0 0 1 0.64 0.525 0.185 1.707 0.763 0.4205 0.4435
0 0 1 0.645 0.5 0.19 1.5595 0.741 0.3715 0.3845
0 0 1 0.645 0.51 0.19 1.4745 0.605 0.345 0.48
1 0 0 0.645 0.51 0.16 1.2415 0.5815 0.276 0.315
1 0 0 0.65 0.495 0.155 1.337 0.615 0.3195 0.335
0 0 1 0.65 0.525 0.185 1.488 0.665 0.337 0.378
0 0 1 0.65 0.51 0.16 1.3835 0.6385 0.2905 0.3665
1 0 0 0.655 0.505 0.195 1.4405 0.688 0.3805 0.363
0 0 1 0.66 0.5 0.165 1.3195 0.667 0.269 0.341
0 0 1 0.66 0.51 0.165 1.6375 0.7685 0.3545 0.3925
0 0 1 0.665 0.525 0.175 1.443 0.6635 0.3845 0.353
1 0 0 0.665 0.505 0.16 1.2915 0.631 0.2925 0.32
0 0 1 0.665 0.5 0.175 1.2975 0.6075 0.314 0.315
1 0 0 0.67 0.54 0.195 1.619 0.74 0.3305 0.465
1 0 0 0.68 0.51 0.2 1.6075 0.714 0.339 0.4705
0 0 1 0.71 0.56 0.22 2.015 0.9215 0.454 0.566
1 0 0 0.72 0.525 0.18 1.445 0.631 0.3215 0.435
1 0 0 0.73 0.56 0.19 1.9425 0.799 0.5195 0.5655
0 0 1 0.735 0.59 0.215 1.747 0.7275 0.403 0.557
1 0 0 0.75 0.565 0.215 1.938 0.7735 0.4825 0.575
0 1 0 0.275 0.175 0.09 0.2315 0.096 0.057 0.0705
0 0 1 0.39 0.28 0.125 0.564 0.3035 0.0955 0.143
0 0 1 0.465 0.36 0.115 0.5795 0.295 0.1395 0.12
0 0 1 0.5 0.37 0.15 1.0615 0.494 0.223 0.296
0 0 1 0.515 0.35 0.155 0.9225 0.4185 0.198 0.273
0 0 1 0.525 0.38 0.125 0.65 0.303 0.155 0.159
1 0 0 0.545 0.385 0.15 1.1185 0.5425 0.2445 0.2845
0 0 1 0.6 0.495 0.175 1.3005 0.6195 0.284 0.3285
0 0 1 0.605 0.475 0.175 1.2525 0.5575 0.3055 0.343
1 0 0 0.61 0.475 0.15 1.1135 0.5195 0.2575 0.3005
0 0 1 0.625 0.495 0.175 1.254 0.5815 0.286 0.3185
0 0 1 0.635 0.495 0.195 1.172 0.445 0.3115 0.3475
0 0 1 0.645 0.5 0.16 1.3815 0.672 0.326 0.315
0 0 1 0.65 0.525 0.19 1.6125 0.777 0.3685 0.3965
1 0 0 0.655 0.52 0.2 1.5475 0.713 0.314 0.466
0 0 1 0.73 0.575 0.21 2.069 0.9285 0.409 0.643
0 1 0 0.435 0.335 0.1 0.3245 0.135 0.0785 0.098
0 1 0 0.435 0.33 0.11 0.38 0.1515 0.0945 0.11
0 1 0 0.465 0.37 0.11 0.445 0.1635 0.096 0.166
0 1 0 0.52 0.395 0.125 0.5805 0.2445 0.146 0.165
0 1 0 0.52 0.38 0.115 0.6645 0.3285 0.17 0.1425
0 1 0 0.53 0.405 0.12 0.632 0.2715 0.148 0.1875
0 1 0 0.535 0.455 0.14 1.0015 0.53 0.1765 0.244
1 0 0 0.54 0.425 0.16 0.9455 0.3675 0.2005 0.295
0 1 0 0.545 0.43 0.14 0.687 0.2615 0.1405 0.25
0 0 1 0.555 0.4 0.13 0.7075 0.332 0.1585 0.18
0 0 1 0.555 0.455 0.135 0.837 0.382 0.171 0.235
0 0 1 0.565 0.455 0.155 0.9355 0.421 0.183 0.26
0 1 0 0.565 0.435 0.145 0.8445 0.3975 0.158 0.255
0 0 1 0.57 0.46 0.155 1.0005 0.454 0.205 0.265
0 0 1 0.57 0.455 0.155 0.832 0.3585 0.174 0.277
0 0 1 0.575 0.45 0.155 0.9765 0.495 0.2145 0.235
0 0 1 0.575 0.455 0.155 1.013 0.4685 0.2085 0.295
0 0 1 0.575 0.475 0.145 0.857 0.3665 0.173 0.269
1 0 0 0.58 0.45 0.195 0.8265 0.4035 0.173 0.225
0 0 1 0.6 0.46 0.17 1.1805 0.456 0.337 0.329
1 0 0 0.61 0.47 0.165 1.1785 0.566 0.2785 0.294
0 0 1 0.615 0.47 0.145 1.0285 0.4435 0.2825 0.285
0 0 1 0.615 0.47 0.15 1.0875 0.4975 0.283 0.2685
0 0 1 0.62 0.49 0.15 1.195 0.4605 0.302 0.355
0 0 1 0.62 0.47 0.15 1.309 0.587 0.4405 0.325
0 0 1 0.625 0.515 0.17 1.331 0.5725 0.3005 0.361
0 0 1 0.63 0.49 0.155 1.2525 0.63 0.246 0.289
1 0 0 0.635 0.485 0.165 1.2695 0.5635 0.3065 0.3395
1 0 0 0.635 0.505 0.155 1.2895 0.594 0.314 0.345
0 0 1 0.64 0.53 0.165 1.1895 0.4765 0.3 0.35
1 0 0 0.64 0.485 0.185 1.4195 0.6735 0.3465 0.3255
1 0 0 0.645 0.52 0.21 1.5535 0.616 0.3655 0.474
1 0 0 0.655 0.515 0.18 1.412 0.6195 0.2485 0.497
1 0 0 0.675 0.51 0.185 1.473 0.6295 0.3025 0.4245
1 0 0 0.725 0.57 0.205 1.6195 0.744 0.315 0.488
1 0 0 0.75 0.55 0.195 1.8325 0.83 0.366 0.44
0 1 0 0.325 0.25 0.07 0.1745 0.0875 0.0355 0.04
0 1 0 0.35 0.235 0.08 0.17 0.0725 0.0465 0.0495
0 1 0 0.355 0.27 0.105 0.271 0.1425 0.0525 0.0735
0 1 0 0.375 0.275 0.085 0.22 0.109 0.05 0.0605
0 1 0 0.395 0.29 0.095 0.3 0.158 0.068 0.078
0 1 0 0.405 0.25 0.09 0.2875 0.128 0.063 0.0805
0 1 0 0.435 0.325 0.12 0.346 0.159 0.084 0.095
0 0 1 0.505 0.39 0.12 0.653 0.3315 0.1385 0.167
0 0 1 0.525 0.41 0.13 0.6875 0.3435 0.1495 0.1765
0 0 1 0.565 0.445 0.145 0.9255 0.4345 0.212 0.2475
0 0 1 0.58 0.46 0.16 1.063 0.513 0.2705 0.2625
0 0 1 0.66 0.515 0.195 1.5655 0.7345 0.353 0.386
0 1 0 0.27 0.195 0.065 0.1065 0.0475 0.0225 0.0285
0 1 0 0.395 0.295 0.1 0.293 0.14 0.062 0.082
0 1 0 0.415 0.305 0.12 0.336 0.165 0.076 0.0805
0 1 0 0.44 0.305 0.115 0.379 0.162 0.091 0.11
0 0 1 0.5 0.39 0.135 0.7815 0.361 0.1575 0.2385
0 0 1 0.505 0.385 0.13 0.6435 0.3135 0.149 0.1515
0 0 1 0.55 0.41 0.13 0.8705 0.4455 0.2115 0.213
0 1 0 0.55 0.42 0.115 0.668 0.2925 0.137 0.209
1 0 0 0.585 0.485 0.15 1.079 0.4145 0.2115 0.356
0 0 1 0.595 0.465 0.15 0.919 0.4335 0.1765 0.262
1 0 0 0.62 0.49 0.16 1.056 0.493 0.244 0.2725
0 0 1 0.685 0.55 0.2 1.7725 0.813 0.387 0.49
0 0 1 0.425 0.33 0.08 0.361 0.134 0.0825 0.125
0 0 1 0.5 0.38 0.155 0.66 0.2655 0.1365 0.215
0 1 0 0.41 0.31 0.11 0.315 0.124 0.082 0.095
0 0 1 0.375 0.29 0.1 0.276 0.1175 0.0565 0.085
0 0 1 0.595 0.455 0.155 1.041 0.416 0.2105 0.365
0 1 0 0.325 0.25 0.055 0.166 0.076 0.051 0.045
0 1 0 0.455 0.355 0.08 0.452 0.2165 0.0995 0.125
0 1 0 0.455 0.37 0.125 0.433 0.201 0.1265 0.145
0 1 0 0.475 0.36 0.11 0.4555 0.177 0.0965 0.145
0 0 1 0.385 0.295 0.095 0.335 0.147 0.094 0.09
0 1 0 0.4 0.31 0.1 0.127 0.106 0.071 0.085
0 0 1 0.585 0.455 0.14 0.97 0.462 0.185 0.295
1 0 0 0.56 0.425 0.125 0.932 0.361 0.213 0.335
0 1 0 0.32 0.24 0.075 0.1735 0.076 0.0355 0.05
0 0 1 0.27 0.195 0.07 0.106 0.0465 0.018 0.036
0 0 1 0.62 0.495 0.175 1.806 0.643 0.3285 0.725
0 0 1 0.69 0.55 0.2 1.8465 0.732 0.472 0.57
1 0 0 0.71 0.565 0.195 1.817 0.785 0.492 0.49
0 0 1 0.375 0.305 0.09 0.3245 0.1395 0.0565 0.095
0 0 1 0.285 0.21 0.075 0.1185 0.055 0.0285 0.04
0 1 0 0.215 0.15 0.03 0.0385 0.0115 0.005 0.01
1 0 0 0.58 0.45 0.235 1.071 0.3 0.206 0.395
0 0 1 0.445 0.34 0.12 0.4475 0.193 0.1035 0.13
0 1 0 0.37 0.28 0.09 0.233 0.0905 0.0545 0.07
0 0 1 0.42 0.345 0.105 0.43 0.175 0.096 0.13
1 0 0 0.29 0.225 0.075 0.14 0.0515 0.0235 0.04
0 0 1 0.565 0.47 0.195 1.142 0.387 0.258 0.35
0 0 1 0.58 0.465 0.175 1.035 0.401 0.1865 0.385
0 1 0 0.355 0.28 0.11 0.2235 0.0815 0.0525 0.08
1 0 0 0.505 0.4 0.165 0.729 0.2675 0.155 0.25
0 0 1 0.595 0.475 0.17 1.0965 0.419 0.229 0.35
0 0 1 0.585 0.465 0.19 1.171 0.3905 0.2355 0.4
0 0 1 0.655 0.59 0.2 1.5455 0.654 0.3765 0.415
1 0 0 0.645 0.5 0.2 1.4285 0.639 0.305 0.36
0 0 1 0.65 0.495 0.18 1.793 0.8005 0.339 0.53
0 0 1 0.585 0.43 0.16 0.955 0.3625 0.176 0.27
1 0 0 0.52 0.41 0.17 0.8705 0.3735 0.219 0.25
0 0 1 0.51 0.405 0.13 0.7175 0.3725 0.158 0.17
0 1 0 0.405 0.315 0.105 0.347 0.1605 0.0785 0.1
0 1 0 0.42 0.33 0.1 0.352 0.1635 0.089 0.1
1 0 0 0.38 0.3 0.09 0.3215 0.1545 0.075 0.095
0 1 0 0.415 0.325 0.1 0.385 0.167 0.08 0.125
1 0 0 0.58 0.455 0.12 0.94 0.399 0.257 0.265
0 0 1 0.59 0.49 0.135 1.008 0.422 0.2245 0.285
0 0 1 0.35 0.265 0.11 0.2965 0.1365 0.063 0.085
0 0 1 0.595 0.47 0.145 0.991 0.4035 0.1505 0.34
0 0 1 0.575 0.435 0.15 0.805 0.293 0.1625 0.27
1 0 0 0.665 0.535 0.19 1.496 0.5775 0.2815 0.475
0 0 1 0.56 0.455 0.165 0.86 0.4015 0.1695 0.245
0 0 1 0.64 0.52 0.2 1.407 0.566 0.304 0.455
1 0 0 0.71 0.565 0.195 1.7265 0.638 0.3365 0.565
1 0 0 0.45 0.36 0.105 0.4715 0.2035 0.0935 0.149
1 0 0 0.61 0.485 0.21 1.3445 0.535 0.2205 0.515
1 0 0 0.545 0.44 0.175 0.7745 0.2985 0.1875 0.265
0 0 1 0.695 0.57 0.23 1.885 0.8665 0.435 0.5
0 0 1 0.18 0.125 0.05 0.023 0.0085 0.0055 0.01
0 0 1 0.175 0.135 0.04 0.0305 0.011 0.0075 0.01
0 0 1 0.155 0.115 0.025 0.024 0.009 0.005 0.0075
0 0 1 0.42 0.34 0.125 0.4495 0.165 0.1125 0.144
0 1 0 0.625 0.46 0.16 1.2395 0.55 0.273 0.38
0 1 0 0.625 0.465 0.155 0.972 0.404 0.1845 0.35
0 1 0 0.44 0.355 0.165 0.435 0.159 0.105 0.14
0 0 1 0.31 0.245 0.095 0.15 0.0525 0.034 0.048
0 1 0 0.42 0.305 0.11 0.28 0.094 0.0785 0.0955
0 0 1 0.31 0.235 0.06 0.12 0.0415 0.033 0.04
0 1 0 0.565 0.435 0.155 0.782 0.2715 0.168 0.285
0 0 1 0.34 0.255 0.095 0.213 0.081 0.034 0.07
0 1 0 0.52 0.38 0.14 0.525 0.1775 0.115 0.185
0 1 0 0.635 0.5 0.18 1.319 0.5485 0.292 0.49
0 1 0 0.335 0.24 0.095 0.17 0.062 0.039 0.055
1 0 0 0.515 0.4 0.17 0.796 0.258 0.1755 0.28
0 0 1 0.5 0.355 0.14 0.528 0.2125 0.149 0.14
0 0 1 0.395 0.305 0.105 0.282 0.0975 0.065 0.096
0 0 1 0.515 0.405 0.14 0.8505 0.312 0.146 0.315
0 0 1 0.425 0.325 0.12 0.3755 0.142 0.1065 0.105
0 0 1 0.565 0.44 0.175 1.122 0.393 0.2 0.375
0 0 1 0.645 0.515 0.175 1.6115 0.6745 0.384 0.385
1 0 0 0.615 0.47 0.175 1.2985 0.5135 0.343 0.32
0 0 1 0.605 0.49 0.145 1.3 0.517 0.3285 0.31
1 0 0 0.5 0.44 0.155 0.742 0.2025 0.2005 0.2115
1 0 0 0.54 0.415 0.175 0.8975 0.275 0.241 0.275
0 0 1 0.46 0.36 0.135 0.6105 0.1955 0.107 0.235
1 0 0 0.63 0.51 0.185 1.235 0.5115 0.349 0.3065
0 0 1 0.4 0.305 0.13 0.2935 0.096 0.0675 0.105
0 1 0 0.415 0.325 0.1 0.4665 0.2285 0.1065 0.114
0 0 1 0.48 0.37 0.135 0.6315 0.3445 0.1015 0.161
0 1 0 0.505 0.39 0.185 0.6125 0.267 0.142 0.172
0 0 1 0.525 0.425 0.19 0.872 0.4625 0.1725 0.199
0 0 1 0.54 0.42 0.12 0.8115 0.392 0.1455 0.2235
0 0 1 0.545 0.45 0.15 0.8795 0.387 0.15 0.2625
1 0 0 0.565 0.44 0.15 0.983 0.4475 0.2355 0.2485
0 0 1 0.59 0.48 0.16 1.262 0.5685 0.2725 0.335
1 0 0 0.6 0.485 0.165 1.1405 0.587 0.2175 0.288
0 1 0 0.66 0.525 0.215 1.786 0.6725 0.3615 0.4065
1 0 0 0.69 0.55 0.18 1.659 0.8715 0.2655 0.4395
0 1 0 0.28 0.21 0.055 0.106 0.0415 0.0265 0.031
0 1 0 0.39 0.295 0.1 0.279 0.1155 0.059 0.08
0 1 0 0.415 0.325 0.1 0.3335 0.1445 0.0715 0.095
0 0 1 0.5 0.375 0.145 0.6215 0.274 0.166 0.1485
0 1 0 0.505 0.385 0.12 0.6005 0.239 0.142 0.185
0 0 1 0.525 0.415 0.135 0.7945 0.394 0.189 0.202
1 0 0 0.555 0.425 0.14 0.963 0.44 0.224 0.24
1 0 0 0.57 0.445 0.15 0.995 0.504 0.185 0.2505
0 0 1 0.575 0.45 0.155 0.948 0.429 0.206 0.259
0 0 1 0.59 0.465 0.14 1.046 0.4695 0.263 0.263
1 0 0 0.595 0.47 0.155 1.1775 0.542 0.269 0.31
1 0 0 0.595 0.465 0.15 1.0765 0.491 0.22 0.287
1 0 0 0.595 0.465 0.15 1.0255 0.412 0.2745 0.289
1 0 0 0.62 0.51 0.175 1.2705 0.5415 0.323 0.3225
1 0 0 0.62 0.475 0.16 1.3245 0.6865 0.233 0.3275
1 0 0 0.63 0.495 0.2 1.4255 0.659 0.336 0.38
1 0 0 0.63 0.495 0.145 1.147 0.5455 0.266 0.2885
0 0 1 0.645 0.49 0.16 1.251 0.5355 0.3345 0.3165
1 0 0 0.65 0.5 0.185 1.4415 0.741 0.2955 0.341
0 0 1 0.67 0.52 0.19 1.6385 0.8115 0.369 0.391
0 1 0 0.425 0.34 0.1 0.3515 0.1625 0.082 0.094
0 1 0 0.43 0.32 0.1 0.3465 0.1635 0.08 0.09
0 1 0 0.465 0.355 0.105 0.442 0.2085 0.0975 0.1185
0 1 0 0.475 0.365 0.1 0.1315 0.2025 0.0875 0.123
0 1 0 0.475 0.375 0.115 0.5205 0.233 0.119 0.1455
0 1 0 0.495 0.38 0.12 0.512 0.233 0.1205 0.136
0 0 1 0.505 0.4 0.135 0.723 0.377 0.149 0.178
0 0 1 0.545 0.42 0.145 0.778 0.3745 0.1545 0.205
0 0 1 0.545 0.42 0.12 0.7865 0.403 0.185 0.17
1 0 0 0.57 0.45 0.18 0.908 0.4015 0.217 0.255
0 0 1 0.57 0.45 0.135 1.02 0.546 0.204 0.25
1 0 0 0.585 0.45 0.15 0.938 0.467 0.203 0.225
0 0 1 0.59 0.46 0.14 1.004 0.496 0.2165 0.26
1 0 0 0.615 0.475 0.17 1.055 0.543 0.246 0.2345
0 0 1 0.615 0.45 0.15 1.198 0.707 0.2095 0.2505
1 0 0 0.615 0.47 0.155 1.084 0.5885 0.209 0.246
0 0 1 0.62 0.49 0.155 1.1 0.505 0.2475 0.31
0 0 1 0.625 0.495 0.185 1.3835 0.7105 0.3005 0.345
1 0 0 0.625 0.49 0.155 1.115 0.484 0.277 0.3095
0 0 1 0.63 0.505 0.15 1.3165 0.6325 0.2465 0.37
0 0 1 0.645 0.515 0.16 1.1845 0.506 0.311 0.335
1 0 0 0.645 0.52 0.18 1.285 0.5775 0.352 0.317
0 0 1 0.65 0.515 0.125 1.1805 0.5235 0.283 0.3275
0 0 1 0.65 0.52 0.175 1.2655 0.615 0.2775 0.336
1 0 0 0.65 0.49 0.155 1.122 0.545 0.228 0.3055
1 0 0 0.665 0.505 0.165 1.349 0.5985 0.3175 0.36
0 0 1 0.68 0.52 0.165 1.4775 0.724 0.279 0.406
0 0 1 0.68 0.53 0.18 1.529 0.7635 0.3115 0.4025
1 0 0 0.725 0.53 0.19 1.7315 0.83 0.398 0.405
0 0 1 0.725 0.55 0.2 1.51 0.8735 0.4265 0.5085
0 0 1 0.75 0.555 0.215 2.201 1.0615 0.5235 0.5285
0 1 0 0.355 0.255 0.08 0.187 0.078 0.0505 0.058
0 1 0 0.375 0.275 0.095 0.2295 0.095 0.0545 0.066
0 1 0 0.405 0.305 0.1 0.271 0.0965 0.061 0.091
0 1 0 0.43 0.34 0.11 0.3645 0.159 0.0855 0.105
0 0 1 0.515 0.41 0.14 0.7355 0.3065 0.137 0.2
0 1 0 0.55 0.42 0.155 0.912 0.495 0.1805 0.205
0 1 0 0.56 0.435 0.135 0.72 0.329 0.103 0.251
0 1 0 0.565 0.43 0.15 0.8215 0.332 0.1685 0.29
1 0 0 0.575 0.435 0.155 0.8975 0.4115 0.2325 0.23
1 0 0 0.58 0.465 0.145 0.9865 0.47 0.2155 0.25
0 1 0 0.585 0.42 0.145 0.6735 0.2895 0.1345 0.22
0 0 1 0.59 0.47 0.145 0.9235 0.4545 0.173 0.254
0 0 1 0.6 0.45 0.145 0.877 0.4325 0.155 0.24
0 0 1 0.6 0.51 0.185 1.285 0.6095 0.2745 0.315
1 0 0 0.62 0.465 0.14 1.1605 0.6005 0.2195 0.307
1 0 0 0.64 0.495 0.17 1.2265 0.49 0.377 0.2875
0 0 1 0.65 0.52 0.155 1.368 0.6185 0.288 0.365
1 0 0 0.66 0.505 0.19 1.4045 0.6255 0.3375 0.3745
1 0 0 0.66 0.525 0.2 1.463 0.6525 0.2995 0.422
1 0 0 0.705 0.54 0.205 1.757 0.8265 0.417 0.461
0 0 1 0.725 0.57 0.19 2.3305 1.253 0.541 0.52
0 1 0 0.24 0.17 0.05 0.0545 0.0205 0.016 0.0155
0 1 0 0.32 0.235 0.09 0.183 0.098 0.0335 0.042
0 1 0 0.33 0.225 0.075 0.187 0.0945 0.0395 0.0425
0 1 0 0.375 0.265 0.095 0.196 0.085 0.042 0.0585
0 1 0 0.39 0.29 0.09 0.2625 0.117 0.054 0.077
0 1 0 0.45 0.335 0.105 0.362 0.1575 0.0795 0.1095
0 1 0 0.455 0.35 0.105 0.4445 0.213 0.107 0.1115
0 0 1 0.5 0.365 0.13 0.5945 0.309 0.1085 0.1535
0 0 1 0.52 0.4 0.105 0.872 0.4515 0.1615 0.1985
0 0 1 0.535 0.405 0.14 0.818 0.402 0.1715 0.189
0 0 1 0.58 0.445 0.16 0.984 0.49 0.201 0.27
0 0 1 0.59 0.47 0.155 1.1735 0.6245 0.233 0.2595
0 0 1 0.59 0.485 0.155 1.0785 0.4535 0.2435 0.31
1 0 0 0.625 0.485 0.16 1.254 0.591 0.259 0.3485
1 0 0 0.645 0.49 0.16 1.1665 0.4935 0.3155 0.299
1 0 0 0.65 0.525 0.19 1.385 0.8875 0.3095 0.405
1 0 0 0.655 0.515 0.17 1.527 0.8485 0.2635 0.331
0 0 1 0.665 0.515 0.19 1.6385 0.831 0.3575 0.371
1 0 0 0.72 0.565 0.18 1.719 0.8465 0.407 0.3875
0 1 0 0.32 0.205 0.08 0.181 0.088 0.034 0.0495
0 1 0 0.335 0.26 0.09 0.1965 0.0875 0.041 0.056
0 1 0 0.445 0.31 0.09 0.336 0.1555 0.09 0.0855
0 1 0 0.575 0.455 0.16 0.9895 0.495 0.195 0.246
1 0 0 0.58 0.45 0.17 0.9705 0.4615 0.232 0.248
0 0 1 0.58 0.445 0.15 0.9525 0.4315 0.1945 0.287
0 0 1 0.59 0.5 0.15 1.142 0.485 0.265 0.345
0 1 0 0.59 0.46 0.125 0.755 0.334 0.15 0.238
0 1 0 0.6 0.445 0.135 0.9205 0.445 0.2035 0.253
0 0 1 0.605 0.49 0.18 1.167 0.457 0.29 0.3745
0 0 1 0.61 0.48 0.14 1.0625 0.516 0.225 0.2915
0 1 0 0.61 0.49 0.16 1.1545 0.5865 0.2385 0.2915
1 0 0 0.615 0.515 0.135 1.1215 0.545 0.2305 0.29
0 0 1 0.625 0.495 0.175 1.2075 0.531 0.281 0.3525
1 0 0 0.625 0.5 0.16 1.217 0.5725 0.207 0.355
0 0 1 0.63 0.53 0.18 1.2795 0.618 0.256 0.315
0 0 1 0.63 0.51 0.17 1.1885 0.4915 0.3065 0.348
1 0 0 0.635 0.485 0.19 1.3765 0.634 0.2885 0.406
0 0 1 0.635 0.52 0.175 1.292 0.6 0.269 0.367
0 0 1 0.635 0.515 0.16 1.2075 0.5385 0.282 0.345
0 0 1 0.64 0.505 0.18 1.297 0.59 0.3125 0.363
0 0 1 0.64 0.575 0.175 1.4585 0.625 0.266 0.4395
1 0 0 0.645 0.52 0.17 1.197 0.526 0.2925 0.317
1 0 0 0.655 0.5 0.205 1.528 0.6215 0.3725 0.4535
0 0 1 0.67 0.525 0.17 1.4005 0.715 0.3025 0.387
1 0 0 0.51 0.37 0.21 1.183 0.508 0.292 0.343
0 0 1 0.555 0.425 0.15 0.873 0.4625 0.1845 0.1965
0 0 1 0.56 0.425 0.135 0.9415 0.509 0.2015 0.1975
1 0 0 0.59 0.44 0.14 1.007 0.4775 0.2105 0.2925
0 0 1 0.61 0.485 0.17 1.281 0.597 0.3035 0.33
1 0 0 0.625 0.49 0.11 1.136 0.5265 0.1915 0.2925
1 0 0 0.635 0.525 0.18 1.3695 0.634 0.318 0.363
0 0 1 0.64 0.495 0.165 1.307 0.678 0.292 0.266
1 0 0 0.67 0.515 0.17 1.4265 0.6605 0.3395 0.37
0 1 0 0.39 0.3 0.1 0.2665 0.1105 0.059 0.084
0 1 0 0.455 0.355 0.105 0.372 0.138 0.0765 0.135
0 1 0 0.475 0.375 0.11 0.456 0.182 0.099 0.16
0 1 0 0.495 0.33 0.1 0.44 0.177 0.095 0.15
0 1 0 0.515 0.385 0.125 0.572 0.237 0.1435 0.165
0 1 0 0.565 0.44 0.135 0.768 0.3305 0.1385 0.2475
0 0 1 0.575 0.47 0.15 0.9785 0.4505 0.196 0.276
0 0 1 0.595 0.48 0.14 0.9125 0.4095 0.1825 0.289
0 1 0 0.62 0.475 0.16 0.907 0.371 0.167 0.3075
1 0 0 0.625 0.515 0.155 1.1635 0.4875 0.259 0.355
1 0 0 0.635 0.505 0.165 1.251 0.577 0.227 0.3825
1 0 0 0.635 0.49 0.155 1.145 0.4775 0.3035 0.3155
1 0 0 0.64 0.485 0.145 1.1335 0.5525 0.2505 0.3015
1 0 0 0.64 0.5 0.15 1.2015 0.559 0.231 0.3355
0 0 1 0.65 0.505 0.17 1.5595 0.695 0.3515 0.395
0 0 1 0.655 0.54 0.165 1.403 0.6955 0.2385 0.42
1 0 0 0.655 0.49 0.16 1.204 0.5455 0.2615 0.3225
1 0 0 0.655 0.455 0.17 1.2895 0.587 0.3165 0.3415
0 0 1 0.675 0.52 0.145 1.3645 0.557 0.3405 0.385
1 0 0 0.68 0.52 0.185 1.494 0.615 0.3935 0.406
1 0 0 0.695 0.535 0.2 1.5855 0.667 0.334 0.471
0 1 0 0.23 0.17 0.05 0.057 0.026 0.013 0.016
0 1 0 0.425 0.31 0.095 0.3075 0.139 0.0745 0.093
0 0 1 0.53 0.415 0.12 0.706 0.3355 0.1635 0.1345
1 0 0 0.53 0.395 0.115 0.5685 0.249 0.1375 0.161
0 0 1 0.575 0.48 0.15 0.9465 0.4355 0.2605 0.2505
0 0 1 0.595 0.455 0.145 0.942 0.43 0.182 0.277
0 1 0 0.37 0.275 0.1 0.2815 0.1505 0.0505 0.068
0 1 0 0.415 0.32 0.115 0.3045 0.1215 0.0735 0.094
0 1 0 0.44 0.34 0.1 0.379 0.1725 0.0815 0.101
1 0 0 0.55 0.425 0.14 0.952 0.4895 0.1945 0.2185
0 0 1 0.615 0.495 0.155 1.2865 0.435 0.293 0.3245
1 0 0 0.62 0.485 0.155 1.1945 0.5105 0.271 0.352
0 0 1 0.675 0.505 0.16 1.532 0.74 0.357 0.3815
1 0 0 0.485 0.39 0.1 0.5565 0.2215 0.1155 0.185
0 0 1 0.55 0.425 0.16 0.97 0.2885 0.139 0.48
1 0 0 0.625 0.48 0.2 1.3235 0.6075 0.3055 0.355
0 0 1 0.585 0.45 0.15 1.047 0.4315 0.276 0.315
1 0 0 0.47 0.375 0.105 0.513 0.232 0.142 0.13
0 0 1 0.425 0.335 0.1 0.4085 0.1755 0.092 0.135
1 0 0 0.43 0.35 0.09 0.397 0.1575 0.089 0.12
0 1 0 0.275 0.2 0.065 0.1165 0.0565 0.013 0.035
1 0 0 0.55 0.44 0.125 0.765 0.33 0.2125 0.245
1 0 0 0.57 0.465 0.155 0.872 0.3245 0.239 0.285
0 1 0 0.51 0.405 0.12 0.61 0.229 0.131 0.235
0 0 1 0.5 0.385 0.135 0.551 0.2245 0.0715 0.206
0 0 1 0.565 0.44 0.115 0.9185 0.404 0.1785 0.29
0 0 1 0.72 0.575 0.23 2.2695 0.8835 0.3985 0.665
0 0 1 0.55 0.405 0.15 0.9235 0.412 0.2135 0.24
0 1 0 0.2 0.145 0.025 0.0345 0.011 0.0075 0.01
1 0 0 0.525 0.405 0.115 0.72 0.3105 0.1915 0.2
0 0 1 0.45 0.335 0.14 0.478 0.1865 0.115 0.16
0 0 1 0.335 0.265 0.095 0.1975 0.0795 0.0375 0.07
1 0 0 0.57 0.495 0.16 1.0915 0.452 0.275 0.315
0 0 1 0.63 0.51 0.19 1.4985 0.4125 0.3075 0.545
0 0 1 0.385 0.305 0.09 0.2775 0.109 0.0515 0.1
0 0 1 0.64 0.525 0.2 1.3765 0.44 0.3075 0.47
0 1 0 0.44 0.35 0.12 0.375 0.1425 0.0965 0.115
0 1 0 0.42 0.325 0.125 0.3915 0.1575 0.1025 0.115
1 0 0 0.69 0.555 0.205 1.8165 0.7785 0.4395 0.515
0 0 1 0.595 0.5 0.165 1.06 0.402 0.28 0.275
1 0 0 0.435 0.35 0.105 0.4195 0.194 0.1005 0.13
0 1 0 0.3 0.23 0.075 0.15 0.0605 0.042 0.045
1 0 0 0.595 0.485 0.145 1.2515 0.5035 0.2925 0.33
0 0 1 0.565 0.45 0.115 0.9085 0.398 0.197 0.29
0 0 1 0.41 0.31 0.125 0.3595 0.1415 0.0885 0.115
0 0 1 0.52 0.425 0.155 0.7735 0.297 0.123 0.255
0 0 1 0.55 0.45 0.17 0.81 0.317 0.157 0.22
0 0 1 0.605 0.485 0.175 1.145 0.4325 0.27 0.405
1 0 0 0.66 0.525 0.19 1.67 0.6525 0.4875 0.49
0 1 0 0.6 0.445 0.175 1.057 0.383 0.216 0.355
0 0 1 0.275 0.2 0.08 0.099 0.037 0.024 0.03
0 1 0 0.485 0.355 0.12 0.5085 0.21 0.122 0.135
0 1 0 0.45 0.355 0.115 0.4385 0.184 0.108 0.1125
0 0 1 0.44 0.35 0.14 0.451 0.171 0.0705 0.184
0 0 1 0.265 0.2 0.065 0.084 0.034 0.0105 0.03
1 0 0 0.51 0.34 0.18 0.7005 0.312 0.165 0.2
1 0 0 0.685 0.525 0.175 1.71 0.5415 0.309 0.58
0 0 1 0.43 0.33 0.095 0.34 0.1315 0.085 0.112
0 0 1 0.285 0.215 0.075 0.106 0.0415 0.023 0.035
0 0 1 0.41 0.315 0.095 0.306 0.121 0.0735 0.09
0 0 1 0.33 0.245 0.085 0.171 0.0655 0.0365 0.055
0 1 0 0.44 0.31 0.115 0.3625 0.134 0.082 0.12
0 0 1 0.28 0.21 0.065 0.0905 0.035 0.02 0.03
0 1 0 0.59 0.465 0.195 1.0885 0.3685 0.187 0.375
1 0 0 0.305 0.225 0.07 0.1485 0.0585 0.0335 0.045
0 0 1 0.645 0.515 0.185 1.4605 0.5835 0.3155 0.41
0 0 1 0.365 0.285 0.085 0.2205 0.0855 0.0515 0.07
0 1 0 0.35 0.265 0.11 0.209 0.066 0.059 0.075
0 1 0 0.395 0.31 0.095 0.313 0.131 0.072 0.093
0 0 1 0.49 0.395 0.12 0.674 0.3325 0.1235 0.185
1 0 0 0.49 0.37 0.105 0.5265 0.249 0.1005 0.148
1 0 0 0.56 0.465 0.16 1.0315 0.432 0.2025 0.337
0 0 1 0.56 0.45 0.14 0.9 0.472 0.182 0.218
0 0 1 0.58 0.46 0.15 1.0165 0.491 0.221 0.265
0 0 1 0.6 0.475 0.15 1.089 0.5195 0.223 0.292
1 0 0 0.63 0.475 0.15 1.172 0.536 0.254 0.316
0 1 0 0.35 0.265 0.095 0.199 0.073 0.049 0.06
0 1 0 0.375 0.285 0.09 0.257 0.1045 0.062 0.075
0 1 0 0.465 0.37 0.1 0.5055 0.234 0.11 0.14
0 1 0 0.485 0.37 0.1 0.513 0.219 0.1075 0.13
0 0 1 0.52 0.395 0.125 0.8115 0.4035 0.166 0.2
0 0 1 0.64 0.5 0.17 1.4545 0.642 0.3575 0.354
1 0 0 0.725 0.58 0.185 1.523 0.8045 0.3595 0.4375
0 1 0 0.4 0.29 0.1 0.258 0.104 0.059 0.0815
0 1 0 0.435 0.335 0.11 0.411 0.2025 0.0945 0.1
0 1 0 0.485 0.37 0.115 0.637 0.38 0.1335 0.128
1 0 0 0.585 0.45 0.145 0.9835 0.4845 0.242 0.22
1 0 0 0.64 0.5 0.165 1.1635 0.554 0.239 0.32
1 0 0 0.64 0.475 0.175 1.1545 0.4865 0.341 0.288
0 0 1 0.65 0.505 0.18 1.469 0.7115 0.3335 0.38
0 0 1 0.655 0.52 0.18 1.492 0.7185 0.36 0.355
1 0 0 0.655 0.54 0.175 1.5585 0.7285 0.402 0.385
1 0 0 0.7 0.575 0.2 1.7365 0.7755 0.3965 0.461
1 0 0 0.7 0.56 0.175 1.6605 0.8605 0.3275 0.398
1 0 0 0.72 0.545 0.185 1.7185 0.7925 0.401 0.468
0 1 0 0.365 0.275 0.09 0.2345 0.108 0.051 0.0625
0 1 0 0.4 0.265 0.1 0.2775 0.1245 0.0605 0.08
0 1 0 0.57 0.42 0.13 0.7745 0.3535 0.1505 0.2365
0 1 0 0.575 0.44 0.125 0.8515 0.4555 0.1715 0.1965
0 0 1 0.58 0.47 0.165 1.041 0.54 0.166 0.279
0 0 1 0.65 0.515 0.18 1.463 0.658 0.3135 0.4115
1 0 0 0.65 0.52 0.195 1.6275 0.689 0.3905 0.432
1 0 0 0.65 0.475 0.165 1.3875 0.58 0.3485 0.3095
0 0 1 0.655 0.525 0.16 1.46 0.686 0.311 0.405
0 1 0 0.395 0.3 0.09 0.2855 0.1385 0.0625 0.077
0 1 0 0.42 0.325 0.11 0.325 0.1245 0.0755 0.1025
1 0 0 0.51 0.375 0.11 0.5805 0.2865 0.118 0.148
0 0 1 0.545 0.43 0.155 0.8035 0.409 0.144 0.228
1 0 0 0.555 0.405 0.12 0.913 0.4585 0.196 0.2065
1 0 0 0.61 0.49 0.17 1.3475 0.7045 0.25 0.3045
0 0 1 0.615 0.475 0.155 1.0735 0.4375 0.2585 0.31
0 0 1 0.615 0.475 0.19 1.4335 0.7315 0.305 0.3285
0 0 1 0.63 0.515 0.17 1.385 0.6355 0.2955 0.38
1 0 0 0.64 0.5 0.17 1.2645 0.565 0.3375 0.315
1 0 0 0.665 0.5 0.175 1.4355 0.643 0.345 0.37
0 1 0 0.465 0.37 0.115 0.4075 0.1515 0.0935 0.1455
0 1 0 0.475 0.365 0.105 0.4175 0.1645 0.099 0.127
0 1 0 0.515 0.405 0.13 0.573 0.213 0.134 0.195
0 0 1 0.53 0.41 0.125 0.769 0.346 0.173 0.215
0 0 1 0.535 0.405 0.14 0.7315 0.336 0.156 0.19
0 0 1 0.545 0.41 0.14 0.737 0.349 0.15 0.212
0 1 0 0.575 0.45 0.145 0.872 0.4675 0.18 0.217
0 1 0 0.585 0.46 0.14 0.7635 0.326 0.153 0.265
0 0 1 0.62 0.5 0.18 1.3915 0.726 0.2795 0.332
0 1 0 0.62 0.47 0.155 0.966 0.447 0.171 0.284
1 0 0 0.625 0.485 0.135 1.3025 0.61 0.2675 0.3605
0 1 0 0.625 0.485 0.16 1.15 0.5255 0.257 0.3315
0 0 1 0.65 0.52 0.17 1.3655 0.6155 0.2885 0.36
0 0 1 0.65 0.525 0.19 1.3685 0.5975 0.296 0.4
1 0 0 0.665 0.54 0.195 1.764 0.8505 0.3615 0.47
1 0 0 0.67 0.51 0.155 1.278 0.5605 0.3045 0.358
1 0 0 0.67 0.54 0.2 1.46 0.6435 0.328 0.4165
1 0 0 0.675 0.535 0.185 1.5575 0.7035 0.402 0.4
1 0 0 0.675 0.53 0.195 1.4985 0.62 0.375 0.425
1 0 0 0.725 0.56 0.185 1.792 0.873 0.367 0.435
0 1 0 0.235 0.13 0.075 0.1585 0.0685 0.037 0.0465
0 1 0 0.35 0.25 0.1 0.4015 0.1725 0.063 0.1255
0 1 0 0.36 0.25 0.115 0.465 0.21 0.1055 0.128
0 1 0 0.38 0.28 0.095 0.2885 0.165 0.0435 0.067
0 0 1 0.43 0.31 0.13 0.6485 0.2735 0.163 0.184
0 1 0 0.465 0.36 0.105 0.452 0.22 0.159 0.1035
0 1 0 0.47 0.355 0.12 0.4915 0.1765 0.1125 0.1325
1 0 0 0.485 0.365 0.15 0.9145 0.4145 0.199 0.273
0 0 1 0.495 0.375 0.155 0.976 0.45 0.2285 0.2475
0 0 1 0.505 0.4 0.15 0.775 0.3445 0.157 0.185
0 0 1 0.51 0.38 0.135 0.681 0.3435 0.142 0.17
0 0 1 0.515 0.37 0.115 0.6145 0.3415 0.155 0.146
1 0 0 0.55 0.415 0.18 1.1655 0.502 0.301 0.311
1 0 0 0.65 0.525 0.165 1.238 0.647 0.2485 0.3005
1 0 0 0.65 0.5 0.17 1.4045 0.694 0.318 0.3235
0 1 0 0.43 0.33 0.095 0.32 0.118 0.065 0.123
0 1 0 0.515 0.39 0.12 0.565 0.235 0.135 0.179
1 0 0 0.56 0.43 0.145 0.898 0.3895 0.2325 0.245
0 1 0 0.565 0.43 0.125 0.6545 0.2815 0.139 0.21
0 0 1 0.575 0.465 0.12 1.0535 0.516 0.2185 0.235
0 1 0 0.58 0.42 0.14 0.701 0.3285 0.102 0.2255
0 0 1 0.585 0.47 0.145 0.9565 0.4025 0.2365 0.265
0 1 0 0.59 0.45 0.125 0.86 0.437 0.1515 0.245
0 0 1 0.62 0.48 0.155 1.2555 0.527 0.374 0.3175
0 0 1 0.625 0.495 0.155 1.177 0.5055 0.278 0.345
1 0 0 0.665 0.525 0.18 1.5785 0.678 0.229 0.456
1 0 0 0.675 0.54 0.21 1.593 0.686 0.318 0.45
0 1 0 0.355 0.27 0.1 0.2255 0.11 0.042 0.064
0 0 1 0.425 0.305 0.11 0.359 0.173 0.0875 0.0975
0 0 1 0.555 0.445 0.13 0.8625 0.4225 0.155 0.24
0 0 1 0.565 0.445 0.14 0.836 0.406 0.1605 0.2245
1 0 0 0.615 0.455 0.135 1.059 0.4735 0.263 0.274
0 0 1 0.68 0.52 0.175 1.543 0.7525 0.351 0.374
1 0 0 0.425 0.35 0.1 0.4425 0.175 0.0755 0.175
0 0 1 0.41 0.325 0.1 0.3555 0.146 0.072 0.105
1 0 0 0.53 0.41 0.145 0.8255 0.375 0.204 0.245
0 0 1 0.575 0.45 0.16 0.955 0.44 0.1685 0.27
0 0 1 0.57 0.45 0.155 0.91 0.326 0.1895 0.355
1 0 0 0.57 0.465 0.155 0.9685 0.446 0.261 0.255
1 0 0 0.485 0.4 0.155 0.731 0.236 0.183 0.255
0 0 1 0.655 0.515 0.2 1.373 0.443 0.3375 0.49
1 0 0 0.57 0.44 0.19 1.018 0.447 0.207 0.265
1 0 0 0.55 0.465 0.15 1.082 0.3575 0.194 0.19
0 0 1 0.525 0.395 0.165 0.782 0.285 0.1405 0.285
1 0 0 0.515 0.4 0.115 0.578 0.191 0.1445 0.17
0 0 1 0.295 0.225 0.09 0.1385 0.048 0.046 0.05
0 0 1 0.545 0.45 0.16 0.8615 0.2925 0.1545 0.365
0 1 0 0.29 0.225 0.075 0.152 0.071 0.059 0.045
0 1 0 0.41 0.33 0.105 0.335 0.1525 0.074 0.11
1 0 0 0.56 0.44 0.155 0.9705 0.4315 0.263 0.255
0 0 1 0.635 0.48 0.235 1.064 0.413 0.228 0.36
0 0 1 0.575 0.47 0.165 0.853 0.292 0.179 0.35
0 1 0 0.455 0.365 0.135 0.441 0.1515 0.1165 0.145
1 0 0 0.65 0.515 0.215 1.498 0.564 0.323 0.425
1 0 0 0.49 0.37 0.115 0.541 0.171 0.1175 0.185
1 0 0 0.525 0.4 0.115 0.6295 0.2555 0.144 0.18
0 0 1 0.55 0.45 0.175 1.0985 0.3765 0.215 0.4
0 0 1 0.55 0.44 0.16 0.991 0.348 0.168 0.375
0 1 0 0.315 0.235 0.08 0.18 0.08 0.045 0.047
1 0 0 0.61 0.5 0.18 1.438 0.5185 0.3735 0.3345
0 1 0 0.27 0.19 0.06 0.099 0.0445 0.017 0.03
0 1 0 0.475 0.35 0.12 0.4905 0.2035 0.13 0.135
1 0 0 0.655 0.545 0.185 1.759 0.6865 0.313 0.547
1 0 0 0.67 0.52 0.195 1.8065 0.758 0.3735 0.5055
0 1 0 0.245 0.175 0.055 0.0785 0.04 0.018 0.02
0 0 1 0.585 0.465 0.15 0.98 0.4315 0.2545 0.247
1 0 0 0.585 0.46 0.15 1.0035 0.503 0.2105 0.2515
0 0 1 0.61 0.475 0.15 1.142 0.62 0.237 0.245
0 0 1 0.615 0.53 0.17 1.12 0.5775 0.2095 0.286
1 0 0 0.64 0.525 0.175 1.382 0.646 0.3115 0.37
1 0 0 0.68 0.55 0.175 1.473 0.713 0.282 0.4295
0 1 0 0.33 0.26 0.085 0.1965 0.0915 0.0425 0.055
0 1 0 0.435 0.335 0.11 0.334 0.1355 0.0775 0.0965
0 1 0 0.55 0.445 0.125 0.672 0.288 0.1365 0.21
0 0 1 0.625 0.495 0.175 1.2935 0.5805 0.317 0.355
1 0 0 0.645 0.5 0.15 1.159 0.4675 0.3355 0.31
0 0 1 0.63 0.49 0.15 1.1955 0.5845 0.257 0.3
1 0 0 0.64 0.49 0.18 1.36 0.653 0.347 0.305
0 1 0 0.41 0.305 0.1 0.2645 0.1 0.0655 0.085
0 0 1 0.56 0.45 0.145 0.9355 0.425 0.1645 0.2725
0 1 0 0.565 0.465 0.15 1.1815 0.581 0.2215 0.3095
0 0 1 0.585 0.51 0.16 1.218 0.639 0.241 0.3
0 0 1 0.6 0.47 0.13 1.0105 0.423 0.219 0.298
1 0 0 0.625 0.49 0.19 1.7015 0.7465 0.4105 0.3855
1 0 0 0.65 0.495 0.16 1.3105 0.577 0.3315 0.355
0 0 1 0.67 0.525 0.18 1.4915 0.728 0.343 0.381
1 0 0 0.675 0.52 0.175 1.494 0.7365 0.3055 0.37
1 0 0 0.675 0.51 0.15 1.1965 0.475 0.304 0.386
1 0 0 0.72 0.59 0.205 1.7495 0.7755 0.4225 0.48
0 1 0 0.42 0.305 0.1 0.3415 0.1645 0.0775 0.086
0 1 0 0.48 0.35 0.1 0.519 0.2365 0.1275 0.126
1 0 0 0.57 0.45 0.15 0.9645 0.531 0.189 0.209
0 0 1 0.625 0.48 0.16 1.2415 0.6575 0.2625 0.2785
1 0 0 0.64 0.505 0.175 1.3185 0.6185 0.302 0.3315
0 0 1 0.65 0.525 0.185 1.3455 0.586 0.278 0.3865
0 0 1 0.55 0.42 0.145 0.7385 0.321 0.1485 0.252
0 1 0 0.58 0.425 0.145 0.83 0.379 0.1605 0.2575
0 0 1 0.585 0.45 0.15 0.997 0.4055 0.283 0.251
1 0 0 0.615 0.495 0.155 1.0805 0.52 0.19 0.32
0 0 1 0.63 0.49 0.155 1.229 0.535 0.29 0.335
0 0 1 0.67 0.535 0.19 1.669 0.7465 0.2935 0.508
0 0 1 0.67 0.525 0.2 1.7405 0.6205 0.297 0.657
0 0 1 0.77 0.605 0.175 2.0505 0.8005 0.526 0.355
0 1 0 0.37 0.28 0.09 0.218 0.0995 0.0545 0.0615
0 1 0 0.39 0.31 0.085 0.344 0.181 0.0695 0.079
0 1 0 0.39 0.29 0.1 0.2845 0.1255 0.0635 0.081
1 0 0 0.565 0.45 0.165 0.887 0.37 0.239 0.249
