1 0 0 0.53 0.42 0.135 0.677 0.2565 0.1415 0.21
1 0 0 0.53 0.415 0.15 0.7775 0.237 0.1415 0.33
1 0 0 0.545 0.425 0.125 0.768 0.294 0.1495 0.26
0 0 1 0.475 0.37 0.125 0.5095 0.2165 0.1125 0.165
1 0 0 0.55 0.44 0.15 0.8945 0.3145 0.151 0.32
1 0 0 0.525 0.38 0.14 0.6065 0.194 0.1475 0.21
0 0 1 0.49 0.38 0.135 0.5415 0.2175 0.095 0.19
0 1 0 0.355 0.28 0.085 0.2905 0.095 0.0395 0.115
0 0 1 0.45 0.32 0.1 0.381 0.1705 0.075 0.115
1 0 0 0.55 0.415 0.135 0.7635 0.318 0.21 0.2
1 0 0 0.56 0.44 0.14 0.9285 0.3825 0.188 0.3
1 0 0 0.58 0.45 0.185 0.9955 0.3945 0.272 0.285
1 0 0 0.68 0.55 0.175 1.798 0.815 0.3925 0.455
1 0 0 0.54 0.475 0.155 1.217 0.5305 0.3075 0.34
1 0 0 0.575 0.445 0.135 0.883 0.381 0.2035 0.26
1 0 0 0.55 0.425 0.135 0.8515 0.362 0.196 0.27
0 1 0 0.205 0.15 0.055 0.042 0.0255 0.015 0.012
0 1 0 0.39 0.295 0.095 0.203 0.0875 0.045 0.075
1 0 0 0.46 0.375 0.12 0.4605 0.1775 0.11 0.15
1 0 0 0.505 0.4 0.125 0.583 0.246 0.13 0.175
0 0 1 0.505 0.405 0.11 0.625 0.305 0.16 0.175
1 0 0 0.595 0.475 0.17 1.247 0.48 0.225 0.425
1 0 0 0.555 0.425 0.14 0.788 0.282 0.1595 0.285
1 0 0 0.615 0.475 0.17 1.1025 0.4695 0.2355 0.345
1 0 0 0.46 0.355 0.13 0.517 0.2205 0.114 0.165
0 0 1 0.665 0.535 0.195 1.606 0.5755 0.388 0.48
0 0 1 0.535 0.435 0.15 0.725 0.269 0.1385 0.25
0 0 1 0.47 0.37 0.13 0.5225 0.201 0.133 0.165
1 0 0 0.545 0.43 0.165 0.802 0.2935 0.183 0.28
1 0 0 0.51 0.39 0.135 0.6335 0.231 0.179 0.2
0 0 1 0.495 0.395 0.125 0.5415 0.2375 0.1345 0.155
0 0 1 0.465 0.36 0.105 0.431 0.172 0.107 0.175
0 1 0 0.435 0.32 0.08 0.3325 0.1485 0.0635 0.105
1 0 0 0.545 0.41 0.125 0.6935 0.2975 0.146 0.21
1 0 0 0.49 0.375 0.135 0.6125 0.2555 0.102 0.22
1 0 0 0.56 0.43 0.15 0.8825 0.3465 0.172 0.31
1 0 0 0.515 0.425 0.14 0.766 0.304 0.1725 0.255
0 1 0 0.27 0.195 0.06 0.073 0.0285 0.0235 0.03
0 0 1 0.7 0.535 0.16 1.7255 0.63 0.2635 0.54
1 0 0 0.44 0.35 0.125 0.4035 0.175 0.063 0.129
1 0 0 0.325 0.26 0.09 0.1915 0.085 0.036 0.062
0 1 0 0.265 0.2 0.065 0.0975 0.04 0.0205 0.028
1 0 0 0.405 0.325 0.11 0.3555 0.151 0.063 0.117
0 0 1 0.56 0.455 0.155 0.797 0.34 0.19 0.2425
0 1 0 0.175 0.13 0.055 0.0315 0.0105 0.0065 0.0125
1 0 0 0.605 0.5 0.185 1.1185 0.469 0.2585 0.335
0 0 1 0.645 0.485 0.215 1.514 0.546 0.2615 0.635
1 0 0 0.725 0.575 0.175 2.124 0.765 0.4515 0.85
0 0 1 0.705 0.56 0.22 1.981 0.8175 0.3085 0.76
1 0 0 0.53 0.395 0.145 0.775 0.308 0.169 0.255
0 1 0 0.36 0.26 0.09 0.1785 0.0645 0.037 0.075
0 0 1 0.57 0.48 0.18 0.9395 0.399 0.2 0.295
1 0 0 0.585 0.46 0.17 0.9325 0.365 0.271 0.29
1 0 0 0.505 0.41 0.15 0.644 0.285 0.145 0.21
0 0 1 0.64 0.5 0.185 1.3035 0.4445 0.2635 0.465
1 0 0 0.45 0.345 0.12 0.4165 0.1655 0.095 0.135
1 0 0 0.44 0.34 0.14 0.482 0.186 0.1085 0.16
0 0 1 0.5 0.405 0.14 0.6155 0.241 0.1355 0.205
1 0 0 0.485 0.395 0.16 0.66 0.2475 0.128 0.235
1 0 0 0.445 0.325 0.125 0.455 0.1785 0.1125 0.14
1 0 0 0.47 0.35 0.145 0.5175 0.187 0.1235 0.18
1 0 0 0.49 0.375 0.15 0.5755 0.22 0.144 0.19
1 0 0 0.445 0.355 0.15 0.485 0.181 0.125 0.155
1 0 0 0.5 0.37 0.135 0.45 0.1715 0.1055 0.155
1 0 0 0.39 0.29 0.125 0.3055 0.121 0.082 0.09
1 0 0 0.58 0.465 0.165 1.1015 0.404 0.2095 0.35
0 0 1 0.565 0.44 0.175 0.9025 0.31 0.193 0.325
0 1 0 0.275 0.215 0.075 0.1155 0.0485 0.029 0.035
0 1 0 0.295 0.225 0.08 0.124 0.0485 0.032 0.04
0 1 0 0.13 0.1 0.03 0.013 0.0045 0.003 0.004
0 1 0 0.11 0.09 0.03 0.008 0.0025 0.002 0.003
0 1 0 0.16 0.12 0.035 0.021 0.0075 0.0045 0.005
0 0 1 0.565 0.425 0.16 0.9425 0.3495 0.2185 0.275
0 1 0 0.27 0.2 0.07 0.1 0.034 0.0245 0.035
0 1 0 0.23 0.175 0.065 0.0645 0.026 0.0105 0.02
0 1 0 0.36 0.275 0.085 0.1975 0.0745 0.0415 0.07
0 1 0 0.305 0.245 0.075 0.156 0.0675 0.038 0.045
0 1 0 0.33 0.25 0.105 0.1715 0.0655 0.035 0.06
0 0 1 0.53 0.42 0.165 0.8945 0.319 0.239 0.245
1 0 0 0.46 0.38 0.13 0.639 0.3 0.1525 0.16
0 0 1 0.52 0.45 0.15 0.895 0.3615 0.186 0.235
1 0 0 0.515 0.425 0.135 0.712 0.2665 0.1605 0.25
1 0 0 0.455 0.355 0.12 0.4495 0.177 0.104 0.15
0 0 1 0.485 0.395 0.14 0.6295 0.2285 0.127 0.225
1 0 0 0.495 0.4 0.155 0.6445 0.242 0.1325 0.205
0 0 1 0.54 0.435 0.18 0.996 0.3835 0.226 0.325
1 0 0 0.565 0.455 0.175 1.013 0.342 0.207 0.35
0 0 1 0.49 0.395 0.14 0.549 0.2215 0.1275 0.15
0 0 1 0.37 0.28 0.105 0.234 0.0905 0.0585 0.075
0 1 0 0.165 0.12 0.03 0.0215 0.007 0.005 0.005
0 0 1 0.55 0.41 0.125 0.7605 0.2505 0.1635 0.195
1 0 0 0.62 0.47 0.2 1.2255 0.381 0.27 0.435
1 0 0 0.635 0.535 0.19 1.242 0.576 0.2475 0.39
0 1 0 0.265 0.21 0.06 0.0965 0.0425 0.022 0.03
0 1 0 0.265 0.205 0.07 0.1055 0.039 0.041 0.035
0 1 0 0.32 0.255 0.1 0.1755 0.073 0.0415 0.065
0 1 0 0.3 0.22 0.08 0.121 0.0475 0.042 0.035
0 0 1 0.62 0.465 0.19 1.3415 0.5705 0.3175 0.355
0 0 1 0.59 0.45 0.185 1.283 0.473 0.276 0.425
1 0 0 0.585 0.45 0.17 0.8685 0.3325 0.1635 0.27
0 0 1 0.58 0.455 0.17 0.93 0.408 0.259 0.22
1 0 0 0.685 0.545 0.18 1.768 0.7495 0.392 0.485
1 0 0 0.65 0.525 0.175 1.4225 0.61 0.2995 0.445
1 0 0 0.65 0.545 0.165 1.566 0.6645 0.3455 0.415
1 0 0 0.7 0.575 0.17 1.31 0.5095 0.314 0.42
1 0 0 0.675 0.545 0.195 1.7345 0.6845 0.3695 0.605
0 0 1 0.49 0.42 0.125 0.609 0.239 0.1435 0.22
1 0 0 0.485 0.365 0.12 0.5885 0.27 0.131 0.175
0 0 1 0.515 0.455 0.135 0.7225 0.295 0.1625 0.235
0 1 0 0.44 0.345 0.12 0.365 0.1655 0.083 0.11
1 0 0 0.605 0.495 0.17 1.2385 0.528 0.2465 0.39
1 0 0 0.63 0.5 0.17 1.3135 0.5595 0.267 0.4
1 0 0 0.63 0.5 0.155 1.005 0.367 0.199 0.36
1 0 0 0.67 0.54 0.165 1.5015 0.518 0.358 0.505
0 0 1 0.6 0.47 0.155 1.036 0.4375 0.196 0.325
0 0 1 0.5 0.41 0.15 0.662 0.2815 0.137 0.22
0 1 0 0.36 0.275 0.095 0.217 0.084 0.0435 0.09
1 0 0 0.505 0.425 0.14 0.85 0.275 0.1625 0.285
1 0 0 0.56 0.455 0.19 0.714 0.283 0.129 0.275
1 0 0 0.675 0.535 0.16 1.41 0.592 0.3175 0.42
0 0 1 0.575 0.47 0.14 0.8375 0.3485 0.1735 0.24
1 0 0 0.525 0.41 0.135 0.7085 0.293 0.1525 0.235
0 1 0 0.22 0.165 0.055 0.0545 0.0215 0.012 0.02
0 1 0 0.175 0.125 0.05 0.0235 0.008 0.0035 0.008
1 0 0 0.53 0.44 0.135 0.7835 0.313 0.1715 0.2185
0 1 0 0.43 0.34 0.12 0.3575 0.151 0.0645 0.1045
1 0 0 0.52 0.405 0.12 0.627 0.2645 0.1415 0.181
1 0 0 0.465 0.35 0.115 0.421 0.1565 0.091 0.1345
0 0 1 0.665 0.54 0.175 1.347 0.4955 0.254 0.415
0 0 1 0.66 0.545 0.185 1.32 0.5305 0.2635 0.455
0 0 1 0.575 0.4 0.155 0.9325 0.3605 0.2445 0.3
1 0 0 0.58 0.46 0.15 0.9955 0.429 0.212 0.26
0 0 1 0.54 0.42 0.135 0.8075 0.3485 0.1795 0.235
1 0 0 0.57 0.455 0.165 1.0595 0.44 0.2195 0.285
0 0 1 0.625 0.5 0.195 1.369 0.5875 0.2185 0.37
1 0 0 0.605 0.485 0.165 1.0105 0.435 0.209 0.3
1 0 0 0.62 0.52 0.225 1.1835 0.378 0.27 0.395
1 0 0 0.625 0.485 0.19 1.1745 0.4385 0.2305 0.42
0 0 1 0.56 0.435 0.18 0.889 0.36 0.204 0.25
0 1 0 0.56 0.445 0.155 0.8735 0.3005 0.209 0.275
0 0 1 0.4 0.29 0.115 0.2795 0.1115 0.0575 0.075
1 0 0 0.36 0.27 0.09 0.1885 0.0845 0.0385 0.055
1 0 0 0.57 0.445 0.155 0.733 0.282 0.159 0.235
1 0 0 0.435 0.335 0.11 0.38 0.1695 0.086 0.11
0 1 0 0.465 0.38 0.13 0.454 0.1895 0.08 0.155
1 0 0 0.44 0.355 0.115 0.415 0.1585 0.0925 0.131
0 1 0 0.555 0.425 0.18 0.875 0.3695 0.2005 0.255
0 1 0 0.485 0.39 0.125 0.591 0.287 0.141 0.12
0 1 0 0.525 0.405 0.15 0.795 0.3075 0.205 0.255
1 0 0 0.475 0.35 0.115 0.452 0.1715 0.092 0.155
1 0 0 0.545 0.415 0.15 0.7335 0.2795 0.163 0.2185
1 0 0 0.47 0.355 0.13 0.5465 0.2005 0.126 0.185
1 0 0 0.41 0.32 0.115 0.387 0.165 0.1005 0.0985
0 1 0 0.45 0.35 0.14 0.474 0.21 0.109 0.1275
0 1 0 0.45 0.345 0.135 0.443 0.1975 0.0875 0.1175
1 0 0 0.59 0.455 0.155 1.066 0.382 0.2275 0.415
1 0 0 0.57 0.44 0.14 0.9535 0.3785 0.201 0.305
0 1 0 0.58 0.445 0.15 0.8865 0.383 0.209 0.255
1 0 0 0.63 0.48 0.175 1.3675 0.5015 0.3035 0.515
1 0 0 0.625 0.49 0.175 1.233 0.5565 0.247 0.365
0 1 0 0.55 0.425 0.15 0.806 0.376 0.171 0.245
0 1 0 0.495 0.39 0.125 0.6655 0.284 0.162 0.2
1 0 0 0.37 0.29 0.115 0.25 0.111 0.057 0.075
1 0 0 0.66 0.52 0.18 1.514 0.526 0.2975 0.42
1 0 0 0.55 0.43 0.14 0.7135 0.2565 0.186 0.225
1 0 0 0.56 0.445 0.195 0.981 0.305 0.2245 0.335
0 1 0 0.535 0.42 0.145 0.926 0.398 0.1965 0.25
0 1 0 0.47 0.345 0.115 0.4885 0.2005 0.108 0.166
1 0 0 0.43 0.34 0.12 0.391 0.1555 0.095 0.1405
0 1 0 0.47 0.36 0.13 0.5225 0.198 0.1065 0.165
0 0 1 0.38 0.235 0.1 0.258 0.1055 0.054 0.08
0 1 0 0.44 0.345 0.12 0.487 0.1965 0.108 0.16
1 0 0 0.59 0.45 0.16 0.9 0.358 0.156 0.315
0 0 1 0.45 0.34 0.13 0.3715 0.1605 0.0795 0.105
0 1 0 0.46 0.35 0.12 0.4885 0.193 0.105 0.155
1 0 0 0.475 0.36 0.125 0.447 0.1695 0.081 0.14
0 1 0 0.47 0.35 0.13 0.466 0.1845 0.099 0.145
1 0 0 0.615 0.515 0.17 1.14 0.4305 0.2245 0.42
1 0 0 0.585 0.475 0.185 0.9585 0.4145 0.1615 0.33
0 1 0 0.535 0.45 0.17 0.781 0.3055 0.1555 0.295
0 1 0 0.45 0.355 0.12 0.412 0.1145 0.0665 0.16
0 0 1 0.455 0.35 0.12 0.4835 0.1815 0.144 0.16
0 0 1 0.475 0.385 0.145 0.6175 0.235 0.108 0.215
1 0 0 0.5 0.38 0.155 0.655 0.2405 0.143 0.205
1 0 0 0.49 0.385 0.15 0.7865 0.241 0.14 0.24
1 0 0 0.435 0.325 0.115 0.3915 0.154 0.094 0.12
0 0 1 0.535 0.405 0.185 0.8345 0.3175 0.1725 0.29
1 0 0 0.535 0.405 0.125 0.927 0.26 0.1425 0.345
0 0 1 0.525 0.4 0.17 0.7305 0.279 0.2055 0.195
0 0 1 0.59 0.44 0.15 0.9555 0.366 0.2425 0.295
0 1 0 0.255 0.19 0.075 0.0865 0.0345 0.0205 0.025
1 0 0 0.43 0.325 0.115 0.3865 0.1475 0.1065 0.11
0 1 0 0.315 0.23 0.09 0.1285 0.043 0.04 0.04
1 0 0 0.395 0.315 0.105 0.3515 0.1185 0.091 0.1195
1 0 0 0.48 0.385 0.135 0.536 0.1895 0.142 0.173
0 1 0 0.295 0.225 0.09 0.1105 0.0405 0.0245 0.032
0 1 0 0.325 0.25 0.08 0.176 0.0595 0.0355 0.063
0 1 0 0.275 0.2 0.065 0.1035 0.0475 0.0205 0.03
0 1 0 0.15 0.1 0.025 0.015 0.0045 0.004 0.005
0 1 0 0.16 0.11 0.025 0.018 0.0065 0.0055 0.005
0 0 1 0.525 0.4 0.13 0.8295 0.2405 0.1825 0.275
0 0 1 0.53 0.44 0.205 0.835 0.32 0.2175 0.245
1 0 0 0.535 0.42 0.15 0.7365 0.2785 0.186 0.215
1 0 0 0.52 0.405 0.14 0.8175 0.2795 0.183 0.26
0 0 1 0.53 0.415 0.13 0.8425 0.275 0.1945 0.265
0 0 1 0.52 0.385 0.14 0.6595 0.2485 0.2035 0.16
0 0 1 0.535 0.42 0.13 0.8055 0.301 0.181 0.28
0 0 1 0.65 0.515 0.175 1.4805 0.5295 0.272 0.525
1 0 0 0.55 0.44 0.155 0.946 0.313 0.1825 0.335
0 0 1 0.53 0.41 0.165 0.732 0.189 0.17 0.31
0 1 0 0.215 0.155 0.06 0.0525 0.021 0.0165 0.015
1 0 0 0.515 0.39 0.13 0.5755 0.1975 0.13 0.1845
1 0 0 0.505 0.39 0.16 0.644 0.2475 0.2025 0.1635
0 0 1 0.53 0.41 0.155 0.7155 0.2805 0.1685 0.214
0 0 1 0.52 0.42 0.16 0.745 0.255 0.157 0.2885
1 0 0 0.425 0.345 0.11 0.3665 0.125 0.081 0.117
0 1 0 0.315 0.24 0.085 0.1715 0.071 0.0345 0.0535
0 1 0 0.325 0.25 0.08 0.1735 0.0765 0.0345 0.049
0 1 0 0.415 0.32 0.11 0.3735 0.175 0.0755 0.109
0 1 0 0.44 0.365 0.115 0.501 0.2435 0.084 0.1465
0 1 0 0.445 0.335 0.1 0.4895 0.2745 0.086 0.1105
0 1 0 0.475 0.365 0.125 0.5465 0.229 0.1185 0.172
0 1 0 0.485 0.355 0.105 0.498 0.2175 0.096 0.1525
1 0 0 0.495 0.41 0.125 0.7555 0.3355 0.129 0.214
0 0 1 0.5 0.4 0.125 0.5975 0.27 0.1275 0.166
1 0 0 0.54 0.42 0.14 0.805 0.369 0.1725 0.21
0 0 1 0.57 0.455 0.15 0.952 0.3895 0.2155 0.2745
1 0 0 0.575 0.465 0.14 0.958 0.442 0.1815 0.2705
0 0 1 0.6 0.475 0.175 1.3445 0.549 0.2875 0.36
1 0 0 0.62 0.505 0.16 1.3725 0.6285 0.275 0.3685
1 0 0 0.625 0.49 0.155 1.2085 0.465 0.162 0.411
0 0 1 0.655 0.52 0.165 1.4095 0.586 0.291 0.405
0 0 1 0.655 0.58 0.205 2.0805 0.959 0.3415 0.601
1 0 0 0.675 0.525 0.155 1.4785 0.628 0.3405 0.42
1 0 0 0.685 0.54 0.16 1.6675 0.833 0.3775 0.475
0 1 0 0.24 0.175 0.055 0.0705 0.025 0.014 0.021
0 1 0 0.24 0.175 0.065 0.0665 0.031 0.0135 0.017
0 1 0 0.32 0.24 0.09 0.1575 0.07 0.0265 0.0425
0 1 0 0.335 0.25 0.075 0.1825 0.0705 0.044 0.055
0 1 0 0.34 0.25 0.075 0.1785 0.0665 0.0455 0.045
0 1 0 0.44 0.325 0.09 0.35 0.148 0.067 0.105
0 1 0 0.445 0.35 0.13 0.4195 0.1695 0.0945 0.1195
0 1 0 0.45 0.345 0.11 0.47 0.2355 0.0855 0.1135
0 1 0 0.455 0.355 0.125 0.5325 0.225 0.126 0.1465
0 1 0 0.46 0.36 0.1 0.4635 0.2325 0.093 0.115
0 1 0 0.465 0.365 0.115 0.467 0.2315 0.0925 0.113
0 1 0 0.465 0.37 0.115 0.534 0.261 0.098 0.143
0 1 0 0.465 0.345 0.11 0.4415 0.1755 0.0905 0.12
0 0 1 0.475 0.37 0.125 0.537 0.222 0.1215 0.15
1 0 0 0.485 0.37 0.115 0.4785 0.1995 0.0955 0.129
0 0 1 0.495 0.4 0.135 0.61 0.272 0.1435 0.144
1 0 0 0.505 0.39 0.13 0.674 0.3165 0.141 0.1785
0 0 1 0.505 0.41 0.125 0.642 0.289 0.133 0.155
0 1 0 0.51 0.405 0.135 0.769 0.3655 0.1585 0.18
0 0 1 0.53 0.405 0.125 0.6515 0.2715 0.1605 0.186
1 0 0 0.55 0.43 0.14 0.8105 0.368 0.161 0.275
0 0 1 0.57 0.46 0.17 0.9035 0.4075 0.1935 0.214
1 0 0 0.595 0.46 0.14 1.0045 0.4655 0.2095 0.2515
0 0 1 0.605 0.47 0.165 1.2315 0.6025 0.262 0.2925
1 0 0 0.62 0.51 0.18 1.3315 0.594 0.276 0.388
0 0 1 0.635 0.49 0.175 1.375 0.623 0.2705 0.395
1 0 0 0.64 0.5 0.17 1.5175 0.693 0.326 0.409
0 1 0 0.195 0.15 0.045 0.0375 0.018 0.006 0.011
0 1 0 0.25 0.18 0.065 0.0685 0.0245 0.0155 0.0225
0 1 0 0.265 0.195 0.055 0.084 0.0365 0.0175 0.025
0 1 0 0.28 0.21 0.085 0.1075 0.0415 0.024 0.034
0 1 0 0.285 0.22 0.065 0.096 0.0405 0.0205 0.03
0 1 0 0.385 0.29 0.08 0.2485 0.122 0.0495 0.065
0 1 0 0.405 0.3 0.11 0.32 0.172 0.044 0.093
0 1 0 0.42 0.32 0.11 0.3625 0.174 0.0635 0.105
0 0 1 0.43 0.335 0.12 0.397 0.1985 0.0865 0.1035
0 1 0 0.435 0.345 0.115 0.418 0.222 0.0735 0.106
0 1 0 0.445 0.34 0.145 0.434 0.1945 0.0905 0.13
0 1 0 0.45 0.33 0.105 0.3715 0.1865 0.0785 0.0975
0 0 1 0.49 0.465 0.125 0.5225 0.235 0.13 0.141
0 1 0 0.5 0.375 0.14 0.5495 0.248 0.112 0.1585
0 1 0 0.5 0.375 0.12 0.542 0.215 0.116 0.17
1 0 0 0.505 0.39 0.125 0.5445 0.246 0.15 0.1405
0 1 0 0.51 0.4 0.125 0.5575 0.2615 0.1195 0.1525
0 1 0 0.525 0.4 0.14 0.601 0.2625 0.1285 0.1835
0 0 1 0.575 0.445 0.17 1.0225 0.549 0.2175 0.228
0 0 1 0.58 0.445 0.135 0.814 0.3775 0.1915 0.22
0 0 1 0.585 0.465 0.16 0.9555 0.4595 0.236 0.265
1 0 0 0.605 0.475 0.165 1.056 0.433 0.2195 0.357
0 0 1 0.61 0.47 0.165 1.052 0.498 0.242 0.267
1 0 0 0.615 0.465 0.15 0.923 0.4615 0.1825 0.2415
1 0 0 0.615 0.475 0.155 1.027 0.447 0.25 0.285
1 0 0 0.66 0.53 0.185 1.346 0.546 0.2705 0.476
0 0 1 0.7 0.565 0.18 1.751 0.895 0.3355 0.446
0 1 0 0.25 0.185 0.065 0.0685 0.0295 0.014 0.0225
0 1 0 0.25 0.19 0.065 0.0835 0.039 0.015 0.025
0 1 0 0.305 0.215 0.065 0.1075 0.044 0.0205 0.038
0 1 0 0.315 0.23 0.08 0.1375 0.0545 0.031 0.0445
0 1 0 0.315 0.23 0.07 0.1145 0.046 0.0235 0.0385
0 1 0 0.365 0.27 0.085 0.196 0.0825 0.0375 0.06
0 1 0 0.375 0.29 0.095 0.213 0.096 0.041 0.061
0 1 0 0.375 0.29 0.085 0.2385 0.118 0.045 0.0695
0 1 0 0.375 0.27 0.085 0.218 0.0945 0.039 0.07
0 1 0 0.385 0.28 0.09 0.228 0.1025 0.042 0.0655
0 1 0 0.39 0.3 0.095 0.3265 0.1665 0.0575 0.089
0 1 0 0.41 0.335 0.11 0.33 0.157 0.0705 0.17
0 1 0 0.425 0.325 0.11 0.3335 0.173 0.045 0.1
0 1 0 0.425 0.32 0.1 0.3055 0.126 0.06 0.106
0 1 0 0.435 0.315 0.11 0.3685 0.1615 0.0715 0.12
0 1 0 0.44 0.34 0.12 0.438 0.2115 0.083 0.12
0 1 0 0.45 0.33 0.105 0.448 0.208 0.089 0.12
0 1 0 0.46 0.35 0.105 0.3705 0.1575 0.077 0.114
0 1 0 0.465 0.34 0.11 0.346 0.1425 0.073 0.113
0 1 0 0.48 0.37 0.125 0.5435 0.244 0.101 0.165
0 1 0 0.495 0.38 0.13 0.5125 0.2185 0.116 0.16
0 1 0 0.5 0.38 0.135 0.594 0.2945 0.104 0.1565
0 0 1 0.5 0.42 0.135 0.6765 0.302 0.1415 0.2065
0 1 0 0.5 0.375 0.145 0.5795 0.239 0.1375 0.185
0 1 0 0.5 0.41 0.14 0.6615 0.2585 0.1625 0.196
0 1 0 0.5 0.375 0.125 0.5695 0.259 0.124 0.157
0 1 0 0.5 0.395 0.14 0.6215 0.2925 0.1205 0.195
0 1 0 0.505 0.38 0.12 0.594 0.2595 0.1435 0.18
0 1 0 0.515 0.38 0.12 0.625 0.3265 0.1295 0.16
0 1 0 0.515 0.4 0.135 0.6965 0.32 0.1255 0.175
0 1 0 0.52 0.395 0.125 0.663 0.3005 0.131 0.1905
0 1 0 0.525 0.4 0.125 0.6965 0.369 0.1385 0.164
0 1 0 0.53 0.415 0.13 0.694 0.3905 0.111 0.167
0 1 0 0.53 0.425 0.13 0.7675 0.419 0.1205 0.21
0 1 0 0.535 0.4 0.135 0.6025 0.2895 0.121 0.154
1 0 0 0.535 0.41 0.13 0.7145 0.335 0.144 0.2075
0 1 0 0.54 0.42 0.14 0.7265 0.3205 0.1445 0.229
1 0 0 0.545 0.445 0.15 0.8 0.3535 0.163 0.207
0 1 0 0.55 0.43 0.145 0.7895 0.3745 0.171 0.223
1 0 0 0.55 0.405 0.125 0.651 0.2965 0.137 0.2
0 1 0 0.55 0.425 0.135 0.7305 0.3325 0.1545 0.215
0 1 0 0.555 0.43 0.14 0.7665 0.341 0.165 0.23
0 1 0 0.555 0.425 0.145 0.7905 0.3485 0.1765 0.225
0 1 0 0.56 0.425 0.135 0.8205 0.3715 0.185 0.236
0 1 0 0.565 0.44 0.175 0.8735 0.414 0.21 0.21
0 1 0 0.59 0.445 0.135 0.7715 0.328 0.1745 0.23
0 0 1 0.59 0.47 0.18 1.187 0.5985 0.227 0.31
0 0 1 0.6 0.46 0.155 0.9595 0.4455 0.189 0.295
1 0 0 0.605 0.475 0.175 1.076 0.463 0.2195 0.335
0 0 1 0.625 0.455 0.17 1.082 0.4955 0.2345 0.315
0 0 1 0.645 0.51 0.16 1.1835 0.556 0.2385 0.345
1 0 0 0.65 0.505 0.165 1.16 0.4785 0.274 0.349
0 0 1 0.705 0.555 0.215 2.141 1.0465 0.383 0.528
0 1 0 0.14 0.105 0.035 0.014 0.0055 0.0025 0.004
0 1 0 0.365 0.255 0.08 0.1985 0.0785 0.0345 0.053
0 1 0 0.385 0.3 0.09 0.247 0.1225 0.044 0.0675
0 0 1 0.415 0.315 0.115 0.3895 0.2015 0.065 0.103
0 1 0 0.44 0.34 0.105 0.369 0.164 0.08 0.1015
0 1 0 0.44 0.365 0.11 0.4465 0.213 0.089 0.1135
0 1 0 0.455 0.335 0.135 0.501 0.274 0.0995 0.1065
0 1 0 0.47 0.345 0.14 0.4615 0.229 0.1105 0.116
0 1 0 0.475 0.365 0.115 0.459 0.2175 0.093 0.1165
1 0 0 0.475 0.365 0.115 0.566 0.281 0.117 0.1335
0 1 0 0.48 0.36 0.125 0.542 0.2795 0.1025 0.147
1 0 0 0.495 0.38 0.12 0.573 0.2655 0.1285 0.144
0 0 1 0.505 0.385 0.105 0.5525 0.239 0.1245 0.1555
1 0 0 0.505 0.38 0.135 0.6855 0.361 0.1565 0.161
0 1 0 0.515 0.4 0.125 0.5625 0.25 0.1245 0.17
0 1 0 0.53 0.43 0.13 0.7045 0.346 0.1415 0.189
1 0 0 0.545 0.41 0.14 0.7405 0.3565 0.1775 0.203
0 0 1 0.55 0.425 0.16 0.793 0.343 0.2035 0.215
1 0 0 0.595 0.455 0.16 1.04 0.452 0.2655 0.288
0 0 1 0.6 0.465 0.2 1.259 0.6405 0.1985 0.357
1 0 0 0.605 0.485 0.165 0.9515 0.4535 0.193 0.2765
1 0 0 0.605 0.485 0.16 1.201 0.417 0.2875 0.38
1 0 0 0.605 0.515 0.17 1.289 0.6 0.2945 0.3315
1 0 0 0.61 0.485 0.17 1.1005 0.5125 0.229 0.305
0 0 1 0.62 0.48 0.165 1.0725 0.4815 0.235 0.312
0 0 1 0.63 0.47 0.145 1.1005 0.52 0.26 0.276
0 0 1 0.63 0.455 0.15 1.1315 0.481 0.2745 0.305
0 0 1 0.75 0.55 0.18 1.893 0.942 0.397 0.445
0 1 0 0.21 0.17 0.045 0.0475 0.019 0.011 0.013
0 1 0 0.285 0.21 0.055 0.101 0.0415 0.017 0.0335
0 1 0 0.335 0.255 0.08 0.168 0.079 0.0355 0.05
0 1 0 0.35 0.26 0.075 0.18 0.09 0.0245 0.055
0 1 0 0.36 0.275 0.075 0.2205 0.0985 0.044 0.066
0 1 0 0.36 0.265 0.075 0.1845 0.083 0.0365 0.055
0 1 0 0.39 0.3 0.09 0.252 0.1065 0.053 0.08
0 1 0 0.415 0.325 0.1 0.313 0.139 0.0625 0.0965
0 1 0 0.425 0.315 0.08 0.303 0.131 0.0585 0.095
0 1 0 0.45 0.335 0.11 0.4195 0.181 0.085 0.1345
0 1 0 0.46 0.35 0.11 0.4 0.176 0.083 0.1205
0 1 0 0.46 0.355 0.11 0.4255 0.2015 0.081 0.13
0 1 0 0.465 0.37 0.12 0.4365 0.188 0.0815 0.147
0 0 1 0.475 0.36 0.1 0.4285 0.1965 0.099 0.112
0 1 0 0.48 0.37 0.125 0.474 0.179 0.1035 0.175
0 1 0 0.485 0.375 0.13 0.6025 0.2935 0.1285 0.16
0 1 0 0.5 0.375 0.14 0.559 0.2375 0.135 0.169
0 1 0 0.51 0.395 0.13 0.6025 0.281 0.143 0.162
0 1 0 0.52 0.41 0.145 0.646 0.2965 0.1595 0.165
0 1 0 0.52 0.39 0.13 0.5545 0.2355 0.1095 0.1895
0 1 0 0.525 0.39 0.12 0.664 0.3115 0.147 0.178
0 1 0 0.525 0.4 0.14 0.654 0.305 0.16 0.169
0 0 1 0.525 0.4 0.155 0.707 0.282 0.1605 0.225
0 1 0 0.53 0.42 0.13 0.8365 0.3745 0.167 0.249
0 1 0 0.535 0.4 0.13 0.657 0.2835 0.162 0.175
0 1 0 0.54 0.43 0.17 0.836 0.3725 0.1815 0.24
0 1 0 0.54 0.425 0.14 0.742 0.32 0.1395 0.25
0 1 0 0.54 0.43 0.14 0.8195 0.3935 0.1725 0.2295
0 1 0 0.545 0.4 0.13 0.686 0.3285 0.1455 0.18
0 1 0 0.55 0.425 0.15 0.639 0.269 0.1345 0.217
0 1 0 0.555 0.46 0.145 0.9005 0.3845 0.158 0.2765
0 1 0 0.565 0.42 0.155 0.743 0.31 0.186 0.231
1 0 0 0.565 0.44 0.15 0.863 0.435 0.149 0.27
0 0 1 0.565 0.44 0.125 0.802 0.3595 0.1825 0.215
0 1 0 0.57 0.435 0.17 0.848 0.4 0.166 0.25
0 1 0 0.57 0.445 0.155 0.867 0.3705 0.1705 0.28
0 1 0 0.575 0.45 0.125 0.78 0.3275 0.188 0.235
0 0 1 0.575 0.445 0.16 0.839 0.4005 0.198 0.239
0 1 0 0.59 0.46 0.145 0.9015 0.419 0.1785 0.26
0 0 1 0.6 0.48 0.165 0.9165 0.4135 0.1965 0.2725
0 0 1 0.6 0.47 0.165 1.059 0.504 0.241 0.275
1 0 0 0.605 0.455 0.145 0.9775 0.468 0.1775 0.275
0 1 0 0.605 0.47 0.145 0.8025 0.379 0.2265 0.22
1 0 0 0.605 0.47 0.155 0.974 0.393 0.224 0.3345
0 0 1 0.61 0.47 0.16 1.022 0.449 0.2345 0.2945
0 0 1 0.61 0.47 0.17 1.1185 0.5225 0.2405 0.31
1 0 0 0.61 0.485 0.18 1.2795 0.5735 0.2855 0.355
0 0 1 0.615 0.475 0.175 1.224 0.6035 0.261 0.311
1 0 0 0.62 0.54 0.165 1.139 0.4995 0.2435 0.357
0 1 0 0.62 0.49 0.16 1.066 0.446 0.246 0.305
1 0 0 0.62 0.48 0.175 1.0405 0.464 0.2225 0.3
0 0 1 0.625 0.5 0.17 1.0985 0.4645 0.22 0.354
0 1 0 0.625 0.485 0.15 1.044 0.438 0.2865 0.278
0 0 1 0.63 0.49 0.17 1.1745 0.5255 0.273 0.339
1 0 0 0.635 0.49 0.17 1.2615 0.5385 0.2665 0.38
0 0 1 0.645 0.485 0.15 1.2215 0.5695 0.2735 0.33
0 0 1 0.65 0.505 0.19 1.274 0.59 0.23 0.391
1 0 0 0.655 0.51 0.15 1.043 0.4795 0.223 0.305
0 0 1 0.665 0.505 0.16 1.289 0.6145 0.253 0.3665
1 0 0 0.685 0.565 0.175 1.638 0.7775 0.375 0.438
0 0 1 0.71 0.575 0.215 2.009 0.9895 0.4475 0.502
1 0 0 0.725 0.565 0.21 2.1425 1.03 0.487 0.503
0 0 1 0.445 0.32 0.12 0.414 0.199 0.09 0.117
0 0 1 0.485 0.37 0.155 0.968 0.419 0.2455 0.2365
0 1 0 0.485 0.345 0.16 0.869 0.3085 0.185 0.319
0 0 1 0.57 0.455 0.175 1.02 0.4805 0.2145 0.29
0 0 1 0.6 0.465 0.165 1.038 0.4975 0.2205 0.251
0 0 1 0.625 0.49 0.185 1.169 0.5275 0.2535 0.344
1 0 0 0.665 0.515 0.185 1.3405 0.5595 0.293 0.4375
1 0 0 0.685 0.535 0.175 1.5845 0.7175 0.3775 0.4215
0 0 1 0.695 0.53 0.19 1.726 0.7625 0.436 0.455
1 0 0 0.72 0.55 0.195 2.073 1.0715 0.4265 0.5015
0 0 1 0.72 0.56 0.18 1.5865 0.691 0.375 0.4425
0 1 0 0.185 0.135 0.04 0.027 0.0105 0.0055 0.009
0 1 0 0.31 0.215 0.075 0.1275 0.0565 0.0275 0.036
0 1 0 0.35 0.265 0.08 0.2 0.09 0.042 0.06
0 1 0 0.365 0.275 0.085 0.223 0.098 0.0375 0.075
0 1 0 0.41 0.315 0.095 0.2805 0.114 0.0345 0.11
0 1 0 0.41 0.335 0.105 0.3305 0.1405 0.064 0.105
0 1 0 0.42 0.325 0.1 0.368 0.1675 0.0625 0.1135
0 1 0 0.435 0.345 0.12 0.3215 0.13 0.056 0.1185
0 1 0 0.475 0.34 0.105 0.4535 0.203 0.08 0.1465
0 1 0 0.485 0.385 0.13 0.568 0.2505 0.178 0.154
0 1 0 0.485 0.37 0.115 0.457 0.1885 0.0965 0.15
0 1 0 0.5 0.38 0.11 0.5605 0.28 0.106 0.15
0 1 0 0.505 0.405 0.13 0.599 0.2245 0.1175 0.225
0 1 0 0.52 0.415 0.14 0.6375 0.308 0.1335 0.168
0 1 0 0.525 0.415 0.12 0.596 0.2805 0.12 0.1695
0 1 0 0.525 0.4 0.145 0.6095 0.248 0.159 0.175
0 1 0 0.53 0.43 0.16 0.7245 0.321 0.1275 0.24
0 1 0 0.53 0.395 0.13 0.575 0.247 0.115 0.183
0 1 0 0.54 0.395 0.135 0.6555 0.2705 0.155 0.192
0 1 0 0.555 0.45 0.175 0.738 0.304 0.1755 0.22
0 1 0 0.56 0.445 0.165 0.832 0.3455 0.179 0.279
1 0 0 0.565 0.445 0.125 0.8305 0.3135 0.1785 0.23
0 0 1 0.565 0.415 0.125 0.667 0.302 0.1545 0.185
0 0 1 0.565 0.45 0.16 0.895 0.415 0.195 0.246
0 0 1 0.57 0.44 0.175 0.9415 0.3805 0.2285 0.283
1 0 0 0.57 0.44 0.12 0.803 0.382 0.1525 0.234
0 0 1 0.575 0.45 0.13 0.785 0.318 0.193 0.2265
1 0 0 0.575 0.465 0.175 1.099 0.4735 0.202 0.35
0 1 0 0.575 0.45 0.135 0.8245 0.3375 0.2115 0.239
1 0 0 0.575 0.43 0.155 0.7955 0.3485 0.1925 0.22
0 0 1 0.58 0.44 0.16 0.8295 0.3365 0.2005 0.2485
1 0 0 0.6 0.47 0.135 0.97 0.4655 0.1955 0.264
1 0 0 0.6 0.465 0.16 1.133 0.466 0.2885 0.298
1 0 0 0.605 0.455 0.145 0.862 0.334 0.1985 0.3
0 0 1 0.62 0.49 0.16 1.035 0.44 0.2525 0.285
1 0 0 0.62 0.495 0.17 1.062 0.372 0.213 0.34
0 0 1 0.625 0.495 0.155 1.0485 0.487 0.212 0.3215
1 0 0 0.625 0.445 0.16 1.09 0.46 0.2965 0.304
1 0 0 0.625 0.52 0.18 1.354 0.4845 0.351 0.375
1 0 0 0.625 0.47 0.145 0.984 0.475 0.2 0.265
1 0 0 0.635 0.52 0.165 1.3405 0.5065 0.296 0.412
0 0 1 0.64 0.49 0.155 1.1285 0.477 0.269 0.34
0 0 1 0.645 0.49 0.175 1.32 0.6525 0.2375 0.3385
0 0 1 0.655 0.52 0.17 1.1445 0.53 0.223 0.348
0 0 1 0.66 0.51 0.175 1.218 0.5055 0.303 0.37
0 0 1 0.675 0.515 0.15 1.312 0.556 0.2845 0.4115
0 0 1 0.69 0.55 0.18 1.6915 0.6655 0.402 0.5
0 0 1 0.72 0.565 0.19 2.081 1.0815 0.4305 0.503
0 1 0 0.21 0.15 0.055 0.0465 0.017 0.012 0.015
0 1 0 0.28 0.2 0.065 0.0895 0.036 0.0185 0.03
0 1 0 0.29 0.21 0.07 0.1115 0.048 0.0205 0.03
0 1 0 0.36 0.27 0.085 0.196 0.0905 0.034 0.053
0 1 0 0.425 0.315 0.095 0.3675 0.1865 0.0675 0.0985
0 1 0 0.46 0.35 0.11 0.4675 0.2125 0.099 0.1375
0 1 0 0.51 0.455 0.135 0.6855 0.2875 0.154 0.2035
0 0 1 0.515 0.4 0.14 0.6335 0.288 0.145 0.168
1 0 0 0.53 0.43 0.15 0.741 0.325 0.1855 0.196
1 0 0 0.53 0.405 0.13 0.6355 0.2635 0.1565 0.185
0 0 1 0.545 0.44 0.14 0.8395 0.356 0.1905 0.2385
1 0 0 0.56 0.41 0.16 0.8215 0.342 0.184 0.253
1 0 0 0.625 0.515 0.18 1.3485 0.5255 0.252 0.3925
0 1 0 0.255 0.19 0.06 0.086 0.04 0.0185 0.025
0 1 0 0.28 0.215 0.08 0.132 0.072 0.022 0.033
1 0 0 0.4 0.305 0.16 0.368 0.173 0.0705 0.105
0 0 1 0.46 0.345 0.11 0.4595 0.235 0.0885 0.116
0 0 1 0.465 0.36 0.11 0.4955 0.2665 0.085 0.121
0 1 0 0.465 0.355 0.09 0.4325 0.2005 0.074 0.1275
1 0 0 0.475 0.38 0.14 0.689 0.3165 0.1315 0.1955
1 0 0 0.54 0.42 0.13 0.7505 0.368 0.1675 0.1845
1 0 0 0.545 0.43 0.16 0.844 0.3945 0.1855 0.231
1 0 0 0.565 0.44 0.135 0.83 0.393 0.1735 0.238
1 0 0 0.58 0.435 0.15 0.839 0.3485 0.207 0.192
0 0 1 0.645 0.495 0.15 1.2095 0.603 0.2225 0.339
0 0 1 0.72 0.585 0.22 1.914 0.9155 0.448 0.479
1 0 0 0.505 0.385 0.115 0.616 0.243 0.1075 0.21
0 1 0 0.405 0.305 0.09 0.2825 0.114 0.0575 0.095
0 0 1 0.415 0.3 0.1 0.3355 0.1545 0.0685 0.095
0 0 1 0.5 0.39 0.145 0.651 0.273 0.132 0.22
1 0 0 0.49 0.385 0.125 0.5395 0.2175 0.128 0.165
0 1 0 0.385 0.29 0.09 0.232 0.0855 0.0495 0.08
0 1 0 0.18 0.13 0.045 0.0275 0.0125 0.01 0.009
1 0 0 0.375 0.29 0.08 0.282 0.1405 0.0725 0.08
0 0 1 0.425 0.325 0.1 0.3295 0.1365 0.0725 0.11
1 0 0 0.435 0.35 0.12 0.4585 0.192 0.1 0.13
0 0 1 0.44 0.35 0.11 0.4585 0.2 0.0885 0.13
1 0 0 0.57 0.465 0.18 0.9995 0.405 0.277 0.295
0 0 1 0.68 0.53 0.205 1.496 0.5825 0.337 0.465
0 1 0 0.46 0.35 0.11 0.3945 0.1685 0.0865 0.125
0 0 1 0.455 0.35 0.105 0.401 0.1575 0.083 0.135
1 0 0 0.415 0.325 0.115 0.3455 0.1405 0.0765 0.11
0 0 1 0.465 0.35 0.12 0.5205 0.2015 0.1625 0.185
0 1 0 0.28 0.2 0.075 0.1225 0.0545 0.0115 0.035
0 0 1 0.58 0.46 0.165 1.2275 0.473 0.1965 0.435
0 0 1 0.56 0.42 0.195 0.8085 0.3025 0.1795 0.285
1 0 0 0.55 0.47 0.15 0.897 0.377 0.184 0.29
1 0 0 0.61 0.45 0.16 1.136 0.414 0.311 0.3
1 0 0 0.37 0.275 0.085 0.2405 0.104 0.0535 0.07
1 0 0 0.57 0.45 0.17 1.098 0.414 0.187 0.405
0 0 1 0.535 0.42 0.165 0.9195 0.3355 0.1985 0.26
1 0 0 0.52 0.4 0.125 0.6865 0.295 0.1715 0.185
0 0 1 0.495 0.385 0.135 0.6335 0.2 0.1225 0.26
0 0 1 0.58 0.47 0.165 0.927 0.3215 0.1985 0.315
1 0 0 0.575 0.485 0.165 1.0405 0.419 0.264 0.3
0 1 0 0.26 0.215 0.08 0.099 0.037 0.0255 0.045
0 0 1 0.57 0.405 0.16 0.9245 0.3445 0.2185 0.295
0 0 1 0.63 0.51 0.23 1.539 0.5635 0.2815 0.57
0 1 0 0.33 0.26 0.08 0.19 0.0765 0.0385 0.065
0 0 1 0.495 0.39 0.15 0.853 0.3285 0.189 0.27
1 0 0 0.555 0.455 0.18 0.958 0.296 0.195 0.39
1 0 0 0.55 0.425 0.145 0.797 0.297 0.15 0.265
0 1 0 0.275 0.2 0.075 0.086 0.0305 0.019 0.03
0 0 1 0.37 0.28 0.095 0.2225 0.0805 0.051 0.075
1 0 0 0.56 0.445 0.18 0.903 0.3575 0.2045 0.295
1 0 0 0.57 0.45 0.165 0.903 0.3305 0.1845 0.295
1 0 0 0.435 0.32 0.12 0.3785 0.152 0.0915 0.125
1 0 0 0.475 0.38 0.135 0.486 0.1735 0.07 0.185
0 1 0 0.355 0.28 0.1 0.2275 0.0935 0.0455 0.085
0 0 1 0.46 0.375 0.14 0.5105 0.192 0.1045 0.205
1 0 0 0.47 0.365 0.12 0.543 0.2295 0.1495 0.15
1 0 0 0.57 0.46 0.17 1.1 0.4125 0.2205 0.38
1 0 0 0.58 0.455 0.16 0.9215 0.312 0.196 0.3
0 1 0 0.59 0.45 0.16 0.893 0.2745 0.2185 0.345
1 0 0 0.635 0.51 0.175 1.2125 0.5735 0.261 0.36
0 0 1 0.655 0.525 0.185 1.259 0.487 0.2215 0.445
1 0 0 0.62 0.48 0.23 1.0935 0.403 0.245 0.355
1 0 0 0.6 0.475 0.18 1.1805 0.4345 0.2475 0.425
0 0 1 0.44 0.375 0.13 0.487 0.226 0.0965 0.155
0 1 0 0.435 0.345 0.12 0.4475 0.221 0.112 0.125
1 0 0 0.5 0.395 0.15 0.7145 0.3235 0.173 0.195
1 0 0 0.385 0.305 0.105 0.3315 0.1365 0.0745 0.1
0 0 1 0.46 0.375 0.13 0.5735 0.2505 0.119 0.195
1 0 0 0.55 0.415 0.135 0.775 0.302 0.179 0.26
1 0 0 0.465 0.375 0.135 0.6 0.2225 0.129 0.23
0 0 1 0.455 0.355 0.13 0.515 0.2 0.1275 0.175
1 0 0 0.58 0.475 0.135 0.925 0.391 0.165 0.275
0 0 1 0.49 0.395 0.135 0.5545 0.213 0.0925 0.215
0 0 1 0.43 0.345 0.115 0.3045 0.0925 0.055 0.12
0 1 0 0.42 0.345 0.115 0.3435 0.1515 0.0795 0.115
1 0 0 0.515 0.42 0.135 0.6295 0.2815 0.127 0.215
0 0 1 0.61 0.49 0.15 1.103 0.425 0.2025 0.36
0 0 1 0.655 0.485 0.195 1.62 0.6275 0.358 0.485
1 0 0 0.59 0.47 0.17 0.9 0.355 0.1905 0.25
0 1 0 0.31 0.24 0.09 0.1455 0.0605 0.0315 0.045
0 0 1 0.505 0.4 0.13 0.764 0.3035 0.189 0.2175
0 0 1 0.525 0.43 0.165 0.8645 0.376 0.1945 0.2515
0 0 1 0.59 0.475 0.16 0.9455 0.3815 0.184 0.27
1 0 0 0.72 0.56 0.175 1.7265 0.637 0.3415 0.525
0 0 1 0.635 0.495 0.15 1.081 0.4825 0.242 0.31
0 0 1 0.585 0.455 0.125 1.027 0.391 0.212 0.25
1 0 0 0.72 0.595 0.225 1.969 0.8045 0.423 0.66
0 1 0 0.525 0.43 0.15 0.7365 0.3225 0.161 0.215
1 0 0 0.525 0.39 0.135 0.6005 0.2265 0.131 0.21
1 0 0 0.44 0.345 0.105 0.4285 0.165 0.083 0.132
1 0 0 0.485 0.365 0.14 0.6195 0.2595 0.1445 0.177
0 1 0 0.47 0.35 0.135 0.567 0.2315 0.1465 0.1525
1 0 0 0.455 0.35 0.125 0.4485 0.1585 0.102 0.1335
0 1 0 0.3 0.22 0.09 0.1425 0.057 0.0335 0.043
0 1 0 0.61 0.475 0.17 1.0385 0.4435 0.241 0.32
0 1 0 0.5 0.385 0.155 0.762 0.3795 0.161 0.19
1 0 0 0.53 0.43 0.17 0.775 0.35 0.152 0.235
0 1 0 0.5 0.395 0.12 0.537 0.2165 0.1085 0.1785
1 0 0 0.61 0.485 0.165 1.087 0.4255 0.232 0.38
1 0 0 0.66 0.515 0.18 1.523 0.54 0.3365 0.555
1 0 0 0.465 0.38 0.135 0.579 0.208 0.1095 0.22
0 0 1 0.515 0.4 0.16 0.8175 0.2515 0.156 0.3
1 0 0 0.345 0.255 0.1 0.197 0.071 0.051 0.06
0 0 1 0.475 0.355 0.125 0.4625 0.186 0.107 0.145
1 0 0 0.445 0.335 0.14 0.4565 0.1785 0.114 0.14
1 0 0 0.55 0.435 0.17 0.884 0.2875 0.1645 0.28
1 0 0 0.35 0.265 0.09 0.1855 0.0745 0.0415 0.06
1 0 0 0.37 0.285 0.105 0.27 0.1125 0.0585 0.0835
0 1 0 0.275 0.2 0.065 0.092 0.0385 0.0235 0.027
0 1 0 0.25 0.18 0.06 0.073 0.028 0.017 0.0225
0 1 0 0.25 0.185 0.065 0.071 0.027 0.0185 0.0225
1 0 0 0.585 0.47 0.17 1.099 0.3975 0.2325 0.358
0 0 1 0.445 0.35 0.14 0.5905 0.2025 0.158 0.19
1 0 0 0.52 0.405 0.14 0.6915 0.276 0.137 0.215
0 0 1 0.5 0.39 0.13 0.709 0.275 0.168 0.18
0 0 1 0.51 0.415 0.14 0.8185 0.3025 0.2155 0.235
0 0 1 0.615 0.475 0.17 1.1825 0.474 0.2895 0.24
0 0 1 0.5 0.385 0.145 0.7615 0.246 0.195 0.204
0 0 1 0.44 0.325 0.115 0.39 0.163 0.087 0.113
1 0 0 0.475 0.38 0.145 0.57 0.167 0.118 0.187
0 0 1 0.54 0.41 0.145 0.989 0.2815 0.213 0.355
1 0 0 0.33 0.26 0.08 0.2 0.0625 0.05 0.07
0 1 0 0.285 0.21 0.07 0.109 0.044 0.0265 0.033
0 1 0 0.375 0.3 0.075 0.144 0.059 0.03 0.044
0 0 1 0.58 0.46 0.18 1.145 0.48 0.277 0.325
0 0 1 0.59 0.455 0.16 1.09 0.5 0.2215 0.292
1 0 0 0.6 0.475 0.135 1.4405 0.5885 0.191 0.3175
1 0 0 0.64 0.5 0.18 1.4995 0.593 0.314 0.431
1 0 0 0.695 0.53 0.2 2.0475 0.75 0.4195 0.6095
0 1 0 0.23 0.18 0.05 0.064 0.0215 0.0135 0.02
0 1 0 0.28 0.22 0.08 0.1315 0.066 0.024 0.03
0 1 0 0.315 0.235 0.07 0.149 0.058 0.0325 0.047
0 1 0 0.34 0.265 0.07 0.185 0.0625 0.0395 0.07
0 1 0 0.44 0.335 0.11 0.3885 0.175 0.0835 0.111
0 1 0 0.44 0.355 0.12 0.495 0.231 0.11 0.125
1 0 0 0.455 0.35 0.12 0.4555 0.1945 0.1045 0.1375
0 1 0 0.46 0.345 0.12 0.4155 0.198 0.0885 0.107
0 1 0 0.465 0.355 0.11 0.474 0.23 0.1005 0.12
0 0 1 0.465 0.34 0.105 0.486 0.231 0.1035 0.1225
0 1 0 0.475 0.385 0.11 0.5735 0.311 0.1025 0.136
0 1 0 0.5 0.38 0.11 0.494 0.218 0.09 0.1325
0 0 1 0.515 0.395 0.12 0.646 0.285 0.1365 0.172
0 0 1 0.54 0.435 0.14 0.7345 0.33 0.1595 0.213
0 0 1 0.6 0.46 0.15 1.247 0.5335 0.2735 0.29
1 0 0 0.625 0.49 0.165 1.127 0.477 0.2365 0.3185
1 0 0 0.635 0.495 0.18 1.596 0.617 0.317 0.37
1 0 0 0.635 0.495 0.195 1.297 0.556 0.2985 0.37
0 1 0 0.29 0.21 0.06 0.1045 0.0415 0.022 0.035
0 1 0 0.44 0.34 0.1 0.407 0.209 0.0735 0.103
0 1 0 0.44 0.335 0.115 0.4215 0.173 0.0765 0.113
0 1 0 0.46 0.345 0.11 0.3755 0.1525 0.058 0.125
0 0 1 0.5 0.38 0.12 0.5765 0.273 0.135 0.145
0 1 0 0.515 0.4 0.125 0.5925 0.265 0.1175 0.168
0 1 0 0.52 0.395 0.135 0.633 0.2985 0.1295 0.175
1 0 0 0.545 0.43 0.14 0.832 0.4355 0.17 0.201
1 0 0 0.545 0.4 0.14 0.778 0.368 0.215 0.18
0 0 1 0.565 0.43 0.13 0.784 0.3495 0.1885 0.213
1 0 0 0.57 0.43 0.16 0.811 0.3875 0.159 0.2285
0 0 1 0.595 0.47 0.165 1.108 0.4915 0.2325 0.3345
0 0 1 0.595 0.46 0.14 0.852 0.4215 0.2255 0.227
0 0 1 0.645 0.48 0.15 1.192 0.6055 0.2595 0.285
0 0 1 0.67 0.5 0.2 1.269 0.576 0.2985 0.351
0 0 1 0.735 0.57 0.175 1.88 0.9095 0.387 0.488
0 1 0 0.19 0.14 0.03 0.0315 0.0125 0.005 0.0105
0 1 0 0.29 0.215 0.065 0.0985 0.0425 0.021 0.031
0 1 0 0.36 0.26 0.08 0.1795 0.074 0.0315 0.06
0 1 0 0.37 0.275 0.09 0.2065 0.096 0.0395 0.058
0 1 0 0.385 0.3 0.125 0.343 0.1705 0.0735 0.081
0 1 0 0.4 0.305 0.1 0.3415 0.176 0.0625 0.0865
0 1 0 0.405 0.305 0.1 0.268 0.1145 0.053 0.085
0 1 0 0.415 0.335 0.1 0.358 0.169 0.067 0.105
0 1 0 0.445 0.36 0.11 0.4235 0.182 0.0765 0.14
0 1 0 0.45 0.335 0.095 0.3505 0.1615 0.0625 0.1185
0 1 0 0.475 0.355 0.115 0.5195 0.279 0.088 0.1325
0 0 1 0.48 0.375 0.12 0.5895 0.2535 0.128 0.172
0 1 0 0.505 0.385 0.125 0.596 0.245 0.097 0.21
0 1 0 0.505 0.38 0.135 0.5385 0.2645 0.095 0.165
1 0 0 0.515 0.395 0.135 0.516 0.2015 0.132 0.162
0 1 0 0.525 0.375 0.12 0.6315 0.3045 0.114 0.19
0 1 0 0.55 0.465 0.15 0.936 0.481 0.174 0.2435
0 1 0 0.555 0.435 0.145 0.6975 0.262 0.1575 0.24
1 0 0 0.58 0.425 0.15 0.844 0.3645 0.185 0.2705
0 0 1 0.6 0.495 0.185 1.1145 0.5055 0.2635 0.367
1 0 0 0.61 0.45 0.13 0.8725 0.389 0.1715 0.272
0 0 1 0.64 0.505 0.155 1.1955 0.5565 0.211 0.346
1 0 0 0.675 0.525 0.17 1.711 0.8365 0.352 0.475
0 0 1 0.71 0.565 0.2 1.601 0.706 0.321 0.45
0 1 0 0.46 0.365 0.115 0.511 0.2365 0.118 0.123
0 1 0 0.52 0.395 0.145 0.77 0.424 0.142 0.1895
1 0 0 0.525 0.43 0.135 0.8435 0.4325 0.18 0.1815
1 0 0 0.54 0.42 0.14 0.8035 0.38 0.1805 0.21
1 0 0 0.54 0.415 0.15 0.8115 0.3875 0.1875 0.2035
0 0 1 0.595 0.435 0.16 1.057 0.4255 0.224 0.31
0 0 1 0.6 0.475 0.175 1.11 0.5105 0.256 0.285
1 0 0 0.655 0.515 0.155 1.309 0.524 0.346 0.385
0 0 1 0.695 0.54 0.195 1.691 0.768 0.363 0.4755
0 0 1 0.74 0.595 0.19 2.3235 1.1495 0.5115 0.505
0 1 0 0.37 0.28 0.085 0.198 0.0805 0.0455 0.058
0 1 0 0.37 0.27 0.09 0.1855 0.07 0.0425 0.065
0 1 0 0.375 0.28 0.085 0.2145 0.0855 0.0485 0.072
0 1 0 0.435 0.335 0.095 0.298 0.109 0.058 0.115
0 1 0 0.46 0.36 0.14 0.447 0.161 0.087 0.16
0 1 0 0.5 0.39 0.13 0.5075 0.2115 0.104 0.1755
0 1 0 0.505 0.425 0.125 0.6115 0.245 0.1375 0.2
0 1 0 0.51 0.4 0.145 0.5775 0.231 0.143 0.177
0 1 0 0.54 0.425 0.13 0.8155 0.3675 0.1365 0.246
1 0 0 0.55 0.435 0.14 0.745 0.347 0.174 0.2265
0 1 0 0.56 0.435 0.13 0.777 0.354 0.173 0.222
1 0 0 0.58 0.45 0.15 0.92 0.393 0.212 0.2895
1 0 0 0.58 0.44 0.125 0.7855 0.363 0.1955 0.195
0 1 0 0.585 0.45 0.135 0.855 0.3795 0.187 0.26
1 0 0 0.6 0.45 0.15 0.9625 0.4375 0.2225 0.2775
0 0 1 0.6 0.465 0.165 1.0475 0.465 0.2345 0.315
1 0 0 0.615 0.475 0.175 1.194 0.559 0.259 0.3165
1 0 0 0.62 0.475 0.15 0.9545 0.455 0.1865 0.277
0 1 0 0.67 0.485 0.175 1.2565 0.5355 0.322 0.386
0 0 1 0.67 0.525 0.195 1.4405 0.6595 0.2675 0.425
0 0 1 0.68 0.515 0.16 1.2345 0.618 0.2625 0.325
0 0 1 0.715 0.55 0.175 1.825 0.938 0.3805 0.44
0 1 0 0.5 0.37 0.115 0.5745 0.306 0.112 0.141
0 0 1 0.61 0.475 0.175 1.024 0.409 0.261 0.322
1 0 0 0.635 0.51 0.17 1.2235 0.532 0.271 0.354
0 0 1 0.64 0.485 0.16 1.006 0.456 0.2245 0.2835
0 0 1 0.7 0.545 0.185 1.6135 0.75 0.4035 0.3685
0 0 1 0.73 0.585 0.225 2.2305 1.2395 0.422 0.563
0 1 0 0.435 0.335 0.105 0.3535 0.156 0.05 0.1135
0 1 0 0.44 0.32 0.105 0.3875 0.1755 0.074 0.12
0 1 0 0.52 0.41 0.14 0.6625 0.2775 0.1555 0.196
0 1 0 0.52 0.395 0.115 0.6445 0.3155 0.1245 0.186
0 1 0 0.535 0.42 0.145 0.6885 0.273 0.1515 0.237
0 1 0 0.55 0.445 0.145 0.783 0.3045 0.157 0.265
0 0 1 0.56 0.45 0.145 0.894 0.3885 0.2095 0.264
0 1 0 0.575 0.445 0.16 0.9175 0.45 0.1935 0.24
0 0 1 0.585 0.45 0.175 1.1275 0.4925 0.262 0.335
0 0 1 0.59 0.435 0.165 0.9765 0.4525 0.2395 0.235
0 0 1 0.59 0.405 0.15 0.853 0.326 0.2615 0.245
1 0 0 0.595 0.46 0.16 0.921 0.4005 0.2025 0.2875
1 0 0 0.6 0.45 0.14 0.869 0.3425 0.195 0.291
1 0 0 0.61 0.495 0.16 1.089 0.469 0.198 0.384
0 0 1 0.615 0.485 0.215 0.9615 0.422 0.176 0.29
0 0 1 0.63 0.515 0.175 1.1955 0.492 0.247 0.37
0 0 1 0.635 0.5 0.18 1.154 0.4405 0.2315 0.387
1 0 0 0.68 0.56 0.195 1.664 0.58 0.3855 0.545
1 0 0 0.755 0.575 0.2 2.073 1.0135 0.4655 0.48
0 0 1 0.51 0.395 0.125 0.5805 0.244 0.1335 0.188
1 0 0 0.52 0.43 0.15 0.728 0.302 0.1575 0.235
0 0 1 0.525 0.4 0.13 0.622 0.2655 0.147 0.184
0 0 1 0.645 0.5 0.18 1.461 0.5985 0.2425 0.439
0 1 0 0.29 0.215 0.06 0.1115 0.053 0.0185 0.032
0 1 0 0.3 0.22 0.065 0.1235 0.059 0.026 0.0315
0 1 0 0.375 0.285 0.08 0.226 0.0975 0.04 0.0725
0 1 0 0.38 0.29 0.085 0.2285 0.088 0.0465 0.075
0 1 0 0.425 0.325 0.105 0.3975 0.1815 0.081 0.1175
1 0 0 0.525 0.4 0.13 0.6995 0.3115 0.131 0.223
0 0 1 0.575 0.45 0.135 0.9215 0.354 0.209 0.2365
0 0 1 0.67 0.515 0.165 1.1735 0.526 0.285 0.316
0 0 1 0.46 0.35 0.125 0.5165 0.1885 0.1145 0.185
0 0 1 0.535 0.42 0.125 0.764 0.312 0.1505 0.265
0 1 0 0.335 0.26 0.09 0.1835 0.078 0.024 0.065
0 1 0 0.18 0.135 0.08 0.033 0.0145 0.007 0.01
0 1 0 0.215 0.165 0.055 0.059 0.0265 0.0125 0.0185
0 0 1 0.54 0.41 0.13 0.56 0.2375 0.1065 0.175
0 0 1 0.505 0.395 0.125 0.635 0.29 0.1555 0.175
0 0 1 0.55 0.435 0.11 0.806 0.3415 0.203 0.215
1 0 0 0.545 0.41 0.115 0.6765 0.29 0.158 0.22
1 0 0 0.505 0.405 0.18 0.606 0.239 0.1235 0.18
0 0 1 0.45 0.355 0.12 0.3955 0.147 0.0765 0.145
1 0 0 0.37 0.295 0.1 0.2685 0.1165 0.056 0.0835
1 0 0 0.59 0.415 0.15 0.8805 0.3645 0.234 0.235
0 0 1 0.565 0.435 0.185 1.032 0.354 0.2045 0.31
0 1 0 0.325 0.245 0.075 0.1495 0.0605 0.033 0.045
0 1 0 0.31 0.235 0.075 0.1515 0.056 0.0315 0.05
1 0 0 0.49 0.38 0.155 0.578 0.2395 0.1255 0.18
1 0 0 0.635 0.505 0.185 1.3035 0.501 0.295 0.41
0 1 0 0.32 0.25 0.08 0.1565 0.057 0.034 0.06
0 1 0 0.43 0.34 0.125 0.384 0.1375 0.061 0.146
1 0 0 0.585 0.46 0.17 1.0835 0.3745 0.326 0.325
1 0 0 0.62 0.485 0.175 1.271 0.531 0.3075 0.37
1 0 0 0.64 0.505 0.19 1.2355 0.4435 0.3105 0.365
0 0 1 0.675 0.525 0.175 1.402 0.483 0.3205 0.465
0 0 1 0.5 0.4 0.145 0.6025 0.216 0.138 0.21
0 0 1 0.57 0.455 0.15 0.96 0.387 0.2385 0.275
0 0 1 0.665 0.535 0.155 1.383 0.596 0.2565 0.485
0 0 1 0.695 0.53 0.15 1.477 0.6375 0.3025 0.43
0 0 1 0.65 0.525 0.19 1.4995 0.6265 0.4005 0.395
1 0 0 0.655 0.51 0.16 1.092 0.396 0.2825 0.37
1 0 0 0.435 0.35 0.125 0.459 0.197 0.1145 0.145
0 0 1 0.505 0.385 0.11 0.655 0.3185 0.15 0.185
0 0 1 0.455 0.375 0.125 0.484 0.2155 0.102 0.165
0 0 1 0.48 0.38 0.135 0.528 0.2 0.1395 0.16
1 0 0 0.495 0.385 0.135 0.6625 0.3005 0.1635 0.185
0 0 1 0.465 0.36 0.125 0.4365 0.169 0.1075 0.145
1 0 0 0.59 0.475 0.155 0.9715 0.371 0.235 0.28
0 0 1 0.565 0.44 0.155 0.868 0.348 0.217 0.26
1 0 0 0.62 0.51 0.175 1.1255 0.4985 0.227 0.315
0 0 1 0.53 0.405 0.13 0.738 0.2845 0.17 0.193
1 0 0 0.495 0.375 0.15 0.597 0.2615 0.135 0.178
1 0 0 0.63 0.5 0.16 1.22 0.4905 0.3 0.345
0 0 1 0.59 0.45 0.12 0.7485 0.3345 0.1315 0.22
1 0 0 0.605 0.485 0.165 1.0735 0.437 0.205 0.33
0 0 1 0.645 0.5 0.19 1.229 0.524 0.278 0.395
1 0 0 0.615 0.5 0.205 1.1055 0.4445 0.227 0.39
1 0 0 0.57 0.435 0.14 0.8085 0.3235 0.183 0.22
1 0 0 0.45 0.325 0.135 0.438 0.1805 0.1165 0.11
1 0 0 0.505 0.41 0.15 0.6345 0.243 0.1335 0.215
0 0 1 0.4 0.31 0.11 0.314 0.138 0.057 0.1
0 0 1 0.35 0.26 0.09 0.195 0.0745 0.041 0.0655
1 0 0 0.705 0.555 0.2 1.4685 0.4715 0.3235 0.52
1 0 0 0.535 0.425 0.155 0.7765 0.302 0.1565 0.25
0 1 0 0.49 0.385 0.14 0.5425 0.198 0.127 0.175
1 0 0 0.45 0.35 0.125 0.4435 0.185 0.09 0.145
0 1 0 0.54 0.435 0.145 0.97 0.4285 0.22 0.264
0 1 0 0.47 0.4 0.16 0.51 0.1615 0.073 0.198
0 0 1 0.415 0.32 0.1 0.3005 0.1215 0.0575 0.104
0 1 0 0.445 0.345 0.13 0.4075 0.1365 0.0645 0.18
0 1 0 0.58 0.445 0.17 1.178 0.3935 0.2165 0.315
1 0 0 0.58 0.44 0.175 1.073 0.4005 0.2345 0.335
0 0 1 0.41 0.3 0.1 0.301 0.124 0.069 0.09
0 1 0 0.61 0.46 0.17 1.278 0.41 0.257 0.37
0 1 0 0.44 0.33 0.135 0.522 0.17 0.0905 0.195
0 0 1 0.54 0.405 0.155 0.9715 0.3225 0.194 0.29
0 1 0 0.255 0.19 0.07 0.0815 0.028 0.016 0.031
0 1 0 0.19 0.13 0.045 0.0265 0.009 0.005 0.009
0 0 1 0.545 0.435 0.165 0.9955 0.3245 0.2665 0.325
0 0 1 0.5 0.375 0.13 0.721 0.3055 0.1725 0.22
0 1 0 0.34 0.25 0.075 0.1765 0.0785 0.0405 0.05
0 1 0 0.39 0.315 0.09 0.3095 0.147 0.05 0.09
0 1 0 0.43 0.32 0.1 0.3855 0.192 0.0745 0.1
0 0 1 0.61 0.47 0.155 1.0325 0.497 0.2175 0.2785
1 0 0 0.465 0.355 0.115 0.4705 0.1955 0.118 0.126
1 0 0 0.49 0.4 0.115 0.569 0.256 0.1325 0.145
0 0 1 0.52 0.39 0.12 0.6435 0.2885 0.157 0.161
1 0 0 0.525 0.44 0.125 0.7115 0.3205 0.159 0.1915
0 0 1 0.6 0.475 0.155 1.1385 0.502 0.2295 0.31
0 0 1 0.62 0.485 0.165 1.1325 0.5235 0.2505 0.2825
1 0 0 0.625 0.495 0.16 1.1115 0.4495 0.2825 0.345
0 0 1 0.625 0.485 0.17 1.437 0.5855 0.293 0.475
1 0 0 0.64 0.48 0.195 1.1435 0.4915 0.2345 0.353
1 0 0 0.665 0.52 0.165 1.6885 0.7295 0.407 0.4265
0 0 1 0.72 0.565 0.2 1.787 0.718 0.385 0.529
0 1 0 0.165 0.12 0.05 0.021 0.0075 0.0045 0.014
0 1 0 0.44 0.33 0.11 0.38 0.197 0.079 0.09
0 1 0 0.47 0.355 0.145 0.4485 0.156 0.102 0.123
0 1 0 0.47 0.355 0.115 0.4155 0.167 0.084 0.139
1 0 0 0.555 0.43 0.135 0.812 0.4055 0.163 0.2215
1 0 0 0.595 0.47 0.165 1.0155 0.491 0.1905 0.289
1 0 0 0.615 0.49 0.19 1.1345 0.4695 0.257 0.348
0 0 1 0.625 0.47 0.175 1.179 0.605 0.258 0.271
1 0 0 0.66 0.5 0.175 1.3275 0.556 0.2805 0.4085
0 1 0 0.215 0.15 0.055 0.041 0.015 0.009 0.0125
0 1 0 0.35 0.26 0.09 0.1765 0.072 0.0355 0.0575
0 1 0 0.36 0.265 0.09 0.2055 0.096 0.037 0.0585
0 1 0 0.38 0.285 0.09 0.2305 0.1005 0.039 0.0775
0 0 1 0.435 0.335 0.11 0.4385 0.2075 0.0715 0.1315
0 1 0 0.475 0.355 0.125 0.4865 0.2155 0.1105 0.142
0 1 0 0.475 0.35 0.115 0.498 0.2375 0.099 0.14
0 1 0 0.48 0.355 0.125 0.494 0.2385 0.0835 0.15
1 0 0 0.495 0.37 0.12 0.594 0.28 0.11 0.1375
0 1 0 0.5 0.365 0.125 0.528 0.229 0.103 0.1645
0 1 0 0.515 0.4 0.135 0.636 0.3055 0.1215 0.1855
0 1 0 0.53 0.405 0.13 0.6615 0.2945 0.1395 0.19
0 1 0 0.535 0.41 0.13 0.6075 0.268 0.1225 0.1975
1 0 0 0.575 0.475 0.16 0.895 0.3605 0.221 0.271
0 0 1 0.575 0.45 0.155 0.886 0.3605 0.211 0.2575
0 1 0 0.58 0.47 0.15 0.907 0.444 0.1855 0.2445
1 0 0 0.585 0.465 0.165 0.9355 0.4035 0.2275 0.259
1 0 0 0.585 0.46 0.165 1.058 0.486 0.25 0.294
1 0 0 0.6 0.47 0.17 1.0805 0.4995 0.2245 0.3205
1 0 0 0.6 0.475 0.155 1.059 0.441 0.19 0.39
0 0 1 0.6 0.475 0.23 1.157 0.522 0.2235 0.36
1 0 0 0.6 0.485 0.145 0.776 0.3545 0.1585 0.239
0 0 1 0.625 0.48 0.16 1.1415 0.5795 0.2145 0.29
1 0 0 0.625 0.5 0.175 1.273 0.564 0.302 0.374
0 0 1 0.625 0.49 0.165 1.1835 0.517 0.2375 0.39
0 0 1 0.625 0.485 0.16 1.2135 0.631 0.2235 0.302
0 1 0 0.63 0.465 0.15 1.0315 0.4265 0.24 0.325
0 0 1 0.66 0.515 0.2 1.6465 0.749 0.422 0.401
0 0 1 0.685 0.53 0.17 1.56 0.647 0.383 0.465
0 0 1 0.58 0.45 0.16 0.8675 0.3935 0.221 0.215
0 0 1 0.615 0.495 0.2 1.304 0.5795 0.3115 0.371
0 0 1 0.62 0.46 0.16 0.9505 0.4915 0.2 0.228
0 1 0 0.285 0.225 0.07 0.1005 0.0425 0.0185 0.035
0 1 0 0.295 0.22 0.085 0.1285 0.0585 0.027 0.0365
0 1 0 0.3 0.225 0.075 0.1345 0.057 0.028 0.044
0 1 0 0.3 0.22 0.065 0.1195 0.052 0.0155 0.035
0 1 0 0.445 0.345 0.12 0.4035 0.169 0.0825 0.13
0 1 0 0.475 0.335 0.1 0.4425 0.1895 0.086 0.135
0 1 0 0.475 0.35 0.125 0.4225 0.1905 0.079 0.1355
0 1 0 0.49 0.39 0.12 0.511 0.2205 0.103 0.1745
0 1 0 0.53 0.425 0.13 0.781 0.3905 0.2005 0.215
0 1 0 0.53 0.42 0.14 0.6765 0.256 0.1855 0.208
0 1 0 0.53 0.395 0.125 0.6235 0.2975 0.108 0.195
0 1 0 0.55 0.4 0.135 0.717 0.3315 0.1495 0.221
0 1 0 0.555 0.43 0.15 0.783 0.345 0.1755 0.247
1 0 0 0.585 0.42 0.155 1.034 0.437 0.2225 0.32
0 0 1 0.605 0.49 0.165 1.1245 0.492 0.222 0.3555
1 0 0 0.61 0.495 0.165 1.0835 0.4525 0.273 0.317
0 0 1 0.615 0.47 0.175 1.242 0.5675 0.287 0.317
1 0 0 0.63 0.505 0.195 1.306 0.516 0.3305 0.375
0 0 1 0.65 0.495 0.17 1.276 0.6215 0.2305 0.399
0 0 1 0.67 0.54 0.195 1.217 0.532 0.2735 0.3315
0 0 1 0.685 0.535 0.175 1.432 0.637 0.247 0.46
0 0 1 0.705 0.55 0.21 1.4385 0.655 0.3255 0.462
0 0 1 0.71 0.555 0.175 2.14 1.2455 0.3725 0.434
0 0 1 0.78 0.6 0.21 2.548 1.1945 0.5745 0.6745
0 0 1 0.615 0.475 0.15 1.0375 0.476 0.2325 0.283
0 0 1 0.625 0.47 0.15 1.124 0.556 0.2315 0.287
1 0 0 0.635 0.505 0.17 1.2635 0.512 0.322 0.355
0 1 0 0.275 0.205 0.065 0.101 0.041 0.021 0.034
0 1 0 0.285 0.205 0.07 0.106 0.039 0.0285 0.034
0 1 0 0.36 0.265 0.085 0.1865 0.0675 0.037 0.0615
0 1 0 0.45 0.335 0.115 0.3935 0.195 0.071 0.11
0 1 0 0.525 0.4 0.14 0.6055 0.2605 0.108 0.21
0 0 1 0.53 0.425 0.155 0.7905 0.307 0.171 0.2595
0 0 1 0.53 0.425 0.13 0.702 0.2975 0.1395 0.22
0 1 0 0.53 0.41 0.15 0.612 0.2435 0.1525 0.1895
0 1 0 0.535 0.45 0.135 0.728 0.2845 0.1845 0.265
0 0 1 0.56 0.465 0.145 0.8875 0.3345 0.22 0.2695
1 0 0 0.575 0.46 0.15 0.927 0.333 0.207 0.2985
1 0 0 0.62 0.5 0.175 1.107 0.4895 0.24 0.343
1 0 0 0.65 0.495 0.175 1.227 0.528 0.258 0.37
1 0 0 0.705 0.56 0.17 1.4575 0.607 0.318 0.44
0 1 0 0.205 0.155 0.045 0.0495 0.0235 0.011 0.014
0 1 0 0.32 0.23 0.06 0.129 0.0615 0.0275 0.0355
1 0 0 0.605 0.48 0.175 1.1685 0.4815 0.2305 0.356
0 0 1 0.62 0.46 0.17 1.127 0.535 0.2635 0.296
0 0 1 0.625 0.47 0.17 1.1665 0.4605 0.2565 0.3945
0 0 1 0.68 0.54 0.195 1.7825 0.5565 0.3235 0.4285
0 0 1 0.5 0.385 0.12 0.6335 0.2305 0.125 0.235
1 0 0 0.46 0.365 0.115 0.4485 0.165 0.083 0.17
0 0 1 0.535 0.41 0.15 0.8105 0.345 0.187 0.24
0 0 1 0.5 0.42 0.125 0.62 0.255 0.15 0.205
1 0 0 0.615 0.475 0.145 0.9525 0.3915 0.195 0.32
0 0 1 0.455 0.35 0.105 0.416 0.1625 0.097 0.145
0 0 1 0.445 0.37 0.125 0.515 0.2495 0.087 0.159
1 0 0 0.375 0.295 0.11 0.3005 0.1255 0.0575 0.1035
0 1 0 0.335 0.255 0.085 0.1785 0.071 0.0405 0.055
1 0 0 0.63 0.475 0.175 1.423 0.4155 0.3385 0.49
0 1 0 0.32 0.235 0.065 0.1385 0.058 0.0225 0.05
1 0 0 0.49 0.385 0.16 0.656 0.2455 0.171 0.205
0 1 0 0.33 0.25 0.075 0.1405 0.056 0.035 0.05
0 1 0 0.38 0.3 0.1 0.286 0.1305 0.056 0.09
1 0 0 0.46 0.375 0.12 0.4915 0.2205 0.088 0.17
0 0 1 0.515 0.4 0.14 0.7365 0.2955 0.184 0.185
0 1 0 0.435 0.355 0.125 0.4075 0.1535 0.074 0.165
0 0 1 0.76 0.575 0.19 1.829 0.7035 0.386 0.56
1 0 0 0.615 0.5 0.165 1.1765 0.488 0.244 0.345
0 1 0 0.54 0.4 0.145 0.757 0.315 0.181 0.215
0 1 0 0.52 0.39 0.14 0.7325 0.2415 0.144 0.26
0 1 0 0.56 0.445 0.165 1.0285 0.4535 0.253 0.275
0 1 0 0.565 0.43 0.135 0.8545 0.321 0.1775 0.275
1 0 0 0.5 0.4 0.165 0.7105 0.27 0.1455 0.225
0 1 0 0.58 0.42 0.16 0.728 0.2725 0.19 0.19
0 1 0 0.55 0.44 0.165 0.8605 0.312 0.169 0.3
0 1 0 0.235 0.175 0.08 0.0645 0.0215 0.0175 0.0215
0 0 1 0.52 0.41 0.115 0.77 0.263 0.157 0.26
0 0 1 0.555 0.42 0.145 0.8695 0.3075 0.2575 0.25
0 0 1 0.505 0.39 0.105 0.6555 0.2595 0.18 0.19
0 0 1 0.475 0.365 0.14 0.6175 0.202 0.1445 0.19
0 0 1 0.485 0.385 0.105 0.556 0.296 0.104 0.133
0 1 0 0.49 0.385 0.12 0.591 0.271 0.1125 0.1775
1 0 0 0.68 0.55 0.19 1.807 0.8225 0.3655 0.515
0 0 1 0.69 0.55 0.195 1.777 0.769 0.38 0.4305
0 1 0 0.415 0.33 0.1 0.3905 0.1925 0.0755 0.1025
0 1 0 0.45 0.35 0.135 0.494 0.2205 0.0945 0.1405
1 0 0 0.525 0.41 0.115 0.7745 0.416 0.163 0.18
0 0 1 0.63 0.48 0.185 1.21 0.53 0.2555 0.322
0 0 1 0.685 0.51 0.18 1.4545 0.6315 0.3105 0.3725
0 1 0 0.455 0.35 0.135 0.5365 0.2855 0.0855 0.1325
1 0 0 0.555 0.43 0.14 0.7545 0.3525 0.1835 0.2015
0 0 1 0.72 0.545 0.195 1.7475 0.8215 0.383 0.4705
0 1 0 0.365 0.28 0.09 0.196 0.0865 0.036 0.0605
0 1 0 0.435 0.325 0.1 0.366 0.174 0.0725 0.109
0 0 1 0.51 0.405 0.125 0.6925 0.327 0.155 0.1805
0 1 0 0.52 0.41 0.14 0.5995 0.242 0.1375 0.182
0 1 0 0.56 0.44 0.155 0.811 0.3685 0.178 0.235
0 0 1 0.59 0.45 0.16 0.998 0.445 0.214 0.301
0 0 1 0.6 0.46 0.155 0.6655 0.285 0.149 0.269
0 0 1 0.62 0.485 0.145 1.003 0.4655 0.2195 0.28
0 0 1 0.625 0.495 0.155 1.025 0.46 0.1945 0.34
0 0 1 0.645 0.51 0.165 1.403 0.5755 0.2515 0.4545
1 0 0 0.69 0.535 0.185 1.826 0.797 0.409 0.499
1 0 0 0.63 0.515 0.16 1.336 0.553 0.3205 0.35
0 1 0 0.395 0.31 0.085 0.317 0.153 0.0505 0.0935
0 1 0 0.48 0.335 0.125 0.524 0.246 0.1095 0.145
0 1 0 0.515 0.395 0.125 0.5805 0.2365 0.1075 0.19
0 1 0 0.55 0.435 0.125 0.741 0.348 0.1585 0.206
0 0 1 0.61 0.365 0.155 1.0765 0.488 0.249 0.27
0 0 1 0.615 0.475 0.205 1.337 0.5995 0.2815 0.37
0 0 1 0.63 0.485 0.18 1.2435 0.5175 0.308 0.37
1 0 0 0.635 0.485 0.155 1.073 0.467 0.1975 0.35
0 0 1 0.635 0.5 0.18 1.2915 0.594 0.2695 0.37
0 0 1 0.68 0.545 0.185 1.672 0.7075 0.364 0.48
1 0 0 0.71 0.545 0.175 1.907 0.8725 0.4565 0.475
1 0 0 0.715 0.565 0.18 1.79 0.844 0.3535 0.5385
0 0 1 0.51 0.41 0.155 1.2825 0.569 0.291 0.3795
1 0 0 0.56 0.42 0.18 1.6645 0.7755 0.35 0.4525
0 0 1 0.35 0.265 0.09 0.197 0.073 0.0365 0.077
0 1 0 0.455 0.35 0.13 0.4725 0.215 0.0745 0.15
0 1 0 0.54 0.415 0.135 0.709 0.3195 0.174 0.185
1 0 0 0.595 0.455 0.14 0.914 0.3895 0.2225 0.271
1 0 0 0.6 0.5 0.17 1.13 0.4405 0.267 0.335
0 0 1 0.63 0.505 0.155 1.105 0.492 0.226 0.325
1 0 0 0.65 0.505 0.165 1.357 0.5725 0.281 0.43
0 0 1 0.695 0.55 0.195 1.6645 0.727 0.36 0.445
0 1 0 0.33 0.23 0.08 0.14 0.0565 0.0365 0.046
1 0 0 0.56 0.44 0.135 0.8025 0.35 0.1615 0.259
1 0 0 0.585 0.475 0.165 1.053 0.458 0.217 0.3
1 0 0 0.585 0.455 0.17 0.9945 0.4255 0.263 0.2845
0 1 0 0.405 0.3 0.085 0.3035 0.15 0.0505 0.088
0 0 1 0.5 0.38 0.125 0.577 0.269 0.1265 0.1535
0 0 1 0.6 0.475 0.205 1.176 0.5255 0.2875 0.308
