22.118378	-50.848595
-1.6495302	-52.605473
-32.058517	-69.592964
-21.87838	-71.48241
30.101469	-46.210846
-33.754505	-27.909822
-15.721787	-46.576447
-10.377469	-34.271126
-50.06618	10.358565
-42.43318	-43.468323
-18.897745	-73.42951
-52.919445	-42.055027
-41.116318	-64.07821
-32.03663	-70.23599
-36.69713	-65.84944
30.302246	-52.19484
-35.813526	-19.770443
47.60117	-50.69846
-70.04102	-45.049667
22.916039	-29.874603
-3.6927185	-55.20428
-7.0083337	-47.30932
-8.3813305	-18.338575
-16.13799	-26.276094
-20.176325	-12.064827
11.926104	-74.178474
11.701979	-27.57148
17.95125	-60.78374
-16.024017	-48.56406
-47.55055	-43.782467
-1.8856827	-73.530304
-27.323399	-29.129103
1.100105	-31.535091
49.6774	-55.859776
-47.167633	-54.637302
53.88268	-35.153156
-48.425198	-44.550385
13.761074	-68.49342
-57.341473	-28.227777
-2.3608425	-43.20774
-13.587476	-57.633125
16.601795	-49.679066
-30.831505	-53.566044
34.15128	-36.00375
-25.515736	-47.721718
17.561155	-38.806114
29.420485	-34.9725
28.36501	-68.75807
-21.316076	-25.567204
-73.02978	-2.5286474
-5.845245	-24.76523
-37.37568	-68.22711
31.734255	-46.235546
2.6732445	-48.98438
8.909016	-60.49481
-25.665789	-65.04679
11.371456	-45.59102
-14.885964	-56.798325
-9.485844	-53.34265
-11.432247	-70.49
31.198574	-60.00097
-48.964226	-54.633427
62.30781	-36.071316
-16.061968	-56.609295
-35.215126	-31.018362
-7.5904317	-40.84303
-77.36013	-11.89851
-21.811155	-62.046185
8.124549	-33.38053
22.498003	-71.26643
-26.378345	-61.104137
-80.30302	-22.589956
-3.4539595	-37.524155
1.0974845	-73.02403
-67.008705	-40.873108
8.731157	-44.745174
-11.895471	-26.303312
-37.741028	-41.804874
9.879548	-36.024807
-46.90868	-42.816525
-28.697691	-8.229824
-11.53737	-52.877346
-19.48934	-41.252216
-17.076843	-19.15358
18.000448	-53.071915
3.8434818	-54.49618
-5.166258	-30.604837
-9.852549	-69.97186
-25.910704	-22.857254
12.514859	-54.580063
35.15167	-60.714725
-8.29341	-79.362495
-16.611115	-30.60648
-21.139519	-34.50185
7.680503	-65.08259
13.957299	-57.90871
-24.029388	-48.454044
-60.80191	-67.68112
-2.071327	-59.468628
-24.803219	-36.855305
47.577583	-70.680305
69.02642	-32.57979
-44.401287	-18.154263
-30.090689	-40.530735
-29.617397	-52.78618
-40.564884	-25.948105
54.541653	-52.097878
-19.780561	-40.854305
33.253727	-63.619198
-34.38117	-38.046566
17.379467	-44.47819
43.92735	-31.208578
-12.09738	-61.255554
-6.229569	-32.497467
3.8187902	-54.476524
-7.4760466	-79.64054
23.841608	-40.88717
13.593095	-69.19912
-29.006765	-45.30462
-80.39325	-3.8871465
-4.0873947	-48.3823
-47.148365	-28.756182
-36.502014	-23.60337
73.379196	-32.05864
-33.94058	-26.891495
21.902704	-41.50302
13.462206	-46.917797
-49.431477	-37.66823
-40.707428	-24.105911
2.1504672	-57.571568
-8.689727	-79.236305
-40.32663	-52.02222
71.379326	-35.167183
2.6308827	-39.834908
19.626104	-26.214525
24.313599	-50.367226
-35.123806	-36.470585
-25.293293	-41.87034
-30.3864	-64.39024
62.493824	-15.555442
41.367683	-41.62404
-8.780771	-42.118317
26.015532	-71.74426
8.676488	-15.101585
-52.702663	-63.31074
-46.46296	-33.60667
-11.310914	-69.91508
-37.457054	-69.20502
-38.923347	-74.63112
-19.950872	-63.206997
-13.548758	-49.991516
-4.3981595	-43.12632
44.533978	-66.74272
-16.390324	-31.483337
-23.25199	-46.3984
-13.396284	-57.77257
-8.187042	-38.062775
-15.772588	-48.14387
54.265602	-47.38039
16.04375	-18.490276
53.657734	-34.351574
33.134808	-64.10727
40.825493	-57.09348
13.024067	-62.16359
-74.18222	-51.009632
60.804115	-59.053432
-19.299498	-53.363987
-71.73137	-47.902534
-23.552954	-48.777
-8.434102	-25.572468
39.339245	-55.691345
26.413616	-55.913776
-32.84345	-42.188744
-65.1415	-48.68076
38.677666	-54.967
47.41271	-52.564034
-6.142845	-40.40773
-75.01733	-15.545384
18.891773	-33.378887
-24.258194	-49.49666
-19.62068	-12.093871
-39.11015	-51.886555
0.96835977	-47.421627
-7.593689	-17.615778
40.010727	-72.12518
26.814621	-42.30771
-81.98461	-39.883656
-45.128178	-42.60493
11.151353	-31.948912
-23.3167	-27.925714
-52.359047	-64.16527
-14.652719	-62.01355
-27.078037	-36.678226
22.750536	-77.573685
-26.943611	-65.75526
21.080156	-74.546234
41.33219	-57.777374
-5.788996	-31.051994
36.76274	-47.563187
5.4763184	-54.501377
-0.52214015	-35.70256
-12.346143	-51.364147
-76.3968	-13.82919
74.67392	-34.801155
48.823257	-60.42297
-1.7651938	-52.43571
41.78319	-69.42043
-6.331226	-48.52598
-17.709776	-46.35099
-76.37649	-53.03844
41.740757	-69.20106
-20.780329	-37.902386
-50.071354	-52.077225
60.389103	-12.779738
16.819836	-68.80279
9.486628	-72.98244
-62.134968	-30.48406
-7.810659	-43.996983
-15.643587	-35.330025
3.251549	-69.82929
2.7095754	-64.515656
10.141111	-81.148605
-51.36796	-56.97513
-6.8835196	-79.85997
22.370462	-74.182686
-6.182155	-24.770874
15.240088	-35.85931
4.673016	-31.412048
47.692455	-61.249302
-7.7325454	-18.538206
-79.457466	-41.204765
-5.217214	-59.91388
-21.196941	-35.724995
-40.800644	-26.631258
47.39591	-61.653477
-2.8416758	-29.675268
22.695429	-41.2111
-9.998359	-55.682632
29.103115	-40.692947
-71.1599	-48.643345
25.39847	-60.618275
-27.001827	-52.54195
-6.4948015	-36.28942
-24.178078	-29.970997
-49.641064	-55.856823
23.98524	-66.84965
-18.213966	-47.89736
17.678867	-27.430225
-2.5546596	-75.321434
26.397552	-70.23635
-5.94779	-55.196453
-59.949078	-59.945885
-7.9961104	-37.752136
8.7421465	-60.485363
35.335155	-51.73226
-3.6852481	-36.265633
38.702812	-65.110085
-30.641193	-25.936312
0.5310725	-42.705578
6.068346	-47.91275
18.715736	-42.433815
-77.41388	-17.571749
25.692438	-65.309006
-49.010487	-51.753986
-4.0942297	-43.159615
-6.795044	-43.062477
40.601093	-41.405796
-26.985954	-24.828508
47.55811	-48.892097
10.062918	-46.607353
-30.009329	-65.78015
34.588966	-29.841164
54.05973	-36.290222
21.112867	-47.800495
5.0527315	-44.89384
26.63437	-70.458244
1.7261409	-54.626526
12.064195	-65.63467
28.060694	-39.904625
-13.250935	-21.804268
-65.24465	-45.436535
-1.6650817	-61.184906
31.002134	-56.350662
-38.220478	-46.154255
-75.0647	1.0158277
14.102773	-60.04669
-0.4343032	-43.019466
-11.905707	-25.926508
5.071273	-78.173004
-49.85361	-51.66791
-13.300607	-40.779175
5.716441	-27.429993
-4.2035036	-14.093837
12.065218	-74.235016
7.743445	-71.63642
-37.859833	-49.314484
27.047207	-65.09949
-22.866661	-35.257446
1.5081707	-14.214364
1.862839	-57.139004
0.6874132	-31.620523
14.229859	-60.175518
-57.32076	-37.624855
-52.223545	-51.409447
46.222404	-43.438705
-74.08691	-49.834553
23.301567	-33.780975
40.24201	-38.779877
-6.499608	-48.733402
-65.59605	-39.772614
-42.205738	-43.494644
21.961521	-37.28285
16.875036	-65.38484
-20.250034	-38.09489
-19.11735	-45.140717
-47.46771	-40.229977
19.725542	-58.29997
33.405857	-39.866566
-76.53693	-25.480463
-31.48762	-37.971527
41.928585	-69.855934
-0.12276372	-35.92403
4.31494	-32.608932
-11.3973875	-32.349968
-54.288628	-58.590385
3.8518205	-53.237976
-20.108215	-54.694126
43.108078	-65.094894
-65.991295	-58.665154
-35.141556	-55.914936
-19.897144	-74.3009
-47.908695	-13.178638
-19.455564	-73.51827
3.4313056	-56.0865
-33.323345	-60.741238
24.313772	-47.373142
-30.126297	-65.85379
-60.618874	-60.122868
17.950157	-60.814205
-46.044086	-65.15746
-8.542738	-74.17968
-64.82533	-33.587368
-4.967161	-44.81107
72.35726	-51.047253
21.557903	-63.701385
19.59801	-67.87123
-7.274377	-34.62517
-4.471954	-59.345192
21.937286	-62.98156
-46.72232	-33.10218
-63.39467	-52.37554
-1.3331908	-72.51659
-45.965286	-42.15436
-12.490283	-38.595097
-16.794184	-32.36268
33.13788	-33.5371
-38.546886	-33.16684
9.383346	-64.58935
67.54355	-25.578735
-4.9294524	-34.613766
24.297005	-54.240696
-27.030157	-28.346716
6.289574	-54.76207
-11.449718	-47.59446
-5.598794	-49.809673
1.0547739	-25.461746
35.844395	-29.991003
0.51724076	-48.867825
14.29262	-31.2695
-64.27202	-40.302574
-28.233656	-36.677612
-19.453894	-65.76039
-21.18765	-25.18579
-68.282745	-66.25958
-19.86503	-8.918647
-23.67353	-58.740246
18.972498	-46.82819
-41.861885	-39.991997
-24.334122	-25.22937
-56.103283	-65.14491
-30.128717	-46.607044
-42.262493	-50.766853
-8.095642	-40.95654
-54.251957	-58.618774
-31.744593	-37.65453
6.3368535	-18.554953
-18.035927	-37.43711
-64.02062	-36.882095
33.48339	-25.133436
-33.13586	-27.130733
9.760828	-33.510838
-26.30279	-55.88874
37.675316	-34.05942
-23.209272	-30.727892
-44.35235	-23.082336
-9.3162775	-40.531487
23.05806	-77.801384
-83.8879	-27.407623
2.3391767	-25.710234
-19.394987	-34.213318
14.969383	-47.922745
-61.733654	-46.622982
32.88251	-69.94526
-40.82684	-45.151844
-33.13747	-53.06266
-5.0115867	-26.88348
-0.4316453	-63.088615
24.329582	-59.508617
-17.063301	-46.947136
8.921566	-1.944105
6.2441	-40.469925
-29.414106	-37.07292
29.99671	-46.242645
46.786137	-40.743275
0.7843511	-26.969875
7.3364773	-34.877625
-61.28522	-28.239708
40.704346	-64.783516
-32.389824	-68.33286
-30.90907	-62.308228
-16.488047	-31.187035
31.859606	-64.41603
-39.67451	-50.730755
9.269338	-28.219946
-8.393471	-45.249043
-45.489952	-63.83831
28.391367	-62.930897
-14.574557	-15.017656
44.093403	-59.43033
-12.617233	-67.90432
-55.76916	-13.908934
24.658754	-70.702484
62.66958	-39.427822
31.52638	-45.495388
8.140644	-48.185455
-12.752188	-27.57094
-30.149757	-36.010708
47.892063	-63.798218
-9.865761	-56.658264
-41.439415	-69.503334
-46.125645	-62.59947
50.234707	-64.13183
-82.50685	-31.38871
-13.776571	-75.61076
-25.358637	-18.748493
-67.99297	-21.056662
-13.726319	-27.2792
-63.391663	-52.375008
42.19095	-38.658554
-64.33829	-41.127647
-40.771282	-31.957388
-6.7011485	-33.653214
-24.862648	-63.858273
17.23888	-22.450703
-4.768886	-34.704556
6.342697	-48.337303
-6.377315	-26.376205
-9.3938	-49.434162
-84.91019	-15.518478
74.71972	-51.071194
-64.76442	-31.79807
39.38599	-27.618948
-16.047974	-26.33321
4.1336164	-77.368706
8.8530245	-69.33705
-23.830458	-41.836075
41.976704	-54.224815
28.001408	-65.64932
-12.758563	-38.170975
34.188557	-29.590664
14.5178	-40.390987
-14.59547	-46.434956
-7.9712667	-18.261084
-4.2822013	-33.329994
8.788244	-51.78679
-6.663223	-53.4704
-12.575329	-41.29977
-38.359524	-74.02551
14.238506	-32.534264
-13.960688	-56.109165
-31.89988	-59.789867
-25.929255	-55.887646
-16.77912	-30.021748
-22.786894	-31.838913
25.924227	-65.25648
38.01889	-57.03519
14.751419	-64.65941
-58.74584	-30.73323
36.840366	-52.88947
-60.551502	-40.845047
-19.278719	-41.711372
-66.06415	-58.67708
-70.950874	-41.25074
-19.899199	-27.142889
-19.65024	-56.104786
17.566938	-27.505774
-38.813522	-25.475885
60.96873	-30.724834
11.224857	-43.64476
-36.32102	-43.18714
43.14635	-7.7159915
-5.904427	-39.81046
-22.756922	-48.961327
-0.8289397	-53.8442
36.913322	-53.08045
3.714287	-62.49392
-11.628351	-26.646065
-1.2722281	-58.77999
-65.797646	-46.049595
40.14162	-61.667976
70.345795	-0.67116344
34.92986	-43.827473
-2.2685194	-33.09576
-9.593456	-12.169818
-29.15156	-47.377396
-65.62783	-50.092396
4.284686	-41.81152
-53.266262	-51.25679
-44.00559	-16.17379
-26.210598	-42.94024
-41.0635	-54.245815
-32.50085	-35.773144
-48.609547	-50.248558
-50.101643	-40.176952
-69.371185	-38.072216
3.318227	-51.714184
-49.9379	-34.90909
-34.10946	-58.07486
-29.8817	-28.707548
-25.27453	-12.439818
-34.209267	-46.042732
13.393533	-55.297127
20.421478	-51.213932
-30.054832	-72.353325
18.222359	-34.305973
-42.08674	-59.38012
-21.271631	-53.549873
18.954584	-40.93192
15.835873	-46.487976
3.3624556	-49.890533
-38.491623	-28.00856
-41.524296	-20.9369
12.296657	-55.4993
5.6616426	-19.42433
-27.839233	-53.02747
-24.65123	-54.17806
-28.739328	-31.367586
15.333699	-35.4874
-11.392784	-38.646786
46.174553	-55.29587
-17.179201	-45.34076
2.343279	-28.46798
47.08211	-29.496223
-19.30336	-33.979248
35.00785	-60.77107
-79.02787	-28.752678
45.50355	-51.894726
20.427675	-59.96489
30.995914	-11.989559
-29.548412	-56.583267
33.160152	-26.308878
-53.558735	-31.341928
-20.58131	-63.012127
11.358609	-45.85313
-10.213418	-48.450912
-34.45169	-29.61239
-8.254961	-42.32231
41.975998	-68.66928
11.791259	-29.72437
-12.374136	-52.196995
-3.0305817	-64.88286
-6.212588	-26.089094
-54.24546	-55.82141
-40.08791	-49.623787
30.330639	-25.471037
-27.024635	-65.86715
31.069391	-56.196793
1.2554967	-61.399467
-18.076591	-23.862226
16.757719	-18.648788
30.287876	-42.0447
-10.880755	-70.04629
-40.545628	-30.77407
-59.094967	-60.350376
-26.786757	-37.90077
-39.989132	-53.17523
15.644668	-34.166862
-57.6582	-39.80367
-68.83292	-66.152275
-11.974078	-52.49114
-38.5728	-56.15584
-21.533552	-56.687527
-54.825478	-24.315102
-20.14049	-18.864832
37.877758	-41.3356
-34.53087	-34.29077
-26.968721	-28.363787
-2.851215	-68.78924
9.968329	-40.004868
17.503408	-38.208797
57.94475	-30.477848
22.42635	-74.14755
-21.74504	-61.942993
-48.186977	-63.964302
-45.434483	-37.871117
-43.208607	-40.10434
-66.19151	-50.37511
31.939837	-59.622868
-27.457754	-16.78941
-28.862955	-59.78462
-6.789442	-26.366682
-49.625465	-61.601772
-51.39294	-38.833965
-11.356537	1.1402402
-16.250084	-51.529198
10.6942835	-73.70262
17.252453	-49.409767
5.9410324	-44.51074
12.479877	-55.191967
39.23533	-60.87138
14.941094	-64.750336
-28.411007	-40.31209
29.38883	-39.168175
-61.075817	-36.69408
-5.913099	-36.96985
-20.613007	-6.6740127
-15.258038	-46.412216
-14.408959	-70.027374
-19.819986	-50.832874
27.277302	-36.126873
-81.439995	-35.37518
1.0022243	-48.501236
-58.303223	-27.453266
3.5699837	-76.97291
-32.01468	-43.131058
2.551248	-40.106834
-16.545399	-60.934536
16.141499	-65.24061
-48.73781	-64.182465
5.8637357	-30.464685
13.971781	-31.827845
57.478203	-64.50619
-8.860609	-57.054413
56.614346	-56.5424
-40.712032	-48.47401
7.354311	-51.546875
-85.24349	-16.795681
-65.42467	-24.764484
-63.09516	-33.370247
64.02139	-51.99453
-41.675766	-33.598724
18.648994	-63.661976
-26.851273	-32.63405
-14.1816635	-70.17854
1.2662168	-36.493675
-6.5049696	-30.805445
-12.931329	-32.53795
-81.51805	-55.043316
38.927982	-64.9963
40.170944	-48.068638
-65.17197	-42.059845
31.038876	-29.299013
-65.93693	-56.494144
-55.906857	-25.082
60.88091	-22.96318
-2.1373863	-42.524834
29.43585	-72.934746
-50.05907	-57.702087
15.747249	-42.449997
62.57026	-39.446312
26.401217	-35.7866
-82.04226	-26.63513
-5.97684	-55.155766
-14.873941	-61.91592
4.507244	-31.164934
-38.80297	-63.7543
40.505844	-39.214794
-18.590132	-62.80938
-33.047497	-51.115852
-54.836235	-1.4471103
-3.2071302	-37.178005
33.42898	-43.948734
-2.5791562	-37.289227
3.3039503	-63.34949
-5.765354	-37.217514
-7.8492393	-43.528175
-41.81713	-39.27838
-29.585829	-46.985275
23.85739	-60.539448
-51.31924	-38.891632
17.402061	-14.05146
-49.707245	-55.133533
17.322115	-54.387096
-31.550407	-33.236343
-20.851418	-24.838913
9.418623	-64.862595
23.776134	-40.08008
16.351126	-13.400193
16.409386	-69.32086
23.910856	-66.88738
-45.06855	-50.267914
1.9256712	-42.303787
20.883217	-45.340874
-29.543129	-42.17901
-17.241705	-36.618313
11.69847	-65.743805
-4.7738614	-43.547115
-14.574673	-15.030125
-14.050947	-62.3029
44.107327	-60.68097
-33.87936	-56.95495
-51.240482	-49.792667
-44.882034	-48.89815
-45.243996	-54.832607
14.905428	-52.939983
19.570518	-67.87115
-21.553263	-36.18469
1.0937301	-39.971527
-35.606	-28.581041
-90.41807	-39.104744
38.750538	-73.83473
8.494615	-34.04022
-84.86333	-33.986652
41.30922	-57.694805
-65.007774	-41.56777
-37.649353	-49.000275
-18.420502	-38.019844
-32.083202	-69.25911
9.683632	-52.63369
-15.414596	-45.371437
-54.100212	-6.9776363
-53.46009	-52.723637
6.296091	-39.390728
-6.2321115	-33.95487
-28.54946	-45.824238
-38.326748	-73.99598
2.133927	-36.03393
-62.664066	-37.20241
-17.742882	-23.400902
-44.575817	-45.30977
-3.815678	-49.198017
18.025621	-54.761795
-16.026144	-35.818127
27.395323	-42.41534
-28.929653	-50.342358
-60.549477	-27.389046
-52.35815	-17.00082
-4.6015105	-45.155655
-7.8337936	-49.524776
3.954808	-42.13044
-47.96637	-33.011
28.365274	-68.570244
-65.366196	-29.383646
-29.577784	-54.05011
0.7954476	-26.34958
-45.2623	-55.08295
-61.359394	-43.20796
9.721965	-33.49435
31.603168	-58.136395
-13.084066	-44.38888
16.621532	-13.331028
-60.814865	-67.70322
-24.636995	-24.610573
-0.9046048	-22.653273
44.43445	-56.40873
-80.23853	-41.233242
-75.82533	-1.4611162
-2.9344118	-64.91104
-25.093784	-44.60447
-12.484077	-61.94501
-46.50876	-20.119066
47.115685	-39.304924
10.898352	-38.190884
-37.650948	-61.08959
53.396667	-59.939606
-13.903365	-53.40886
-28.124037	-36.25218
-0.21923743	-67.16915
-30.336508	-22.399164
-39.885384	-63.913258
-13.711792	-40.77507
-40.74644	-55.36368
-58.354828	-31.28573
-23.147972	-56.448746
-75.53222	-2.2238038
35.352356	-42.57874
-54.332794	-56.979607
12.105654	-81.01948
-18.083687	-68.20074
47.8131	-53.839874
23.398096	-40.73718
-39.191536	-54.931095
11.967164	-50.445114
-26.362736	-41.54818
-62.092545	-29.854734
10.444523	-46.2234
22.209877	-20.951767
-36.383213	-52.58286
4.988415	-59.1224
-23.66351	-34.895138
-28.685947	-37.14446
48.460796	-57.073074
-30.993036	-49.12113
-44.985264	-63.58764
28.734818	-51.293118
-38.46772	-9.22143
6.552045	-18.246126
-55.681515	-48.102573
-38.306618	-36.776344
-8.5739765	-37.057182
-63.76657	-40.157887
-40.981808	-27.127653
-44.89391	-22.870346
-30.56423	-33.810806
-18.545395	-67.24409
22.048117	-62.733845
-22.288298	-36.544807
13.515219	-65.49099
-10.557311	-31.562916
-78.160965	-17.62564
-45.86964	-64.745125
-8.348578	-33.35274
-20.337029	-55.64874
4.066057	-69.55816
-29.287056	-59.69822
-68.18993	-42.34211
5.642483	-19.478632
3.1020796	-25.273304
12.16287	-81.76476
-3.888135	-48.05512
-7.7163596	-34.350143
17.779972	-30.942196
4.0564756	-48.161743
-30.787392	-63.300514
38.112007	-74.92745
-47.47357	-29.018917
27.417051	-36.70453
-33.753117	-29.956326
-21.765821	-43.472496
-32.816833	-42.13671
11.775766	-27.723763
-3.5414958	-55.193726
-22.87909	-62.083
14.335106	-26.462349
-25.607174	-23.241707
-50.975414	-25.116512
-61.394234	-60.152348
-88.47038	-19.8603
-45.15583	-50.924084
-27.785295	-53.57098
-29.369377	-28.79569
13.076054	-43.48017
-8.114687	-69.68137
51.122322	-56.89165
-10.677971	-30.534836
-49.718987	-30.63645
26.838417	-55.011555
-7.279904	-62.132458
47.570896	-70.663
40.38364	-64.8175
-11.910299	-68.47546
-2.38266	-69.87928
-29.405632	-50.812584
-2.5861034	-75.266716
40.38286	-68.55566
47.943176	-53.875034
3.1482437	-56.40992
-69.03054	-41.49425
24.291098	-59.953053
-23.491789	-56.74254
-7.6235666	-30.444036
-29.93072	-72.39049
-35.079086	-26.347538
-35.728416	-27.029362
-54.23586	-35.923912
-30.797117	-52.24887
-6.800294	-28.261986
-35.329636	-47.119736
12.984565	-27.410883
2.3032663	-49.562542
-63.797356	-33.029583
0.21269745	-43.106316
-32.021614	-58.877815
16.637905	-38.95984
68.67157	-47.001446
1.3305954	-47.177547
-41.743362	-31.219713
-25.404053	-41.848694
20.92534	-41.574944
-2.445602	-65.84845
23.281322	-71.66498
-37.659927	-60.660244
20.421173	-58.61258
29.801119	-40.411934
32.22832	-70.391045
-14.266374	-53.83155
-1.5835929	-72.93367
24.89105	-73.99221
31.58118	-67.84456
46.904236	-41.04162
16.30769	-74.4747
-73.00975	-25.274078
5.6843166	-62.138172
-27.991077	-75.245346
14.525175	-40.390274
17.621288	-55.780228
-29.519114	-41.230156
37.831497	-38.31082
-40.1128	-44.377514
46.683037	-39.576653
-49.502857	-35.039963
-58.909935	-35.544865
24.640251	-58.972485
-9.952534	-55.85147
43.969048	-53.64263
12.183507	-21.562042
9.3347225	-28.280745
4.668178	-45.054
-91.14552	-39.7431
-29.547335	-66.80069
0.2573473	-23.592981
-11.630067	-32.64051
2.8745825	-42.13249
-74.233475	-8.943409
-6.163235	-32.375847
-1.5408745	-70.547485
-13.70883	-49.38724
4.7195296	-30.527058
9.612062	-56.319122
-68.84428	-41.987007
-31.34864	-51.347218
13.6167965	-68.630516
-85.02693	-15.457625
-37.22976	-37.489006
-9.733229	-53.098366
17.75969	-54.63422
-4.6458445	-30.284246
12.048709	-50.50615
-21.141476	-40.24843
28.193678	-63.25334
-50.540497	-33.539032
-1.5866041	-63.933434
-53.960995	-31.49423
25.952824	-30.297552
-25.779142	-18.689032
0.38746315	-54.458515
32.08501	-53.674934
-60.25681	-48.980976
4.1705327	-56.4745
2.7516315	-64.105225
23.900064	-29.770866
-24.487103	-27.841635
-20.808939	-39.932964
-19.83267	-27.294353
-16.777716	-25.212708
28.43181	-52.376865
57.307148	-48.34195
28.673037	-21.664951
-44.695744	-45.18533
22.032099	-37.28987
-4.209133	-41.57371
24.83733	-29.998007
12.73269	-43.436165
-19.703512	-73.16797
20.044273	-58.447422
-18.082148	-40.431316
-49.501778	-37.2967
40.47158	-40.750984
14.538367	-58.69868
-11.203606	-60.15572
27.264196	-71.508965
-40.857574	-28.740747
-62.829693	-60.017437
44.54795	-65.670166
-23.877113	-54.780613
28.919579	-32.395924
-56.07489	-65.13086
-8.121611	-73.91521
-3.153174	-59.57837
62.196857	-16.352955
-75.23158	-40.896095
33.02168	-63.08571
-33.181843	-56.599754
-27.992483	-75.20978
8.488425	-14.9310055
-1.9164237	-44.449757
-24.740845	-64.16022
4.9847054	-58.615753
-31.324165	-18.748072
9.269733	-15.377089
-35.929188	-26.61608
-56.652744	-23.982218
10.552905	-56.046356
-39.529755	-53.407043
1.7678088	-50.57367
13.568422	0.46972457
38.999382	-56.212566
19.28891	-46.79472
-20.614471	-68.00003
-36.999657	-67.146065
-72.85792	-2.7136352
8.562716	-72.25049
-0.534395	-81.31289
-73.96736	-54.03187
-5.230467	-39.306065
-46.283607	-42.094814
23.2057	-74.41652
18.732025	-41.920006
10.42247	-55.915565
-21.343021	-41.812557
0.8524172	-54.59971
-41.612362	-40.511696
-12.696028	-67.79159
-0.6564347	-48.52041
-44.49078	-29.497526
-7.7524853	-73.73218
-0.49070042	-41.25592
29.50605	-24.732704
-40.31109	-21.32108
-18.681406	-67.33007
68.87018	-37.949173
-6.853045	-47.67129
-27.940971	-71.038025
13.737912	-47.076794
1.266699	-43.730095
45.716415	-51.84604
-53.123432	-51.47909
14.218275	-58.06746
-34.11325	-26.548628
-7.177503	-66.126366
-32.03282	-47.984104
69.95751	-37.305508
-37.43673	-42.286312
-11.884768	-21.576002
-25.738508	-70.37227
-24.018343	-28.078457
56.803875	-57.3581
1.788885	-59.9046
-41.657516	-58.688366
-26.579687	-57.87836
-65.981995	-59.28644
-36.77043	-23.518993
36.618275	-32.817062
-1.9414995	-59.472168
12.976966	-60.98246
5.7322583	-67.53608
2.094146	-49.70711
12.793167	-27.506357
-78.293655	-39.268444
-9.953666	-48.097477
-17.3261	-58.806385
34.850136	-62.950134
9.667189	-52.698364
31.660084	-33.622807
-41.891167	-27.719143
-61.39955	-37.057808
-37.952984	-63.907005
-12.931375	-43.968113
10.426268	-37.532986
32.982285	-69.88803
-67.14019	-58.65595
-18.443747	-46.293488
11.047817	-32.08208
57.646324	-64.5827
-2.1706223	-33.122623
10.469137	-60.568604
-9.821865	-43.67704
42.265774	-43.953186
26.137512	-27.569664
-18.397234	-4.9840603
27.617756	-64.243195
-39.307266	-63.784935
-15.996318	-44.196873
-23.972725	-29.853613
14.179093	-51.80592
8.810156	-44.823315
-7.194114	-66.133385
15.122606	-13.859481
4.083802	-61.47026
-68.38438	-44.758354
-5.5799303	-37.602234
6.657478	-48.52825
-46.218468	-62.237873
-75.66354	-56.4738
38.762505	-73.78633
-48.29084	-13.469054
-17.761623	-58.307236
-24.729658	-30.471918
16.792154	-49.489334
0.79154795	-61.422794
-28.314177	-31.599287
-8.995449	-61.98763
18.55698	-58.227726
-38.23926	-47.20847
-17.785213	-40.27482
42.343704	-64.89272
3.3533256	-31.247057
5.1673737	-68.98114
-42.364838	-64.13868
4.871847	-69.26303
-25.748089	-41.92069
-17.300278	-59.506638
24.170187	-33.246593
-26.23408	-70.43042
11.742651	-80.62121
-8.64438	-45.60001
72.22858	-50.946182
39.80325	-55.479168
-17.105438	-19.14463
7.452744	-70.88088
-35.45087	-13.123709
-14.80168	-54.66674
6.41429	-40.972065
31.905838	-40.351955
-31.146452	-59.76286
-60.805782	-20.322302
16.304977	-74.46528
-69.79327	-27.15975
-18.3253	-24.007776
23.242416	-33.785873
7.929339	-14.395916
-6.1266046	-63.044563
-33.7321	-57.332077
28.891685	-51.426067
50.128414	-55.476826
8.960968	-56.633904
13.801806	-43.482944
-20.119032	-48.28504
-35.740063	-46.060696
-23.361002	-48.800835
14.500687	-47.405315
37.614464	-38.54858
10.85279	-40.737144
3.3113656	-39.217907
-69.02089	-44.32524
-65.83016	-55.621227
27.633537	-50.62666
-24.382885	-53.217842
38.984768	-45.797916
39.966908	-72.118355
16.475725	-37.321823
-65.86142	-55.107346
-35.244045	-27.815695
14.585231	-48.22323
-31.968412	-66.65628
-27.867643	-35.07971
1.026845	-61.16592
24.318796	-40.257828
34.56396	-57.06495
-11.189896	-45.17392
7.641313	-71.74255
-0.18905292	-26.365002
15.81411	-25.163383
-37.700462	-16.94977
-48.82704	-32.022133
0.35186622	-36.3409
23.734537	-46.234207
-48.786224	-35.263855
-61.942688	-46.49304
-50.76984	-69.35526
-27.834898	-22.72368
-81.91384	-23.802614
-4.446867	-64.21316
-90.50384	-39.440475
-61.985554	-26.670996
-78.024734	-32.54652
-13.87435	-27.335272
14.252067	-51.91058
-2.282127	-55.291664
-2.4728277	-21.681355
-19.049683	-38.245968
39.933277	-37.798588
-85.94653	1.4562774
0.6750479	-21.58503
-30.426842	-53.018597
9.911461	-54.303947
-26.673082	-70.53079
38.758217	-56.46851
-44.963123	-18.574842
-52.713596	-38.312046
44.43805	-65.458206
-38.346474	-32.653194
-18.957155	-52.737507
-35.77995	-35.4527
-40.814346	-51.715252
0.8000786	-45.1524
16.531553	-69.02173
47.664845	-51.18665
31.510084	-67.544395
-8.468985	-61.945953
-39.794163	-44.487957
-4.433735	-59.608364
36.63801	-33.95104
6.274982	-39.09552
-29.104898	-37.92539
27.92164	-71.675735
36.167698	-60.148895
-15.434488	-56.78985
73.21599	-37.68033
-30.602123	-60.51971
-27.948332	-31.864395
-41.02036	-31.462234
32.718765	-32.4876
-8.155257	-61.99316
