-83.47292	-47.93263
-1.5498621	-70.762505
34.195076	-40.08043
-43.3447	-52.939106
-73.636154	-43.71336
-76.41703	-5.54123
-13.932738	-63.171284
-46.27114	-25.508352
75.080185	-50.274128
-31.296755	-10.776721
-50.28924	-71.14155
-38.743847	-55.76474
-36.548973	-45.940643
-60.636784	-23.538342
-54.319138	-34.938927
32.601437	-75.457016
-49.5924	-28.958052
-57.59347	-39.198994
-54.797844	-19.68124
-58.789104	-14.21543
11.007913	-38.228596
-31.668215	-54.83637
-66.215454	-50.335766
-43.952293	-48.419304
-59.647312	-34.56564
-54.53365	-35.323486
32.4835	-58.66082
-50.05516	-30.09976
1.6818666	-14.021135
-23.965693	-25.551275
1.8072379	-13.8920355
-50.14553	-50.95093
-75.967445	-7.190032
-59.991543	-51.153603
-88.414185	-28.319925
-35.40713	-12.862623
-66.62139	-29.23551
-46.732708	-25.50567
-34.206455	-41.571995
-77.32084	-19.816208
38.755146	-47.399147
21.993685	-50.881046
42.646553	-70.699295
-76.27134	-29.012056
51.26828	-53.154575
31.513958	-36.61457
-68.88835	-29.650276
29.698568	-56.359608
62.409843	-16.194357
33.655815	-75.64289
38.338943	-33.38767
-62.271507	-27.42223
18.856573	-40.84757
47.24243	-15.756186
61.08428	-58.767044
64.918365	-54.8109
-67.10844	-34.539944
47.549553	-29.435131
-12.375728	-36.29979
-25.246569	-21.918045
-25.28232	-63.1908
-42.95673	-69.83021
38.97698	-60.51363
-44.836006	-52.26368
20.174753	-22.022661
41.99684	-43.645203
-74.12522	-49.711056
20.415535	-28.77944
53.091908	-60.58634
-55.64761	-50.25171
-46.607147	-31.825771
-63.768303	-16.301453
-23.445955	-2.907849
-46.833687	-8.279132
33.305546	-51.0621
-47.8292	-23.788582
-72.01886	-11.572001
-51.805836	-42.034042
-43.69068	-0.73649335
29.98981	-73.39422
-38.07588	-15.527401
44.26536	-46.594173
-72.78551	-37.25154
-43.667175	-69.86281
-56.79996	-53.405136
-78.86934	-46.082325
-61.38036	-27.57168
-53.779392	-23.925825
-49.158066	-57.918354
65.62066	-59.796318
-57.492264	-45.061237
28.34172	-20.25718
-51.65573	-57.67325
-72.47645	-15.398957
-41.276978	-3.015331
32.26141	-40.226006
-35.217735	-55.197327
70.70336	-50.56895
-20.103443	-18.796446
-89.98626	-17.14928
-50.60022	-12.214026
-83.730545	-35.25096
19.343761	-10.339801
46.678143	-23.890825
-12.762962	-21.264805
24.109474	-78.95789
-54.120316	-41.073586
59.64746	-54.81609
-74.62071	-34.304375
59.20456	-62.45424
27.582201	-69.44407
64.7311	-31.88522
-58.791904	-56.77888
-58.608242	-38.99025
29.127623	-21.16192
-9.759911	-12.188438
-21.59783	-6.533376
-85.34438	-34.275738
-56.025475	-10.587021
-81.60386	-39.86681
-70.987816	-41.541325
-72.25911	-47.549244
59.69687	-59.450466
-31.700832	-16.95407
41.657364	-50.198097
54.433933	-59.27615
-65.14124	-24.278046
-20.021439	-74.8336
15.386021	-18.368244
18.199846	-37.681274
-44.222034	-48.50203
-5.4773917	-50.3437
-49.219025	-17.136366
40.395123	-25.322836
-59.461834	-20.30473
-46.00513	-31.828856
-80.101456	-43.547844
-77.75982	-37.647907
-29.59188	-56.606083
-59.921646	-24.358366
-81.34198	-31.590145
-55.5859	-25.651705
-78.46104	-41.333862
39.683002	-47.263218
65.95471	-36.940556
-66.71619	-45.37244
-29.294998	-3.9103642
-31.20253	-12.613413
-35.615643	-56.248074
-86.13009	-22.054934
56.99248	-48.141125
60.29524	-16.509224
-81.47156	-2.3058438
-89.989044	-19.489012
39.181145	-25.593046
-66.147606	-28.902468
-61.497047	-24.566633
-74.14904	-54.025097
-43.749798	-56.128357
-80.85915	-44.15881
43.686226	-26.158588
-49.260548	-44.637695
33.327408	-22.930988
-54.143955	-47.855995
-0.13840795	-31.113922
-31.293413	-10.837285
-79.62813	-4.2725997
-41.831223	-53.13963
-19.258427	-13.145445
-19.341215	-9.625668
-50.63236	-29.871136
24.401222	-47.229115
-31.237324	-18.750675
-87.333046	-28.520836
-68.046715	17.586525
-51.083576	-47.653202
-44.554955	-16.705229
-80.37688	-33.027164
6.2504783	-72.72231
-41.036938	-20.82712
54.14123	-46.993057
27.573317	-38.229927
-70.13201	-0.19049881
-58.615932	-14.014758
-53.005074	-44.13052
-55.891777	-47.96771
-86.77266	-45.94091
-38.64605	-19.961481
20.058676	-9.429678
-41.160885	-18.361189
-18.6575	-52.44347
-30.569912	-25.009897
-41.149815	-69.53805
19.98051	-50.399372
-58.820065	-44.156227
68.627365	-37.89788
-89.9156	-17.353123
44.20094	-30.348995
-37.485767	-23.243382
-27.829239	-45.920864
13.242661	-80.16094
38.714043	-32.901882
48.64218	-63.52689
62.342487	-27.219625
62.039036	-18.56851
30.040257	-24.919834
-61.28702	-9.209875
-79.45897	-22.989494
-69.58778	-19.488747
-41.694607	-34.354156
-33.807545	-22.948353
-0.5209638	-81.29235
24.430037	-29.921577
-44.441177	-37.666687
-51.97834	-27.314838
-46.087704	-57.92915
68.63729	-46.9295
-69.19037	-52.92461
-44.596954	-12.887798
-35.563698	-45.552612
-76.79818	-27.723026
24.547304	-26.064716
-84.56954	-25.120867
58.02357	-37.300243
45.76703	-55.746082
29.544767	-28.555042
-48.117577	-26.049107
31.805994	-52.944313
62.400517	-25.400944
-0.78011864	-22.708744
49.937466	-44.07332
64.42351	-34.263523
-77.27385	-48.325237
-89.31282	-40.096348
34.694237	-70.04912
-73.678566	-35.665165
-67.549904	-66.24998
-63.79932	-43.9208
-11.931782	-62.51908
66.16053	-53.929012
-60.146645	-50.39623
44.071545	-60.242943
2.6245859	-35.6919
-51.71704	-33.64089
73.41618	-2.9275794
21.02284	-44.95605
-61.99061	-13.460494
-35.35669	-66.29586
-56.491825	-38.54509
-31.524727	-49.415813
-81.823044	-51.88029
58.34813	-30.424837
-68.452	-6.9383197
-51.406715	-25.370718
63.1288	-30.552345
36.112984	-26.082724
26.603004	-55.501545
-32.11858	-32.762722
52.713406	-50.73546
49.88671	-36.711266
-82.63682	-26.754065
-66.55066	-34.246254
-78.36358	-19.089539
-47.589867	-23.56422
-64.98202	21.022316
-79.75125	-54.69763
-76.440834	-52.34657
51.520084	-22.428354
-51.501232	-45.453957
-55.971294	-28.516449
-48.439934	-51.93266
-20.407562	-29.933765
-75.486336	-7.973802
57.516094	-38.269978
-85.52308	-11.5205765
-69.66781	-27.249853
-67.760445	-36.61351
-22.800472	-45.346806
-41.91892	-20.264502
