-0.4836056	51.629726
-18.65478	42.60955
79.416824	-8.318385
53.440926	-20.545204
56.78736	-24.566622
28.191092	10.619337
-3.468627	41.957573
-2.0482104	39.04614
4.25887	52.079456
-49.990154	-8.543983
-86.462845	-46.532272
28.989683	-16.823761
-84.989876	-23.865484
60.035446	49.17832
-35.849113	24.964115
-24.551233	24.531185
49.51678	6.125369
20.6567	-3.4371126
-0.28267303	70.694305
-17.480835	71.34491
25.076214	84.98298
-6.8032184	39.485744
21.60598	37.72059
72.02595	-10.575789
-38.32864	-46.02626
7.0426106	71.82877
74.49305	13.841117
9.340934	44.040215
43.467472	40.02503
-46.38749	26.360605
69.65547	-21.425467
-14.530734	44.823048
73.24431	35.18575
-62.225822	-9.632797
-64.20771	12.086941
-44.20986	38.111725
-40.46999	42.48698
56.739265	1.8281779
-6.134667	47.741875
-21.67232	24.555708
-27.365536	39.80596
-56.99269	16.006098
1.1590956	62.092903
11.46691	13.039729
12.789493	63.83141
46.99939	62.01348
57.404552	-38.416843
-0.993954	26.64711
64.86076	20.20463
25.809818	48.5774
45.249294	47.288136
6.6460648	65.33681
-73.2124	-1.8625313
60.77964	16.504099
11.671503	-49.37313
57.066906	46.929485
-49.4953	11.745961
-39.23376	42.451668
-1.4198933	86.90931
33.75725	25.345364
60.18215	2.7845182
-36.55057	32.846245
-40.372902	24.212177
62.613007	-9.663747
20.582703	79.83766
-37.36078	40.135475
-74.54821	-43.163673
72.10442	7.47252
-31.898363	-1.2764568
-46.716816	20.56357
7.80534	76.36659
-27.810572	44.130947
53.252003	1.6651556
-7.2151146	80.52668
26.41381	33.15248
33.526913	-75.6049
-4.650457	51.279045
18.721516	67.745316
30.793348	-5.174183
-7.3429594	61.96286
73.517296	-37.90649
-49.529522	44.725784
35.581684	76.966866
-52.48826	35.79699
52.38614	0.61979467
39.595753	37.50082
37.418953	85.78589
42.020317	-2.169474
53.271976	-23.521296
20.686398	68.2612
-50.509926	-21.982084
27.729729	-10.1498785
55.417534	33.6719
16.312897	14.482569
-2.5016775	20.961258
31.077805	9.566941
-35.171528	16.512903
71.65116	9.294283
54.057556	19.533829
24.332584	19.08092
62.05594	-28.882687
2.1115575	56.303825
47.737408	-7.2098155
21.277973	50.56629
-3.012944	79.107155
39.40562	41.90832
-47.140125	-40.92068
37.48222	30.737553
57.69988	-19.043432
-22.619663	57.701904
40.341354	67.19597
9.180712	26.503578
69.56947	-27.273235
35.84857	80.23717
41.2751	77.5949
-11.654716	14.015696
60.474083	-48.25936
-46.593475	22.71665
48.574966	33.01015
59.136967	-5.091953
15.991758	1.6329571
-50.942123	14.029694
17.345316	81.54968
-23.63355	17.456615
57.76138	46.333973
54.732864	73.65353
-10.349652	54.459167
27.582508	36.366947
27.333548	63.94326
66.25481	-9.745059
-53.6804	-27.007196
-38.54236	-27.335613
51.272514	-65.760445
-6.4544263	41.84684
-25.07293	45.31389
15.1721945	10.383172
3.1885006	90.57332
24.019821	82.43699
-9.700087	46.717037
19.476048	53.348637
60.45717	71.117546
-33.975437	43.375694
76.64765	3.9116495
34.35958	89.08897
-31.54203	29.985106
22.294968	10.057643
26.964636	64.80687
17.99927	53.938843
-44.111565	-34.713577
55.360855	3.0551982
-27.493578	39.118713
-4.22174	54.747387
34.73818	-14.74055
68.09343	27.399214
66.827675	-19.203526
-27.324186	-17.488926
53.114735	-8.2071905
11.895245	78.85446
-74.04789	-32.189217
54.8415	24.68123
34.74066	76.39282
68.366425	-32.560097
-16.769697	2.234935
55.42329	43.05658
-69.19955	-17.30789
-48.64217	16.05555
-51.65148	-14.974243
-59.996338	5.089703
13.744567	87.37715
12.519118	45.695908
21.46228	-1.7098837
-10.825254	18.156195
36.58547	-6.6606417
25.148819	45.66091
1.2083822	72.09355
5.055597	56.31986
-19.484795	42.2267
22.334208	-28.725052
32.25403	-2.5291867
-48.873466	23.68921
-33.90866	47.12375
3.072865	21.307611
-52.276745	-15.732495
-69.07632	-25.046816
48.454445	54.46808
34.022606	-50.531708
12.543545	88.467354
9.308993	45.687023
60.413574	-5.8417764
20.64028	68.34428
34.152534	0.104895934
-71.36227	7.198543
46.40485	39.61889
-83.95478	-26.90949
-40.067234	21.411877
11.561295	39.462692
-8.843861	6.962161
44.572475	-56.179356
-62.32368	26.542973
64.364716	38.19133
-41.86086	-33.979134
55.887215	-25.56252
36.855686	-47.94537
-73.53506	-1.0475435
33.45383	-44.095806
-4.347654	63.572227
47.40316	59.46772
18.322943	37.35123
61.816284	-47.8743
-38.404316	26.195007
-38.12844	19.916792
25.950516	-24.40404
19.218933	79.82147
27.280079	7.2426033
-27.495598	-16.79482
43.454628	-47.48389
32.47178	15.18531
41.81741	77.03341
-60.49486	4.980684
21.753729	64.83706
24.939075	28.045355
54.74486	-27.849895
30.94447	39.72737
-13.105192	48.92856
-36.30638	37.1484
31.20108	18.476646
-6.927206	22.69915
-73.18283	-32.943542
31.76753	2.106576
2.6323817	78.541855
11.069417	76.35754
-75.30117	-40.529594
-41.298065	30.751482
-11.956448	44.139996
44.125565	-4.177212
-78.761284	-8.649441
-50.21282	44.153595
-23.070656	59.378685
8.935491	96.33647
5.177603	87.85809
49.646084	73.57926
-11.728627	84.47307
40.045216	54.50239
-7.8904376	24.046757
24.532597	-8.660605
-6.870573	32.56853
-12.597463	40.243076
-31.297344	43.068195
9.7656145	82.83958
-83.095825	-47.32724
30.963453	79.594795
-63.808575	22.580406
47.536488	-49.066486
-1.5964054	39.63197
65.934395	35.10947
-67.73824	17.696184
26.397224	6.1352057
-13.893549	76.057816
3.3015401	16.198631
3.563229	66.06709
-24.71133	30.869226
41.988934	-52.814407
30.041607	86.60422
-61.95263	-37.484848
50.61039	25.53254
40.17412	15.46391
25.732744	-26.461267
46.141193	-2.8978403
40.70784	11.801355
-79.17935	-12.233478
-43.86631	4.9870167
48.5804	-12.278718
-63.491753	-45.526302
-36.574917	25.976542
4.2108455	56.610405
33.167206	21.701456
-71.7509	3.9780385
58.45383	36.085865
-35.39421	-40.380016
16.763731	51.8279
-61.644775	6.048294
66.71607	15.587219
-55.270664	10.539568
63.323128	4.721196
-19.198883	74.36557
-16.558617	26.047087
-2.130639	60.03658
31.0933	29.767933
39.53715	82.90589
-37.7402	2.2866066
14.866901	54.632805
-9.251599	36.71296
51.541393	5.9735494
5.6441436	42.161022
-64.40269	-45.99784
-10.339863	-16.58629
-4.900862	22.538324
-32.598812	20.877186
5.7719088	24.357952
-56.391514	6.086315
30.270193	17.366922
43.60388	29.89076
-56.969482	-23.481264
-13.379174	13.328936
58.24966	-40.700165
53.16974	10.052163
-2.412285	30.196962
43.652046	14.149295
-61.933567	10.4321785
-13.415639	15.304245
-23.091043	20.64859
-43.199944	32.586086
18.185501	70.7597
29.40915	34.823223
38.96037	-13.231186
60.287544	20.990513
53.62865	5.3670387
32.489742	12.817472
-59.476402	20.507309
-13.115709	51.133247
20.743002	-18.94517
27.976278	7.5710278
-28.703995	39.02779
20.011477	46.192585
43.63499	43.116795
-21.543255	41.483578
44.966675	-27.21793
7.531869	58.512913
40.600285	17.62773
9.154172	0.9321049
10.231494	91.03942
-25.697569	24.319128
58.845272	-5.889125
-3.8177764	5.9006853
-16.435623	39.431084
-23.588886	19.990246
24.464268	30.942196
27.581846	81.938225
8.951832	29.008415
47.031586	-36.27059
20.902435	71.015594
-27.262747	-11.5283575
-58.05027	-21.909924
-41.01592	-17.464348
57.131336	-16.267307
22.30393	-1.0192986
51.46747	72.4638
69.75032	21.444513
-53.053078	15.494094
22.286257	63.71128
-31.571825	53.68951
-26.007149	48.89462
56.566525	24.28865
26.817444	80.82938
-28.02776	17.67319
49.809032	-56.741913
48.704395	14.028824
50.69985	74.7879
-47.96324	20.892094
45.936794	0.62157136
56.950367	-26.451328
40.82159	-9.716422
27.394909	40.728806
-48.665035	-25.850477
-9.889594	71.4164
-4.3880897	52.19971
-50.074486	-17.519331
65.72037	9.58019
-43.47254	43.6309
-53.881165	-23.900063
-52.39449	-28.785555
-16.804642	35.445526
-56.347702	29.901194
25.845432	30.36577
62.737534	-29.169117
22.711405	55.070488
46.17466	41.414402
15.460344	48.13731
9.737676	29.280823
-38.864624	32.720406
21.874454	61.06997
47.28756	18.089321
-36.208076	26.059605
-19.429634	32.883057
9.322657	68.940125
0.14560914	42.567738
71.92316	22.940948
-18.831537	69.76436
-46.54614	41.241905
-29.028631	14.43355
39.325287	47.307762
-61.693676	-9.249544
22.914337	-26.13544
39.422367	-41.738415
-31.878292	29.57477
34.773506	-8.698758
-21.435452	63.900623
50.444897	-17.767553
67.780594	-31.839085
-72.432945	-33.779827
0.4947829	47.00987
-35.716198	11.180668
59.16478	6.8108635
20.403969	73.57628
-79.3549	8.330424
-16.624298	43.95234
10.802885	75.21374
-26.565777	-56.181538
69.50075	-2.0036962
-4.1644764	5.9360595
48.79752	-21.129921
33.486996	66.15895
-17.343975	-8.730368
-56.989258	-56.691837
42.358543	26.652163
41.787136	2.9634197
1.4847633	45.411934
65.290695	52.658524
32.125793	17.039282
71.247345	45.87682
64.79477	40.32722
-60.16907	31.404926
1.4836805	85.964355
-15.684493	67.28778
50.964462	69.90986
-79.657875	-55.039215
-29.038113	40.311913
60.085133	-52.039352
58.18264	-63.744343
43.138226	74.95048
37.87742	22.453442
18.3349	64.51764
22.332903	-7.9055543
-7.452483	87.88002
-4.3836913	22.577286
42.138966	80.395226
3.1931827	55.424362
54.735287	28.044231
32.9748	-5.7209706
35.680138	44.548237
53.00449	-7.6154566
-46.79282	-2.6999998
58.58027	6.1041064
-44.325176	50.813198
30.581076	-20.9319
-38.652496	26.184921
41.526814	-13.188087
-4.2964115	16.311144
52.360165	52.608936
49.288277	43.325962
24.886692	12.7296
-44.894566	26.521788
11.92422	56.976643
-53.15293	38.173813
24.148952	71.99087
19.408428	-54.056545
41.591667	51.65999
69.569824	2.8141057
28.679798	91.871445
15.210143	61.385483
-2.1081195	49.672882
41.063522	65.0453
46.62856	78.5579
-60.20244	12.335364
-37.192215	-0.034007356
-56.544975	-45.019405
57.178272	13.810954
-56.079685	27.33464
67.26824	16.738783
40.8974	1.928609
31.125835	78.887566
-28.078375	26.310343
36.2213	3.2152529
53.102478	45.712578
36.592373	-4.1184883
20.015427	-26.133705
6.256832	76.55726
52.517868	32.58991
73.12986	2.9810653
66.98496	5.1379566
44.87719	4.1971097
-56.807125	-41.80111
-49.86335	18.76738
-7.094683	53.332195
55.770206	81.468
-38.048306	-32.277298
74.94403	-17.73219
-17.172586	-8.661541
46.15234	-0.028562134
24.82884	66.46246
-24.548391	35.13389
-23.846874	32.387325
-4.418888	26.547369
48.43614	-9.796931
-10.881678	53.962772
22.036066	53.785408
-35.099945	31.176888
-31.375849	43.03187
41.476406	90.30221
59.195408	-9.900883
-18.418335	59.95993
17.835505	20.523335
61.064346	-3.322091
-79.80775	-42.145386
20.330046	33.359463
5.814779	92.9766
-56.624435	25.054846
-4.2113843	27.863413
-54.36666	-18.984243
39.603622	-2.8531146
17.622574	-11.637749
0.15310253	66.72016
-7.7004395	75.62545
-76.12999	-35.63083
28.234186	14.308296
44.584084	39.91319
-48.88268	4.4715953
-19.088856	39.245857
10.519929	97.174934
74.219635	-29.9923
-11.367094	1.2857733
35.935993	54.873318
-57.5026	24.864632
-35.776604	46.5585
-17.64737	40.751396
35.681133	13.872654
-10.724322	53.218414
15.809511	26.058077
68.84682	-4.5096717
-74.33491	-35.855152
11.930362	90.26901
-68.35036	-34.56027
-42.549873	15.916981
-17.642504	37.04757
-27.40173	57.00535
27.258316	15.268826
60.179348	-29.250998
44.788177	1.0133742
-71.90206	-11.914944
61.716164	-59.591953
-60.34625	11.857703
-40.95066	37.798496
44.192867	-6.894537
57.629818	7.819373
56.354095	44.86805
-8.779566	76.606514
16.87568	94.35726
-85.410614	-11.531383
20.71874	-18.802185
67.474075	-58.64076
-44.04481	-26.952646
70.36965	-18.51528
-62.576965	30.276167
26.652575	77.70109
30.263762	-28.757162
66.2241	-47.434338
-36.342392	46.267487
-34.328312	26.633432
60.236515	14.615632
10.157002	62.302006
42.16928	14.838027
41.05558	67.53943
-32.376804	-7.119685
7.3160324	37.636425
5.4784465	66.83705
36.823856	70.29647
64.14605	-38.09205
51.040318	-26.484259
28.842411	2.127454
-19.767899	73.710846
25.739279	96.4492
60.135696	49.39196
44.37428	41.45473
-30.543701	52.846455
61.149223	13.819872
-24.455238	49.05719
41.176243	7.4912333
-25.854717	25.646273
12.992116	23.679077
-1.5902188	66.5375
-2.2640228	60.28716
-29.49026	25.01492
28.089415	-13.878044
40.715927	38.646915
1.1437141	18.780537
57.961163	16.328737
49.90926	-11.801709
-1.0997931	80.85619
35.303116	-17.980951
61.986942	-18.6194
9.851183	46.900063
27.053669	46.992523
-16.742273	34.587048
-0.62233377	-1.764201
-27.955914	27.210752
-14.990673	24.959732
5.7339635	79.88498
32.022663	22.486683
61.029213	3.4036336
-13.826067	29.64559
-55.003727	-9.360666
50.9692	-48.205067
-56.035217	17.639154
76.989365	6.593635
45.8702	3.4953232
-69.46424	25.000296
-15.507697	35.6161
-56.82211	-41.741417
-76.56364	-25.095766
50.112526	-39.366245
27.738506	15.045603
0.565601	42.89354
30.604242	77.179504
10.908792	70.114296
-72.7375	-41.28632
-78.52435	-19.175035
-5.818894	64.66233
56.8943	-0.6420646
40.487427	51.279896
0.564604	79.11259
-30.925472	26.369879
52.445995	43.459785
-62.035736	15.829788
-33.23855	14.542274
19.910645	98.44606
63.80783	34.353878
35.515503	84.33311
51.834316	0.7034319
51.670174	6.3375835
53.814888	5.281786
0.6213928	81.845985
-9.113762	32.70151
59.222404	28.223816
-3.0223749	70.8946
35.956657	54.89248
-6.74645	32.436916
-16.166481	35.97823
-57.858967	24.650202
57.389404	17.179132
26.550549	54.449524
2.6530797	38.718204
0.85366255	45.45543
44.43632	-4.6218567
-11.083636	81.49701
56.7716	-44.321712
-70.74902	-43.46537
-68.433754	-15.691038
66.193054	-48.5432
-30.610504	14.505322
-56.92054	-4.9268045
-42.303364	-9.300085
41.61331	-5.235222
38.619015	-41.629005
60.459743	60.443493
9.287785	85.510574
-34.90441	3.0827756
-57.60733	15.165479
16.678888	74.85467
19.395033	-21.929781
66.29688	-58.13655
57.15859	-12.724985
2.9906096	21.161444
49.53377	-1.9534528
-50.93679	33.708763
12.315212	41.550686
-35.618916	46.723434
-15.753391	67.35243
-53.08348	-23.523094
12.985944	58.49611
83.19427	-0.9950491
56.907997	-0.50592756
62.059772	59.991936
76.821	-17.760641
-43.26569	28.57541
30.490782	73.093376
5.754943	80.15101
-81.05084	-53.726032
48.457714	9.714046
26.075415	10.685746
-41.60883	26.46063
31.002445	63.768635
-44.36228	42.96379
56.17943	67.52595
12.5667	-60.40275
29.440567	-1.8906076
17.286654	16.602108
24.432758	66.44771
-50.818436	-4.31801
-33.74964	45.562195
52.42128	-5.292108
-22.555054	10.960203
-12.973396	7.9342847
-49.47248	-27.731657
7.7266836	-1.1142458
-26.554602	54.46572
-2.0080473	44.59583
43.73591	-2.0089664
9.708169	69.301605
-21.525114	46.603844
31.728865	1.6162183
-3.189065	49.105698
33.24947	62.477802
-18.514153	29.134975
36.683353	67.89153
-34.332726	21.592695
30.178461	67.77115
17.784508	17.136318
28.906342	19.879951
-81.99312	-23.406519
55.912308	42.079037
7.6605525	84.87813
47.03809	-16.5918
25.809618	13.463982
31.406227	29.731321
52.089127	-43.212
-1.6189563	73.7993
25.097374	63.13387
-88.805244	-5.7540174
10.377322	67.78389
24.150345	95.13939
-36.00077	7.4735947
-32.874413	40.679653
39.1801	-42.24362
48.734142	22.55904
-25.389738	10.659653
16.079065	51.769474
41.06247	7.4017344
-7.6341453	83.1378
-64.46782	-36.761703
9.312352	44.88253
-12.67213	43.051983
65.65653	34.44288
-11.148128	63.233364
63.832096	-15.588305
-7.5323915	23.227257
-11.577501	-6.869875
60.456898	-33.01117
30.449823	61.01612
-26.351044	33.53676
50.13292	34.565388
-19.942444	9.239925
53.230724	-9.992066
-37.102886	12.404095
42.61544	69.913506
-74.824326	14.628159
35.738777	-25.16252
73.72322	-10.373251
-16.53099	10.820341
-13.672215	48.929283
22.631966	68.13278
26.83215	93.84903
-46.375614	14.959759
-4.911173	44.32951
56.384495	-56.209553
-33.722984	21.363548
16.498802	76.94492
-50.251965	10.529516
-41.628403	24.426374
64.85625	-29.122831
69.195435	16.144226
-57.376312	1.2294888
51.042755	20.768646
43.078655	64.77784
29.976221	28.456568
36.5169	-24.323822
49.108986	-5.641297
9.496332	-65.908066
48.206333	-37.258198
-59.468517	-14.994169
-86.88828	-44.71703
3.3105543	90.75208
3.5781758	71.09631
-21.17971	4.244703
-56.74782	10.030257
-39.982014	-3.0218906
-48.677425	21.0153
33.80077	59.127827
51.853714	36.943924
42.057228	62.021782
4.068446	67.67643
-34.262478	0.8572482
7.4084787	72.47585
-3.3958795	84.06406
35.147728	-15.146844
50.520382	-44.57949
14.774893	54.701267
55.795185	20.6861
14.014312	69.6245
-43.14769	10.108043
60.087364	-51.89073
-12.027878	49.39511
42.87563	43.986626
-63.168686	-12.729975
39.472668	-12.460289
-9.540744	66.51176
31.689667	6.2535477
2.519284	74.71299
36.173878	20.406273
24.97941	41.53897
18.864038	29.256477
56.17168	-19.221233
-57.097748	10.754419
-54.74992	-38.10813
7.2507167	24.127817
5.2950263	78.32149
-61.482464	0.19145589
-59.574886	20.596645
44.465355	32.95364
-22.148232	24.503536
-14.989129	32.0374
33.437374	59.946426
41.74143	-5.64207
52.283157	-8.703344
-54.643482	32.847065
-63.985382	-15.328905
25.102669	62.138336
26.319983	-14.6929
-10.314965	42.931602
37.60852	10.074648
3.209656	92.802185
2.0085692	32.22423
-7.8715005	11.676627
72.22437	-9.117751
-25.724176	13.627367
5.725453	75.39062
-11.917837	49.44949
28.465744	53.849365
53.655922	63.970444
-68.20883	-13.712354
53.653008	-40.214718
7.5302167	37.825516
32.547386	86.907364
59.8802	10.079438
-13.334867	21.985191
-49.35501	18.049229
27.882385	80.10167
29.050125	82.256256
-65.08883	0.3641912
-74.44759	-35.767323
19.645254	55.95268
-57.59142	-4.0976663
-15.020656	68.83956
-1.6128236	52.444073
49.29107	3.7559772
34.786144	-8.46506
68.9984	5.182619
-7.0107055	12.107197
49.792988	-33.298542
12.621294	25.082048
53.225	-30.445223
17.014257	89.7239
42.543972	-16.909836
51.131695	-29.197145
-26.371838	42.232944
73.05268	34.713455
-16.620905	63.614838
-0.6764207	34.28761
20.785534	-17.926662
34.28778	-38.184883
63.598434	39.130524
-87.025	-30.391603
31.707497	18.32815
-35.320854	-0.8922213
21.049112	5.8487825
1.5551233	85.87314
63.695976	-22.771248
-82.42518	-31.229925
47.543663	17.004665
-12.643031	14.216762
8.984665	62.693775
-27.06989	-0.56170267
-61.44261	25.971476
27.084385	71.836845
-51.24928	-33.283962
-20.297169	46.32673
-68.51515	-2.7846234
49.640427	35.333733
-51.705647	21.110888
-23.43317	-2.9065824
-59.19056	-59.058834
18.266567	70.911514
33.37869	-64.74609
-51.302742	26.66569
-6.271543	47.92344
17.295261	94.69594
-71.24596	5.2566934
8.379852	59.13704
-18.479254	29.229265
-44.324978	-54.254257
39.482044	48.550457
51.664715	16.732866
19.112242	-3.3300197
19.907028	98.43937
25.109983	62.33466
17.413713	90.38766
59.04439	-33.16551
-23.012108	63.44634
37.21267	58.6239
31.855238	23.238623
-29.353151	-6.888102
-34.93941	11.56029
50.82055	25.272264
-77.803055	-47.842636
-50.599636	-5.699812
54.48731	28.370787
53.711983	-8.374514
5.475499	92.96496
15.405578	-59.146465
60.14344	-27.656479
37.686157	21.121311
-32.580944	-5.097985
41.27199	-28.197193
-38.27493	-41.18375
-13.503716	83.26144
-27.536482	7.873645
60.611908	-1.0093113
78.23239	-5.3502607
-37.44797	-68.916954
-37.751686	39.567867
-53.946697	5.0904493
30.585003	7.473085
-5.16478	57.008244
2.2323742	68.64389
-29.038752	56.23312
15.839161	94.986465
41.124172	50.476383
-0.6303263	68.91283
26.058273	73.761086
22.076239	61.767803
-44.78569	24.12551
25.160795	72.16403
14.930779	46.21987
55.54498	16.760866
27.194973	-5.3111353
8.413121	20.737339
26.016483	2.3266914
68.084984	-33.04608
-30.962858	-40.372677
45.934883	-43.354553
-52.506523	-1.4495125
-23.504805	38.595615
-45.51133	34.582405
19.931326	20.849276
16.087301	67.19012
-70.07411	-0.28605086
-19.126024	74.529495
-4.566305	73.26277
-17.00205	61.407467
-14.232126	12.471641
-0.8320672	37.352448
13.667256	69.60968
39.265865	1.691394
-78.29824	-14.273875
47.075813	-64.182915
0.7582715	53.4182
2.614147	63.305687
26.30345	-2.6105652
-2.3852882	57.03511
10.639855	19.747322
-62.179497	2.5452297
70.52	9.07937
10.120094	66.39103
63.13874	15.061519
6.48962	33.58269
35.97495	-19.572159
-42.762493	37.612926
35.29314	84.17847
30.331518	33.750538
0.5002363	58.507885
32.517117	18.73474
50.58383	3.3090296
13.175769	31.153536
14.778825	67.15974
55.32643	25.161694
-71.54166	-33.486687
-3.3905377	84.05003
6.9614577	53.21539
51.741264	36.29969
7.4155555	-0.51383924
32.17075	-59.6654
-23.542496	27.593327
68.07041	27.360363
-51.805668	-4.41939
42.02927	61.292866
32.987835	-55.23693
33.056297	21.659924
46.305637	51.116306
65.91074	18.673698
6.383534	71.52757
65.622894	36.007977
64.53276	38.455055
-28.774448	31.644775
28.721226	41.857822
-62.116787	-25.60146
-18.42289	60.029
9.671597	50.731197
46.758976	51.280434
-42.220856	-22.065409
-50.919823	-46.86024
-29.364794	-3.810257
19.215502	-33.289
54.291214	20.14697
-9.135183	68.73523
36.202267	76.676994
56.72914	66.64217
-20.282957	49.62822
-2.4593709	75.54615
-67.78882	-6.1306124
-61.314156	25.840324
-32.117546	14.838303
26.400856	9.733791
14.991752	75.47613
10.386465	49.97768
-2.641403	-20.401989
37.380215	41.32236
31.278059	35.837936
-45.946617	23.147894
63.788353	-24.147602
60.815063	17.254742
53.647797	-10.5314045
-48.29183	-1.1104703
11.191231	-57.564384
69.280945	23.779886
-43.224827	35.470356
13.807351	80.69756
-35.679344	-51.70401
-14.62783	38.4278
-29.824116	23.822924
15.8134165	43.24888
36.810432	59.81772
-35.02409	-17.090555
56.73508	1.666053
-84.19887	-28.16037
65.22708	-48.239838
57.42011	-41.115894
29.782457	32.83615
-57.141277	2.395422
-0.49387658	75.42714
83.193245	-1.0013546
22.21827	57.14142
-50.986534	14.055617
28.007841	72.33909
-11.758942	45.71731
8.422199	8.4683485
23.973328	69.2406
50.643295	21.115513
42.367172	-18.84608
54.560425	-41.80058
-25.628836	14.478254
-8.591062	6.770635
63.454834	-29.024996
1.1461867	18.764666
-9.0619335	40.85241
-62.727356	9.471401
-67.1658	-39.8565
-0.59948653	34.476513
-60.972546	31.847109
-5.1432414	80.1714
-70.36554	-26.916351
31.977573	-16.335411
-25.22699	12.649781
-0.11039374	51.180866
61.134712	-9.291288
-5.125346	17.539211
49.582428	80.97238
24.964024	9.53121
20.755127	14.0378065
-50.58949	-5.9464893
39.282406	-32.387585
51.438244	34.72334
60.447823	71.11095
45.21432	34.467922
40.87347	35.37957
41.917873	-0.07740338
32.54867	-10.831114
-1.8822954	61.115677
49.35463	-2.4884512
-63.222816	21.317461
32.97291	70.96544
19.972214	52.666805
58.928596	32.915073
34.954582	-12.729436
32.552437	12.831023
-42.884617	32.37922
-4.332512	52.933624
30.578415	52.21524
26.301067	9.841682
-17.674004	18.372711
26.50631	47.340195
0.18889515	37.547783
-31.047293	52.60107
-86.39643	-46.67744
61.17833	11.853463
-59.61075	-40.47457
31.540716	72.06996
-11.759325	70.89892
14.261226	50.488926
35.198017	-44.040115
-28.42621	36.916084
17.970692	-21.497345
-51.261566	10.426602
-74.82149	-37.244698
-61.0766	31.951515
47.868576	8.954073
-2.8249843	30.03799
52.933926	7.3485312
-19.034927	13.809627
2.1830935	83.029945
36.05748	47.521275
28.8014	53.737755
33.019863	-51.196255
-33.00546	41.357597
24.233593	-54.08181
29.76963	-38.35098
13.808854	55.659126
-43.55242	1.8982726
40.33653	72.45334
46.94579	69.150246
-50.566586	43.998413
-34.709164	-8.493155
-24.103748	19.568892
48.88404	58.750618
-34.992664	8.241294
30.110867	56.268745
25.25623	59.383762
30.493391	77.28637
-48.73448	-20.902088
-0.09389962	50.808342
-37.021503	34.070328
44.799118	-7.3511524
-22.708538	-39.604633
-60.868385	4.820731
39.112244	61.33262
59.800983	43.123795
-56.726326	16.82949
38.822582	17.946096
-22.93193	57.475403
-4.9101715	5.9996963
65.26109	-33.682858
57.363964	57.415012
-42.86336	-12.077448
-47.54151	-47.660297
14.329346	65.37991
35.75854	10.696008
-22.070816	4.65228
33.457634	-23.001389
18.868774	47.001106
36.076084	57.425766
-62.322166	16.746655
23.646576	48.36473
-26.007202	36.312763
41.20295	35.044155
25.63038	80.07015
4.835095	81.54194
-6.831263	39.59906
69.63834	-39.926903
-63.53286	0.72537
72.78088	-24.084572
-30.459393	19.664808
56.918556	5.01082
33.14836	63.88651
43.665394	43.19224
-8.528658	24.01074
-50.82425	-64.997574
34.49281	-47.3281
59.231937	-53.915585
51.7929	-38.70631
52.868793	-54.696754
13.809143	50.357258
11.7591305	24.224968
28.257807	63.42748
41.003273	38.242775
-35.40697	26.274769
-10.782081	16.55315
17.602243	83.150246
54.711937	73.65397
-73.06713	-25.309792
-35.736206	15.947048
-5.2670794	45.20775
-80.095146	-6.215064
36.331863	65.20576
27.524252	-37.433197
38.342083	24.92321
22.711515	9.981748
-48.594887	29.432777
45.80532	17.551466
-25.733074	-22.48176
-41.30895	16.648214
55.197395	44.13739
-3.9023166	33.80213
-66.29026	16.92406
28.48178	41.322735
25.446283	55.897854
26.289816	47.039112
24.8905	70.339745
39.151463	15.374794
53.69326	9.395011
20.054482	85.29113
56.330105	9.010012
54.22887	-48.37089
-65.772224	-18.737408
17.101425	64.02196
53.815468	37.98448
61.662792	-26.36544
-55.993095	18.486677
35.20096	51.141953
16.79132	82.33977
-59.40504	13.706598
-66.83185	-40.64483
-12.537858	64.11524
23.78042	-10.588449
15.182315	61.38013
-88.87527	-28.217052
54.76872	49.66252
-10.548951	60.46769
6.452639	65.00623
-57.846027	-9.215789
40.420578	76.77436
33.48663	-5.3493757
-39.277348	5.593399
28.874638	21.246344
-39.21588	-2.5843396
-57.470055	6.0742564
16.779245	58.193684
23.649492	-12.795535
17.752378	64.03816
-8.506042	44.03418
-35.202225	-18.897781
-15.260786	49.23099
-52.602364	-9.256771
-35.76655	-51.833595
64.03646	-23.226757
-6.863005	82.54384
-62.20154	30.39325
43.4105	76.26409
62.587765	15.591523
15.2161665	47.240696
-39.683964	-43.187695
-12.324623	14.232607
-49.96315	20.714045
54.077023	13.707535
23.991686	88.34668
13.030698	84.02137
-48.736008	-23.66426
21.53599	80.138115
23.277445	78.21543
10.3053055	-38.803883
9.549509	56.203278
-6.994723	88.11435
-12.920585	42.946445
67.245575	-12.852003
-31.254923	51.742638
-20.47113	23.160223
1.6253861	38.48448
48.03267	38.77461
-23.541151	38.689312
-54.405857	33.04136
2.856422	83.25212
27.933485	37.409126
31.665434	68.26581
-35.63099	15.668255
50.636154	-5.376065
-3.8164682	28.8963
21.042837	-29.429493
14.351816	87.18183
69.89745	2.9357266
21.592148	10.147303
28.519672	96.26666
-0.45217	67.210655
26.538013	68.642105
-27.292126	26.933594
-68.7151	-13.94293
3.5377617	35.052032
65.14676	-21.800426
50.214622	67.44649
39.697765	50.401405
42.0047	59.051094
41.221897	90.34214
40.15462	-46.81598
44.67228	9.032597
-66.25955	-5.0049453
-28.363806	33.405228
46.50029	72.29603
43.708405	68.53431
12.640566	45.563965
68.90893	0.8501036
47.72139	29.56918
53.933796	49.82236
37.723515	17.19138
27.699127	-14.738018
-53.520645	1.4230016
53.118866	45.632088
-24.259947	44.795765
1.7588621	25.413982
47.950275	16.789898
-67.29725	-5.682396
66.97323	-3.4855952
9.522274	46.999695
34.290775	0.17712553
52.612442	-16.545961
36.149696	22.50024
-8.220865	33.461754
-82.01447	-41.903168
-42.24551	16.889868
54.926804	12.986833
-11.263816	2.4773405
40.617027	67.25229
-78.62748	-27.553045
-18.44634	39.365463
-15.327719	62.596302
-8.519554	68.490685
-19.91792	27.180862
17.985445	51.010605
-19.968628	9.142464
-41.761715	16.381521
-84.88419	-39.925556
28.902506	52.15897
39.553226	41.92738
58.35676	43.317467
-36.964203	28.462427
43.19492	-15.942483
50.087982	53.05555
21.597532	65.78352
-76.56738	-27.555193
13.431239	31.993439
53.232586	-31.21137
55.78743	81.469
-55.15012	10.550211
8.665757	39.52846
36.303467	34.228077
3.0708005	47.63196
-31.633524	9.637193
23.41813	31.64116
-74.72668	-0.03249818
12.796821	44.889122
35.782684	-10.569588
-13.894487	58.684418
-65.61208	17.03269
55.4263	33.79945
-31.211735	11.595102
63.81035	-2.86679
-1.2633839	80.05007
35.53522	33.282413
16.96541	78.44505
21.901957	-57.427517
24.754976	51.26962
-60.71915	-18.580145
-13.226303	40.1604
-41.726048	39.990437
-46.221066	2.135123
42.741295	-23.419369
-38.648376	-8.182258
76.93001	6.551926
53.97447	-40.56872
-33.153877	22.65964
31.17674	-9.00559
50.510265	-64.34646
-18.285164	32.608597
-43.55926	19.792505
-44.76742	44.938942
-56.75721	12.277787
-50.596157	17.79075
3.0690277	45.580513
15.872999	73.77465
-44.958775	35.05409
-16.89887	19.398298
51.306732	12.29014
55.311226	37.71154
-67.488525	18.69082
-14.507199	29.053837
-35.441334	20.719725
72.23082	2.6810367
21.510286	44.23844
33.506252	-3.627072
11.300414	52.88459
23.30432	19.691383
-50.287415	-71.15672
60.687973	40.093483
29.293732	-50.96572
42.064823	90.259026
-16.408617	3.1647594
-24.627054	1.7762117
60.571426	40.100983
31.72709	69.09252
63.302902	14.515461
-0.15756725	-67.25956
7.2909274	65.69757
14.904519	44.434196
30.04607	-40.434
16.329779	14.480413
17.315153	92.84568
4.381205	52.013657
39.49965	48.53807
-61.542683	-4.3142147
-38.07791	48.469547
-5.117155	57.301266
-2.8133426	90.041374
44.777596	56.618805
-33.22604	-22.582237
-14.822072	55.17385
-18.227737	18.451946
-4.778233	43.83504
-35.339195	-11.377967
-50.294693	21.260164
37.65837	-8.620572
-21.393038	49.29901
53.5489	-11.968248
31.0808	-8.360609
-64.792015	-6.5449524
25.254326	52.067448
49.913097	-5.0481086
-1.5298082	89.38822
38.569874	-2.1517591
-45.411922	27.59522
23.556156	78.1276
-54.88835	25.034983
11.303361	32.66728
72.70658	34.619946
66.75801	-8.136341
7.0206656	50.019024
14.426634	38.00369
-51.49587	-12.942361
51.385162	-40.414352
3.0350904	57.022472
-6.7850795	56.284046
63.19917	7.310076
4.7308073	67.01019
5.1981277	87.82936
49.336895	50.607307
31.024185	63.090504
39.17791	18.395031
5.6839404	30.234957
11.254848	70.47613
6.1666093	42.00024
31.092533	-6.307739
-2.427826	72.898735
40.905846	77.13353
27.143583	83.043205
34.579258	-20.71229
19.797642	41.7973
31.391254	3.1028202
34.31786	38.79604
-32.744324	-53.604824
30.834238	-16.71366
-72.62451	-10.319626
45.7965	0.26293853
51.873592	-50.98866
36.239304	64.46791
21.057505	75.8257
75.65276	-34.139526
33.22702	46.39376
65.05662	-54.21106
47.82655	73.18169
42.56365	-24.782341
20.972628	50.656483
44.295113	40.444054
32.640587	-31.808723
47.47169	71.98925
-61.755054	17.428988
46.057808	51.08228
17.634295	50.655334
-5.8325543	35.504826
28.848701	30.666178
3.5339031	60.085876
-4.095846	15.984242
-16.572111	73.94849
34.492165	25.117558
60.87927	-33.34922
36.155285	63.1707
12.169695	-37.905693
-31.128572	48.40421
45.987667	-28.765545
19.286432	-31.908005
55.950127	-35.274834
50.233543	54.36768
-48.71738	4.395047
-5.7378197	80.2756
-35.046513	4.1810102
66.577644	-25.492504
40.974102	-29.544437
49.430595	49.37038
46.090355	65.51704
21.117924	73.43041
19.764233	55.337795
-50.452755	29.253637
30.51769	80.59384
39.392475	46.483387
32.806778	26.714548
-29.102085	56.21264
59.657986	-52.898342
59.224457	28.357521
-12.618106	25.749044
44.997986	11.571599
-49.269592	37.84142
43.287132	24.216305
-58.1898	-44.702114
40.77466	54.687466
12.171528	19.011454
73.96865	-38.07063
-63.548077	29.973415
50.907204	19.881033
-35.40742	-11.660801
60.767372	62.550804
-72.27026	-3.6792817
-4.309984	69.23068
65.21832	1.6241499
-27.891119	-27.587038
-29.044802	-0.36737123
46.941223	69.659164
-39.676247	22.615864
79.803345	-9.436694
-84.88666	-35.89412
-45.05929	-8.198528
-66.17336	-19.494242
-74.47401	-27.629374
-78.61675	-12.66131
-57.861984	14.7035885
-41.594276	-58.39735
-55.070404	-39.37581
-27.133884	54.542625
57.641644	15.521934
27.758944	40.84691
-29.706396	51.25718
-13.830923	58.531944
4.5365224	42.70185
1.4307421	63.014843
-14.055146	29.45939
-6.8593764	34.675125
51.71156	12.685156
-7.3661423	67.29724
14.58858	-30.830992
47.951996	-60.98645
-20.148554	27.013885
-44.272713	38.116436
44.562634	-20.450403
42.511063	-17.047373
48.098026	9.264373
68.0775	-1.3172487
-32.09587	51.37467
34.63642	-10.601305
70.72261	3.0767274
-69.78366	23.969028
-76.4619	-23.709982
55.269035	34.612644
45.633797	-10.86246
44.02429	-26.165682
44.841835	-0.40588418
30.339695	23.735573
46.1529	-29.225956
-55.42377	41.685314
11.797233	64.07248
-73.46361	-41.928867
30.313814	49.789803
64.78849	-6.8858633
64.827736	19.368313
-48.20461	-13.411512
-7.3623915	50.890476
29.838966	85.935814
73.0935	-24.40658
-34.955708	-34.370197
46.93855	-9.545735
-77.9368	-41.418926
69.67148	15.900075
-31.03429	14.613898
-29.155785	10.910595
19.0841	-21.85598
41.15242	-50.093063
-55.027782	-22.369268
-69.746185	10.134903
10.503762	91.0671
-8.069608	6.022849
18.36626	20.768343
-47.09043	-6.9873185
-37.25695	21.813246
-41.731293	-12.155249
24.962214	41.859623
46.104004	76.11318
32.977688	45.54361
-82.43877	-39.271866
73.60589	-24.926388
64.64441	-34.171753
-51.342358	-9.005548
40.292557	69.85955
65.02341	-13.456778
42.12499	-50.335396
-36.948456	13.263172
40.704838	-21.800686
-18.202787	45.208755
-52.02351	30.386662
-34.702854	22.35019
61.351772	3.630975
11.979741	75.405396
-57.582912	17.427816
53.0958	10.073065
31.075562	-6.155282
-8.237429	23.16703
-50.579426	-4.1003027
41.51103	24.222887
-24.286102	20.888968
-51.13665	-45.34227
33.904682	-25.266466
36.655323	-3.7209659
51.621365	41.870937
73.38071	-2.8984609
34.20537	49.5127
-11.644554	70.925316
-74.7996	-31.77251
0.72468674	52.315918
60.200172	-30.063211
19.031782	59.31633
-45.616665	-51.884567
34.357235	38.063423
25.475172	88.777954
69.3359	2.3329859
44.198288	-42.166008
48.984184	-19.936563
34.793335	12.1487055
-48.67102	12.065925
30.43243	67.451195
22.331152	56.829918
25.93264	13.52181
-65.76276	4.0389733
-63.98803	0.64207065
22.918863	48.251884
64.08456	3.4937387
39.50654	-17.444456
-40.633217	38.211338
-56.122326	27.797152
28.98559	-16.908537
38.221943	8.283206
-43.41463	10.473076
17.054968	1.6744908
-16.555134	-8.422097
39.89146	75.03456
-32.405617	16.608212
-40.210793	-3.69077
17.678047	60.60207
26.896444	77.253365
4.093007	47.626446
24.882994	95.87838
-8.416931	84.69522
48.602505	81.32395
26.090153	58.109566
-11.948155	29.118147
39.01692	28.416496
22.874573	70.50354
12.768732	80.57197
60.803658	-0.23056896
-14.387606	30.962744
-48.703606	5.164211
-10.6860285	43.193905
60.222874	-19.942127
-16.37762	37.789062
64.66913	45.701473
-10.874708	41.913197
30.28424	84.5347
3.6608264	60.06078
74.16608	1.3469208
32.713497	-33.047264
32.620586	55.84986
45.692764	11.968057
-1.5930679	37.546135
6.1318045	34.07001
-39.20791	29.754652
43.50506	70.32844
-42.984493	34.644287
32.551792	86.71696
-67.57345	-10.556562
0.09195973	45.40025
34.020138	-14.7483225
30.817299	61.393227
25.153166	84.78632
-16.352072	50.333664
66.478096	36.673763
74.874435	-35.642746
28.430185	44.332325
-62.31596	-13.32786
3.5847068	26.847757
-60.253273	-55.61344
31.898092	44.06444
-68.4368	-49.3909
39.06763	36.657127
52.460663	32.59889
60.279705	20.97996
-66.48722	-45.446053
14.683496	95.50321
48.321022	-24.833532
-35.20875	42.07935
-45.80864	17.13041
57.260277	5.2883353
17.812613	53.98859
52.410683	-36.087402
-22.340235	40.515354
-36.6303	36.82265
-3.6501224	66.41934
47.927124	23.057327
53.980045	-36.222046
-14.23109	21.42936
-54.00097	43.382698
-31.862358	17.357029
31.139704	63.310555
-50.02356	-21.24139
24.059792	19.742466
-36.50338	14.869272
-45.468803	2.4373045
63.360462	-47.079403
74.51903	13.829306
-18.110497	67.41679
-8.378774	83.30976
-18.237732	63.94102
-11.435614	21.751974
-40.369503	16.897467
-38.672066	-7.902554
33.887436	86.13545
66.995384	-17.629454
64.08464	-36.49436
22.507235	27.926384
42.859623	6.613501
48.32148	32.661938
-11.72495	38.419712
-56.78996	6.0686917
12.289793	59.920345
-47.728012	28.93871
-17.388111	17.218582
-50.641678	4.7471514
-50.43134	-20.544836
47.80309	61.5438
-50.88291	5.0464435
73.56213	-8.032423
21.2845	38.22419
-58.946663	27.671225
-54.451252	-7.864909
18.502361	58.51884
20.727888	-45.84341
-15.071608	35.89881
-25.019562	8.585733
65.37381	9.955269
-41.09546	-16.804443
36.1193	21.530245
24.886023	30.354937
32.27009	87.35134
29.307228	57.64067
-41.239758	-11.684183
32.89612	65.80415
-38.284145	5.86395
39.261093	52.227837
3.806108	68.12176
31.506609	-36.58839
23.268093	53.207073
30.434599	49.137924
-13.161664	-20.207619
40.37424	-5.97931
38.004192	-2.377348
26.97126	55.37047
-67.16537	-29.034155
33.9489	23.590782
47.881325	76.77498
36.063507	-19.348701
-44.340496	-26.451065
-38.375866	-28.602856
38.172047	17.54578
-64.52875	12.325815
22.405869	-7.9823213
-49.226906	32.043816
64.6578	45.7037
-72.70891	7.949022
56.64097	11.708524
51.145977	-35.973927
40.852165	17.088688
-13.530273	82.87509
37.416435	58.43134
15.985617	4.8709936
-22.908777	50.827263
-31.696098	34.321426
-22.476482	11.9052105
27.441587	85.758514
-54.279346	-33.65295
-12.057296	63.69852
5.5308876	24.508612
-32.599945	-4.955576
-29.399214	-6.5589614
50.211315	5.3560457
-23.673347	17.438332
31.599443	45.89115
24.276672	74.98141
36.090622	17.98683
-4.3176355	67.22649
55.26769	9.317473
-34.048103	25.111471
-47.730064	-18.563015
6.441483	34.520336
58.117237	34.40109
-48.616116	-1.0679065
-80.09867	-5.7549005
50.32265	53.403748
-42.68166	37.472
60.62454	25.446499
11.921898	80.12775
65.9515	-54.039337
51.08976	72.62405
-49.76669	29.802176
18.534882	58.221615
1.4810326	59.599148
-33.920174	-17.83617
48.81318	30.325947
-59.03672	10.606143
-23.841515	-21.406742
22.454288	83.9649
48.96992	26.015078
53.4494	-31.642218
27.087587	17.690664
-83.298096	-31.316607
-52.872555	36.40081
33.59917	8.44799
37.731956	9.938957
56.690643	0.665132
-56.22945	-8.774372
37.34538	84.86602
50.183273	-24.209505
-38.105972	32.81011
-21.958166	30.423483
-26.284477	21.921507
50.474415	12.068764
-8.969697	20.067532
65.47373	52.449345
60.806755	62.697876
52.089104	26.403954
-69.140945	17.366207
-56.02801	-4.981511
5.4206233	73.92817
67.34396	6.4849014
45.258957	54.369137
-45.481464	17.580648
19.337105	46.773228
76.56998	3.9497871
12.603364	41.650616
40.780197	-29.051777
53.462326	-22.845263
6.446216	30.024586
28.867952	10.71707
49.19182	72.902466
8.795509	81.86608
12.05158	90.03645
6.8499174	68.71528
-24.653303	31.506828
45.4129	46.45335
50.613697	-44.800438
-29.777468	47.181812
-53.063896	24.192936
42.41197	79.03176
-78.299675	2.7923334
-36.77198	11.481475
14.694548	30.724552
-64.31783	-23.085627
-6.266516	12.632536
22.097557	62.89183
-56.002716	-12.041731
29.717854	93.25004
-40.168808	24.331297
-59.71926	-19.306913
40.349854	58.469166
37.830345	24.789965
-18.19528	33.01252
-1.6497153	85.47117
-51.633694	34.491062
-66.12786	16.501999
-35.153286	31.234394
50.896168	-28.572905
13.615598	72.06198
39.80838	3.127021
-53.10215	15.356531
-54.937107	-29.285225
24.936472	-18.236
52.050617	-55.967144
-33.760654	45.84245
67.92962	-27.7543
-0.2801403	63.70692
-51.618713	10.367336
-33.748344	47.165485
15.156649	77.62553
34.120537	42.15873
31.529402	-10.883821
15.947645	57.539295
-44.50081	-4.8312817
33.58986	59.698784
57.756855	-65.23104
-36.581116	0.6992065
75.18963	-50.206577
32.553173	16.369835
63.796673	-9.596423
37.269066	80.40819
33.626648	-5.2983527
55.920788	-44.903965
-59.547215	23.958233
50.310997	58.136475
-3.9707355	83.65314
-26.933071	44.251396
51.314632	40.365414
11.411538	68.09137
8.729317	67.52362
20.748392	14.01153
40.330833	65.89824
-44.650967	-5.1317296
-62.83784	16.86284
54.54688	-2.297456
29.601078	20.04933
25.887127	71.93888
58.797123	10.125746
29.160265	75.68292
-16.879877	1.838108
22.051235	-57.099705
43.372696	22.83073
47.781338	16.98018
-18.863132	42.393524
9.185773	74.050865
-7.1606593	71.8695
-84.15502	-45.8356
-2.2668269	84.75547
46.77596	45.73994
51.363068	57.343327
36.54811	-6.760695
16.425156	77.22098
3.1897316	78.0335
12.796877	63.43924
2.4258134	68.565
-79.30793	-40.027084
-82.38896	-38.552567
27.984982	72.80731
39.61024	54.837963
1.74382	63.205753
-8.440178	49.42665
41.27294	-35.568054
19.476397	40.754654
60.881107	-2.8876808
-53.890636	36.92524
-23.131464	63.41046
50.75737	67.066185
33.987152	8.135849
56.751648	-31.621725
-28.424696	7.5684843
-60.502506	-55.388763
51.413357	19.901903
15.859068	57.443756
11.00428	32.579964
35.956413	-52.365498
26.014713	92.67395
73.53791	1.579808
22.004484	67.18824
-46.07431	-0.589127
25.592052	4.7655544
4.5308614	91.86289
-30.206848	51.45021
5.9913096	43.425266
38.83466	22.440437
66.65097	-20.521376
45.93501	-27.019812
40.482834	83.72727
7.635466	54.378487
30.741169	55.98135
-38.553364	5.59937
-12.57471	34.45807
-14.81897	75.70704
78.24453	-5.4035764
39.46566	64.340965
-79.60848	-55.25323
-24.215528	38.447685
-12.022195	38.986294
-34.79946	-10.216805
54.47226	-23.432186
-51.944366	37.868866
-11.0909395	3.2507384
-1.8852274	16.8949
0.81820476	51.24464
27.23683	-4.063201
29.948307	86.72655
-55.920025	-34.474087
69.981346	15.763368
-2.7652373	39.08908
34.053196	66.64415
-59.123875	-24.92048
35.67467	33.757217
-44.32052	12.621042
51.42468	-3.6536324
35.793156	72.47182
-0.032986924	79.28172
-16.826292	49.91658
42.057045	-52.947407
45.919827	6.690668
15.742871	66.840385
47.349506	-25.69671
21.461878	76.54759
-33.80677	41.910427
45.05573	-24.983341
59.042953	10.026511
20.983047	92.56721
23.639353	-12.961415
59.88239	-44.38866
1.4863133	47.71949
39.738316	-27.932121
8.709086	47.38596
36.99276	60.06196
45.71681	3.6612797
24.72311	65.01043
-4.159213	64.2954
26.443035	8.592742
28.022772	70.71083
20.475676	74.359795
55.89851	10.139743
-53.213333	-1.174102
-44.485565	26.283625
54.697144	-17.761211
25.818474	5.08805
21.635519	27.107136
51.101925	-11.126466
51.672268	-17.041397
38.67724	29.157843
-3.245237	32.429832
-28.989264	39.757393
44.765293	-11.094744
-24.860868	12.597597
-16.462883	25.860912
23.76189	-8.622578
14.536404	38.094753
22.113686	44.89834
-15.182552	62.11882
30.709875	8.732942
20.167826	53.036076
23.144794	22.963396
-53.302803	-63.924515
-56.018154	-16.848581
75.86564	-49.76456
-38.718155	43.03105
71.241806	45.893208
-7.8331914	87.93504
50.203182	-12.9818
51.10684	-65.481026
-38.49199	23.01122
7.988215	20.845093
61.95308	-26.671154
-31.887728	24.340391
-3.496118	64.4046
-8.316719	67.06307
35.683395	68.19227
50.849003	65.4749
10.937847	67.67005
-11.619879	67.00734
-18.027304	39.459774
50.21145	34.779987
64.750496	-35.89798
-69.83969	-44.699673
6.0364246	68.09232
24.863428	70.21394
34.99694	6.4022207
-25.874697	36.915516
29.644571	72.70949
28.844398	-71.89592
9.548294	82.81516
-32.96105	51.716793
-22.155727	-5.5181923
5.1399035	30.238243
53.648323	63.975315
-71.90018	-58.80179
63.879955	5.4939556
-36.985638	8.573153
44.617367	-6.418806
-11.513073	56.856785
7.2222157	-1.84962
59.532124	-4.838676
45.27262	-43.076668
-32.593563	-16.968367
45.93861	-11.306981
22.132671	57.800797
57.09884	-16.356432
49.930603	-31.438297
20.39594	80.7911
24.063244	83.3233
20.92532	-3.605274
31.82639	-29.52889
-68.52869	-2.469694
-1.0010126	26.666203
24.234703	15.519612
-39.669594	12.291732
46.303127	-2.2035422
21.35199	16.27853
22.371689	-25.036997
-3.270761	71.905365
44.179394	81.31984
-13.855095	25.361404
-8.038358	33.478695
-10.719754	16.529919
73.95016	-25.20867
35.361557	43.3253
20.965227	-25.089794
-63.105648	-45.82181
30.794895	29.66873
-39.874115	32.57992
-5.045694	57.888878
-42.679943	9.243696
18.572016	-64.08811
-26.578249	53.006927
-43.73791	-63.85222
-3.9683428	61.087334
-47.029133	3.4724374
39.999657	69.94038
-7.1331825	79.515526
21.15822	-47.815468
59.7123	-30.536413
48.965965	10.086035
-31.888494	1.737198
-35.367203	28.015781
-19.104246	35.569107
41.409355	24.197632
55.113564	53.448425
-40.10428	22.649467
-35.873146	29.284994
-47.270958	-3.7728438
-67.77809	-20.062973
20.000595	78.62391
-1.0227926	78.00411
28.624752	69.9124
58.16363	39.364956
42.636524	6.6157527
-43.353836	-34.53848
-61.170475	-2.5261967
31.765394	55.29143
49.094395	3.7689824
25.021383	-8.162658
-53.36346	-25.356558
21.034967	-1.4596394
37.408592	-1.9216703
42.982426	20.544476
34.174084	-38.380478
-48.75028	-25.895235
62.303013	-9.645902
45.56053	46.426754
19.47588	59.53886
27.82594	70.279396
6.9146767	50.62998
-44.446766	10.730932
37.665264	38.2181
51.404373	-16.881737
-21.231962	-6.557208
27.369198	-5.6611066
9.763536	50.612442
-28.071774	36.091045
-29.174307	10.72485
-11.29675	28.554419
-81.22221	-17.920164
-59.241516	-14.729756
26.395433	93.037865
55.3055	-6.1684513
-64.98379	0.4077723
35.705093	62.894974
26.82705	93.87393
15.887608	90.79455
-53.836815	33.985867
4.6168103	65.87304
-84.80027	-19.066177
69.82006	21.769154
-60.289497	16.278507
9.462562	78.25123
73.20268	-8.535297
-87.98818	-45.95492
-10.754024	53.943306
70.52365	-12.312934
24.10494	-25.552916
27.139181	17.302563
-80.13974	-35.54004
-19.817999	49.11723
-61.36175	33.084328
43.188465	14.151865
29.977108	19.896921
32.55974	-41.781815
29.653774	-21.087193
43.556343	-6.948698
-13.251148	84.12028
35.25953	43.679478
28.611807	-28.380526
5.10663	-58.32795
-46.210056	0.95773715
-38.48682	43.254074
-17.863758	-4.093232
24.328262	-12.537975
-8.94241	55.794544
15.756794	73.48798
-13.826097	25.39169
-59.835526	12.904599
46.454777	-9.945829
29.682451	65.466965
-68.622086	-18.406199
-18.11701	70.449974
-55.612553	31.701185
51.408665	-39.374405
-20.789692	58.54736
30.77747	-28.998135
-74.81367	-27.500446
-69.07052	27.26261
-31.802904	34.11082
52.04997	55.98747
13.388186	19.498978
-31.536978	29.920979
-40.358917	-13.53829
43.779934	6.8049293
48.794434	2.467043
37.427673	21.988253
33.44801	-19.144245
36.81202	-6.1442327
52.181957	17.207151
48.627823	18.994253
23.262302	89.80862
-38.520172	-9.02505
-45.85203	-22.835405
-10.039119	20.912361
-64.57145	24.839098
6.9755573	69.53193
32.78796	31.36267
45.526787	49.868446
-13.927748	57.08132
-69.72397	-13.438716
14.237033	0.8279243
32.802177	60.711937
41.418987	-39.413082
-34.080452	41.87978
29.60148	5.7164125
21.31935	-7.313044
64.6182	-7.722015
63.041687	7.52657
47.42554	39.19971
-13.938514	56.999626
-2.3856602	66.41671
-88.806984	-5.820275
28.636202	13.312548
-69.735115	10.70764
23.59583	22.791193
-38.340225	10.579503
27.399452	-72.55423
-47.11843	30.669737
-36.30382	27.38821
6.172412	43.825764
-60.106567	19.431187
11.878294	40.111343
-60.805122	-0.6029493
-36.908974	21.950798
25.036816	4.1426144
-84.393074	-31.06433
-55.32498	-18.464825
-2.131956	20.868828
48.217632	-12.436672
33.51152	75.14731
1.6075467	38.502148
13.022626	18.760649
31.551958	53.984867
-36.55371	16.423985
59.03183	59.29306
-42.80261	-10.276286
-72.84728	-15.881231
-78.876854	-31.79675
63.51229	27.778301
13.356063	18.334738
-19.19468	66.76631
37.121265	-30.37159
24.906395	95.87563
48.44774	-5.8802643
-43.181343	15.015586
34.744545	-20.356262
14.941245	35.790596
29.142456	10.728048
45.696087	-27.67699
35.66988	6.954551
-61.81506	2.4432905
10.090292	57.0746
-5.7038374	28.041634
0.8307236	53.5734
68.346306	4.258901
56.469723	-13.12027
56.08156	67.63473
19.721645	6.3750544
-38.198982	28.170149
52.295544	-5.0589743
43.4803	-41.55547
4.140158	60.15851
8.065352	58.861168
-85.05205	-18.809916
32.48122	55.83323
60.57618	25.477896
-52.7569	37.35678
-38.92977	16.619463
-53.625946	-16.396347
15.263121	82.86914
43.519657	71.775566
51.015007	25.830017
17.098295	74.56328
68.690125	-2.2915614
14.866903	1.1730021
57.738197	5.6517973
-4.9760876	12.48068
7.395072	56.262413
-53.80314	6.294506
-14.45815	19.832
28.441313	44.62325
-57.72962	-18.056675
73.75958	34.046104
27.707262	49.906174
56.483887	23.392265
23.908028	72.148125
48.265053	29.550354
-50.432747	-9.430127
-69.6706	24.425508
38.678993	26.734226
-39.228897	-6.283049
-51.934254	-56.028545
-62.11572	10.270364
53.796776	14.14929
17.605675	90.87558
22.032415	-12.440639
14.264755	13.127731
-44.57974	42.654068
-7.121174	59.819622
19.567781	41.385918
29.6585	61.343693
2.9981346	78.29757
28.690935	96.419266
42.48549	27.874655
54.45462	-37.375164
-71.51743	4.5676293
-22.015701	40.85136
-74.946754	-26.922443
-6.623284	80.39136
17.169714	86.59222
32.98305	19.189138
18.5625	91.49439
40.02052	18.683455
29.749485	-31.687855
-1.0102205	70.00497
-34.970474	-30.59916
-54.573605	-1.3466411
-71.33266	-57.899834
39.912907	11.600079
16.630857	87.041885
18.134018	-20.178598
65.89517	11.010792
3.6088598	71.09131
-44.286263	32.104946
39.16661	80.00502
-16.992517	41.255035
-17.400967	64.08508
15.057529	46.0606
-26.032473	41.649677
-14.971374	75.56448
-33.5095	21.487217
15.916618	1.605145
16.668541	91.662125
34.577015	-11.481379
8.368956	84.56567
-31.865835	35.916412
13.604201	12.529961
-74.90963	-9.6056595
-38.655087	-40.641403
26.367842	-14.658501
21.786148	83.31096
9.234104	70.34105
8.52836	84.8972
44.80205	45.75489
55.360554	53.480335
35.025215	-12.938118
-63.728886	-44.422043
20.308779	49.441128
-38.657818	8.90336
-14.956865	11.66733
-52.192944	21.072514
-50.908928	28.300016
-64.089905	-15.0626
3.2824163	16.206123
39.725002	-11.974261
-77.85791	-44.22848
40.110374	37.915028
-43.080406	35.54547
43.221443	76.022194
25.568748	-14.315731
67.92892	-17.96871
-5.6406465	46.759388
35.35796	69.477776
20.287048	6.0873632
-67.5655	-10.683138
-31.189281	48.098335
-21.995195	30.412413
16.109037	87.19965
25.185728	-53.012684
25.527962	59.1966
21.534927	86.9179
25.030094	-17.931849
-57.204	1.5759679
11.388305	34.70935
11.695693	47.103924
24.702534	40.11557
-72.26566	-6.1658454
-3.4734297	61.240738
-31.752918	41.6048
44.698593	-34.734253
-51.6201	-1.7224101
-61.858116	23.183886
-7.508773	33.56197
35.31339	13.036616
-28.348173	-19.111202
-22.773314	49.29906
-22.675026	53.926636
-44.68627	-52.5182
30.385738	40.119644
-79.81489	-4.091211
17.070227	25.068336
-49.23892	36.559414
-35.403522	1.6623075
18.676453	34.092735
-16.768126	10.691326
58.26844	27.033924
-85.22982	-23.484095
-41.61582	35.016663
19.978333	73.25577
74.478745	-17.83119
-41.308525	30.61752
-82.87529	-26.863636
25.816341	68.17216
65.63273	52.220318
-51.847286	30.300512
23.762913	-25.18925
-30.464678	10.55645
29.93021	-6.6773744
46.58064	26.64002
-31.720627	36.147278
23.10169	42.52201
-33.133007	-22.449131
11.214279	34.97484
-38.3146	5.0335865
54.188675	9.1121435
48.485336	76.36872
-69.712746	9.864758
2.5631661	45.920147
66.123276	-8.346097
-15.840917	22.331127
58.393623	-4.1246943
-18.156813	-4.5533996
32.734978	93.65576
27.508371	46.891624
49.76388	0.32925567
11.884121	92.14534
-14.71306	44.77333
59.299572	7.3304815
-6.6391516	22.272621
-11.617447	45.263767
-32.427876	-37.348854
-21.054735	-12.026313
-33.091537	36.886658
58.63746	-23.104582
-44.087093	-18.157684
35.60938	10.916084
55.422966	-9.137822
28.952374	60.465233
-60.44304	-24.11724
-28.255201	26.309727
-42.47413	8.394413
-53.376133	1.7212901
-9.328253	43.801
11.091139	53.40582
65.92505	6.0208144
-34.997406	34.023006
37.93429	-20.608856
41.29578	30.280186
46.810097	40.40395
-81.74371	-18.999788
37.44348	42.553596
9.081464	28.898413
28.890852	91.00206
27.559904	67.366325
68.114044	-17.759668
51.279503	16.034952
-13.833272	53.60573
59.61527	43.20092
55.349346	37.088947
11.654548	47.524094
29.610939	80.69233
68.878944	-21.693254
49.9861	28.911411
-7.0042143	71.14405
5.691042	74.77763
-35.74476	-4.723033
-38.769516	-36.8256
28.231293	38.12118
46.44767	59.068996
-54.173668	43.11931
27.562887	31.760378
-74.86255	14.594825
-40.6067	42.60126
-81.77243	-19.030996
45.12707	34.126247
-3.8512478	37.732296
-12.505358	34.418583
-41.93666	-5.084698
-57.836773	-46.434254
30.015594	4.6691093
-9.873991	73.025116
19.976809	79.30443
3.0224118	26.261797
-25.855373	30.86186
9.46701	73.51013
43.103523	-50.183773
30.168486	-16.792566
-30.762856	-24.011778
26.701355	31.957527
61.150253	60.2391
55.078125	26.84248
47.820946	23.06662
35.78641	77.924515
-41.307583	-2.8631992
39.69864	11.406788
-52.783077	16.348337
-27.047522	44.78893
71.78822	22.946772
1.1095588	61.98875
-28.365059	-1.325887
-22.605715	68.321014
70.47361	-12.342798
21.56762	27.057608
-2.4052694	49.484673
22.597593	84.10491
40.037144	53.385616
28.210531	15.644584
-50.300243	27.42911
-44.298054	24.880186
47.06017	-36.261112
-59.017445	-35.440323
-49.063675	36.21111
-68.150696	1.7821639
-22.924555	39.491806
47.17716	29.585001
43.311485	20.00273
37.39247	41.998352
26.441778	-5.6766176
-3.0093489	45.557335
-47.045	-6.6738896
46.600082	-33.436108
58.07597	-19.197002
-15.287449	32.67182
-66.291435	13.51314
35.875874	-24.671711
-2.3690386	89.766594
-2.7617016	57.080345
8.34061	56.17303
-3.58274	37.51855
-21.445236	49.152985
25.037169	20.615519
-70.76652	-39.90433
45.158928	51.667267
-3.7973142	69.56425
31.954266	23.094282
36.137966	64.03386
-65.204124	-14.676
-25.765265	55.155567
29.046408	42.566864
-17.343748	24.374794
17.571169	-11.927044
-52.80554	-26.458773
-12.44505	29.307076
33.357033	50.389217
-24.928457	9.781639
28.761322	26.641172
53.84829	-27.407625
71.30956	-44.734978
-79.92965	-36.897
-67.9827	-43.062748
-59.834293	-0.9699111
56.44132	13.37957
-31.173838	25.292046
64.79366	-24.89699
37.1009	70.57694
13.338759	50.29028
53.26248	-23.093563
22.07559	33.29429
18.380653	61.130898
29.418089	53.958855
-65.736465	4.020119
55.363354	-6.0406523
12.579759	83.29562
72.57507	-23.598133
-71.859184	-37.283916
49.428867	3.8408196
-11.584839	43.76373
39.5584	60.676365
-22.706032	4.4507475
26.16312	67.98778
23.235283	-5.7242546
-9.46794	20.549192
13.809894	56.19088
28.19901	-9.444125
-49.881706	18.2386
-15.958856	51.532253
-56.875103	-34.33322
-22.513094	68.78329
-85.10093	-39.899258
-41.589806	22.00214
-50.706097	-22.294151
-55.71196	-5.4301553
56.097923	9.557245
-31.335276	24.972992
39.21348	72.68823
-25.561848	-10.21662
31.855627	77.33062
-57.99034	-35.11311
29.430601	-1.9308149
56.511364	37.580547
-48.813763	23.765705
35.22171	32.344383
-78.188	-15.184733
-16.238953	25.108234
-15.307209	34.932617
-46.069363	-28.410063
9.848116	86.16466
41.97392	1.4051317
13.801526	31.79914
21.158625	76.16413
30.953041	77.22106
58.197517	39.358494
18.44383	29.254343
22.79571	32.252995
-86.21337	-28.457003
70.95029	8.677148
54.600945	-20.881958
-59.790817	8.305546
-4.4438605	55.31418
-69.02896	-19.361467
12.901733	83.82247
26.251707	-46.359764
-72.09802	-59.614502
53.415203	49.944977
-46.169518	10.230542
15.217431	44.576687
26.556763	6.4462104
33.783916	27.000189
8.383731	20.746504
-6.4375005	25.062162
43.916485	9.858034
35.74515	80.083496
33.669792	-47.692196
46.901028	70.77841
-21.724874	4.8278556
48.789894	58.80395
73.69543	-19.595335
-27.81779	17.636862
-35.097878	19.091726
65.32168	-2.014252
-77.38389	-54.465885
17.109716	25.04933
-84.16866	-22.856054
50.34429	42.986492
-61.742844	23.049849
-38.528683	9.028694
-37.10412	23.625198
17.970177	90.01676
14.104798	80.756165
23.908722	73.68462
47.36668	80.07933
5.2863564	-78.51099
12.864572	12.290041
62.11195	-42.20339
15.674619	67.0266
-24.88017	8.560394
-14.200879	21.517172
65.01738	11.422164
-18.626678	53.56251
-13.802669	42.346687
-81.72373	-35.473244
49.52284	16.085245
-20.11923	71.55076
49.01105	-44.656803
-63.608856	-11.502429
-26.872627	7.644241
-14.174065	54.493645
-21.230087	69.03154
47.04467	27.309116
66.65058	-19.186808
36.166996	80.08676
-43.325146	20.582922
-59.954544	-19.613724
-24.8636	46.156315
-46.33921	10.229914
26.035366	52.83776
-42.155933	-12.499573
-15.041622	62.983887
7.6310077	38.005165
73.404	-18.218239
-56.76592	36.665607
-56.299698	29.676947
-27.989527	22.798115
51.05563	67.09442
5.824339	34.1145
-48.16168	15.505386
28.73029	26.714596
-11.403474	38.020508
13.681336	72.61745
12.945309	60.058163
-73.84766	-20.18247
-35.764824	-4.9232597
-26.857944	5.27842
16.168446	41.87281
-42.43923	8.16129
-0.604079	68.44024
-47.4628	38.869007
-39.075817	14.841126
-49.624607	-57.63749
-26.89286	44.11034
8.577697	55.79724
17.8027	17.181652
-39.569763	12.25764
-26.600695	23.12558
-80.3868	-21.962948
21.635672	80.766754
22.381805	23.392366
3.9449966	65.151
25.123684	23.704147
34.516075	44.212936
57.32715	26.00004
46.515274	78.89571
16.197174	68.24446
42.733185	20.80698
-8.893788	56.21905
-27.791822	14.092008
69.62167	0.06852646
-37.04	40.551342
64.367775	2.8532271
58.887665	32.96777
27.799303	37.135235
52.29379	55.746437
15.345288	9.807376
51.887505	-26.920023
-51.854473	-28.46704
27.573053	85.79341
-83.325584	-35.181396
-6.860944	64.95005
-29.208221	4.8920946
-0.7048456	89.364075
70.1129	-17.003391
-63.664505	-2.6129062
-23.008776	-6.857143
59.455185	-25.446796
32.290684	82.36272
-1.8634963	55.79339
69.60473	23.422316
-65.04538	-6.05452
58.014446	-22.313417
40.292603	-2.2830312
31.036844	34.156124
-17.84445	58.496605
42.110126	-6.4807625
40.311813	83.49977
50.842697	-15.61876
34.996635	2.1884997
-47.46887	1.9856216
52.506588	-43.08971
-8.89804	57.620274
48.616924	61.80463
58.272114	46.414036
16.827576	82.41751
69.689476	-21.796003
51.98127	57.99595
-56.900303	36.694656
42.824104	-36.513874
35.45299	6.952631
44.897835	66.36029
25.505507	55.994728
48.506615	-5.9693694
-57.015846	-38.4171
12.182431	66.7441
-13.3909855	81.96988
-69.722435	-22.591951
38.989254	28.12737
-49.433277	-17.343578
32.916492	63.195885
-7.7585616	62.13672
8.515198	78.086
25.475262	88.63066
49.959995	28.972872
-54.53617	41.51256
49.96023	73.986595
-54.7828	-51.088608
-44.908527	5.181152
-42.886593	43.46428
25.367262	23.815441
64.21887	19.058613
-34.924828	19.197615
-58.57057	-56.8825
-11.694379	-5.7120085
66.09634	-0.90833193
2.9258244	26.20583
39.065376	-12.834724
3.6834753	84.33974
5.461825	41.70303
63.86496	38.77817
37.977818	8.707074
-39.08406	29.52898
41.07689	84.6594
26.788763	67.34206
57.71183	16.098267
-7.184815	65.07073
-67.67076	-11.374287
31.207361	73.28176
45.361885	49.546852
73.15398	-31.98165
36.8726	-7.8659015
-10.143989	66.154724
-32.003956	46.952568
-25.29672	55.342396
71.085625	7.892134
-9.476976	82.93998
16.405472	41.672894
67.28598	16.902702
13.482153	42.081757
28.993404	-32.023014
34.182827	50.51702
-49.88224	2.2530916
44.834297	10.427269
47.023163	15.616943
-53.376987	27.767176
49.765842	-50.81893
-36.501617	32.625546
-37.1888	1.8138521
30.290115	65.55763
-1.8287121	73.35751
41.90741	26.456533
5.1860695	75.631195
49.71202	67.31868
61.076805	-38.765682
-61.06587	-2.3214097
57.56309	57.78965
42.544636	62.247612
-21.406965	15.591028
-70.21454	-66.49941
-6.036795	12.877055
42.720013	-40.927578
66.541534	-47.41199
53.779484	-2.4443386
-41.331585	27.166538
36.037365	-34.243885
78.479675	-18.103249
-8.765537	48.985973
12.849858	56.186115
65.90709	-45.845394
-32.7138	5.8919144
36.196674	-50.56691
31.448048	72.01527
37.50383	-21.957706
59.388412	-44.55095
49.763096	52.91516
60.51437	-44.145733
-56.642384	25.329828
45.408833	53.597313
7.367092	66.67946
24.182026	15.494522
53.582615	-0.97054875
58.51808	16.737785
24.650122	40.96796
13.903486	71.42226
-5.9455323	73.008064
33.036663	70.813736
-67.80155	-0.8039378
45.84489	21.082304
59.938236	60.27244
34.280655	54.525795
67.476204	-26.539585
29.696018	52.255287
-13.2213	47.99741
-6.016201	6.0307956
44.90003	9.289786
-18.63153	46.167664
-43.246494	36.28807
54.99856	20.534306
-47.240665	-3.7214313
-21.77877	63.845844
34.25897	88.96142
44.683884	56.663074
-79.35501	8.32767
22.639458	43.213295
1.3738704	82.5863
-40.13196	20.767311
-1.4216808	66.848434
39.21483	79.995926
41.28847	30.926353
46.74287	41.860012
-24.115536	16.33872
-71.75564	-22.500057
-72.878204	-37.679867
-8.598187	35.09426
28.12857	79.13665
-78.533424	0.6269901
-3.0573635	70.38551
-69.63434	-66.058205
-67.23805	-22.598593
47.257362	-9.119025
3.101714	56.42234
-5.0249734	35.647503
19.45043	22.017118
-19.166538	27.824741
36.39161	3.6694498
-10.531955	60.460144
33.22379	45.494953
27.627678	-10.260374
4.9069796	40.845512
19.577713	85.17023
31.512346	35.220287
8.0583935	78.28885
-50.224022	1.8562609
-73.59568	-15.776681
-28.858171	11.804857
3.5429869	92.38498
-6.273278	70.872734
-49.414314	31.682844
24.238346	74.9167
15.738877	44.640392
43.646004	-34.074726
60.842274	14.040188
12.425503	89.076454
-22.670649	36.742283
56.437164	-18.83015
45.291317	44.327076
44.31135	-17.749287
-54.760597	-8.607234
11.334169	13.076312
59.59702	-32.713676
-54.86544	41.78086
25.963923	1.6015179
27.114521	59.32249
31.79582	68.10395
-21.998695	-13.47426
-29.25617	4.9944897
79.667274	-9.106044
6.9876747	49.483624
16.574026	75.341644
66.56959	8.890753
-63.02596	21.524115
-79.20421	-4.4690986
9.789695	48.287766
-41.196938	32.043354
36.880184	38.788654
23.246483	-54.36027
-48.229164	35.164474
17.982344	75.52212
20.85525	43.103455
53.49318	60.127472
47.687553	72.23915
24.260788	78.1123
34.760002	-47.2344
-61.902187	-8.48416
3.2470815	47.23427
68.247284	-21.123177
76.60135	-17.740814
49.085636	-42.734737
24.329174	83.41751
34.58668	76.25233
41.159164	-30.3236
32.529186	35.00158
56.146954	-18.015352
53.089954	-26.108187
-36.366776	1.0262607
-53.80854	-22.399519
17.63391	29.571043
39.338295	47.16044
72.915245	2.4279966
-7.6185846	50.63887
-38.818523	-20.0294
34.982986	35.255116
22.584248	0.8971847
39.71078	-1.9643013
-42.681587	22.296228
22.012442	86.152115
26.709614	-3.19946
-57.971073	-6.80561
-28.609732	10.166486
54.748604	38.15476
54.143166	-40.015263
-18.869612	14.359266
39.979168	2.3790522
44.084244	15.619532
25.425526	48.28253
-41.264214	27.418753
-61.214012	22.370796
38.762917	-52.315525
-28.839743	31.544083
53.660492	60.182045
68.84249	-4.462789
66.29775	-58.136124
-55.467434	-13.654867
12.740663	59.854042
58.365982	-5.40916
51.520878	21.155289
-79.61284	-29.385635
31.51876	36.07409
17.290098	64.09233
33.3091	82.04939
-65.734344	7.8279786
-67.168915	-34.500732
-22.47588	-30.28596
-48.84858	26.925316
-76.76382	-35.508587
63.49819	27.768967
11.351916	75.50044
39.705982	-61.290577
18.579042	34.16773
43.580647	24.573986
19.484232	67.73745
-15.385781	11.261626
-0.8399594	30.417469
-82.90079	-15.167674
-7.228095	6.226835
-7.3414626	53.14427
62.02988	-36.1545
-49.390987	36.3294
-35.475796	10.436923
-49.703056	30.665506
3.218201	52.6078
41.231304	1.8584247
46.85228	26.889872
39.659134	13.905867
-2.1126819	45.22346
-33.91997	18.877993
-75.000946	-44.157436
-8.089138	76.04876
51.332203	5.723909
-53.41762	6.5256076
49.831303	-33.1725
48.557587	-57.035664
-74.376595	-8.576481
51.072666	23.531906
-7.059273	59.841625
71.32698	-8.617963
-26.452229	7.197438
40.128654	-10.6971245
37.445713	30.77112
-43.04367	-5.0423756
66.93644	5.502936
15.463247	39.0793
-36.328777	7.802052
58.318714	-54.493637
49.980568	-11.7135515
65.062195	-7.8109684
-31.521221	9.763744
-58.50608	9.381469
-41.516346	-14.267759
57.679794	24.042294
25.08291	-24.3821
-72.87168	-29.19898
-76.84274	-48.9183
34.719326	24.386494
-28.48054	33.467995
68.2567	-22.31429
35.24271	2.4724824
0.626952	89.85675
-76.53453	-54.505505
0.6087875	79.46206
20.932041	71.029175
43.79883	-31.663942
64.725395	11.222571
38.588364	-2.273793
51.96318	46.64067
-29.412361	46.896408
-25.756817	24.601688
1.2765772	72.21509
-61.129494	0.0768599
37.77862	-37.75123
-7.5259438	43.352036
61.51377	0.053643033
-1.1615977	77.177795
9.056956	84.16207
-55.292763	-17.802761
16.816992	59.337215
26.215822	53.132217
-51.34147	-56.20439
-31.965809	-1.3490828
23.0482	85.75464
51.80184	25.453594
-69.924866	23.91492
-35.248653	-41.28696
41.82506	-13.463994
-21.143904	24.515972
8.484245	74.87918
43.77975	-1.5895443
-17.45706	35.716236
39.56333	-52.26748
-46.465454	1.7498665
44.75326	-13.520433
-76.713	-24.037542
55.306072	43.334488
30.319248	5.28979
-3.8113923	33.007168
-29.621569	39.60868
33.084026	39.11297
22.519337	0.7688257
-41.289623	-13.7216015
-58.58956	10.050741
-25.307978	37.420315
-72.25921	3.0429585
40.988415	16.319193
39.850372	72.729
26.618397	-3.0940573
-38.074867	23.447132
7.296454	28.646944
-26.2165	35.718857
-82.7677	-47.08464
-47.37404	29.34905
-16.878931	73.77761
-32.447712	33.436504
20.85174	53.512512
23.831831	86.59076
-59.135857	-56.740253
45.77044	65.52773
5.1406507	81.23966
69.623405	-17.935255
-19.061934	18.616419
-44.381466	50.682323
51.81691	52.919434
24.67004	37.22139
46.82346	15.110397
-54.967594	22.432762
47.282654	60.564106
-73.90632	-32.23156
33.972847	74.73972
-69.12136	26.708483
-12.168313	8.023094
40.60151	60.188404
24.167156	96.87704
35.10722	69.37914
16.224087	38.716736
-44.138004	4.941541
51.649063	42.69254
21.94242	67.141365
-19.982523	8.0701885
22.002989	37.271713
-17.54852	18.436607
54.695423	-45.85352
12.359351	24.378584
12.040435	55.55089
-10.583996	19.08587
26.622524	32.64567
31.338037	-10.753711
32.650867	31.454214
78.31081	-18.006573
-44.623795	-29.58033
38.00276	24.453537
-57.686718	-5.109435
-40.34337	25.041267
-28.83843	19.216576
-60.07371	0.9048241
-79.26108	-3.0903661
23.582886	9.481043
28.561058	25.549467
30.063364	13.877594
44.250336	-11.155478
-22.503256	50.643898
-84.04938	-22.999676
-44.83322	-13.002713
-80.31357	-33.09933
-41.709297	15.4719305
34.009598	50.213108
-26.302229	22.18763
53.085796	-51.708145
-89.56117	-19.519745
59.73239	55.371887
-74.8761	-15.607777
40.08629	6.4665155
6.064783	3.000753
1.2081057	25.333942
-11.609592	-6.2224555
33.878483	25.773962
11.569785	80.18903
44.346523	56.92787
-7.338153	30.957851
10.913826	38.633892
59.9383	0.17422414
11.805689	67.0921
-52.776203	-63.76081
42.941692	64.738495
8.867638	55.15749
-54.553356	-13.623187
20.163721	52.28921
40.376736	60.228535
-37.999363	19.764856
-54.025337	-41.116352
-56.174126	28.832788
22.309706	85.44801
44.92038	-39.823383
-48.651752	3.2065485
35.54325	68.00386
22.044863	33.2503
42.662823	-23.373285
-18.613293	53.56856
-56.10179	-18.467758
-1.3696177	74.2046
66.16435	33.75377
32.315918	-2.6488724
-18.601084	44.455875
-11.648638	63.599167
40.407986	51.63648
74.844795	7.545198
-51.41046	43.763985
61.76894	-9.609073
36.009426	-46.904205
-49.813587	26.516588
46.40911	-23.805904
6.56381	71.36334
55.700325	44.63635
19.2344	21.29089
57.046635	-40.99668
-33.472458	14.326901
32.110313	-16.315441
-15.583944	22.203564
-46.45955	14.7301035
0.761923	89.906685
15.848153	64.4873
-3.855704	75.60723
18.510014	63.08359
27.864815	80.97836
5.099473	94.330444
-47.618256	-8.663202
-68.37819	-15.224762
14.429244	32.054207
-64.384544	-33.109116
69.79853	-27.300283
-25.615782	48.841774
51.66915	34.292248
47.602116	50.138542
38.661015	-18.082758
65.04766	-13.44592
18.22638	61.005013
-54.9857	22.414688
67.70777	-26.664999
-45.284096	28.629171
-28.583277	17.299616
-78.2194	-32.381367
37.603027	-19.368258
-28.26275	-1.2336811
-36.130238	25.720741
30.320986	75.73736
48.592293	81.60692
-15.133219	55.275272
16.843859	77.96896
65.56958	-1.8905009
59.76416	55.34952
51.069653	-39.162388
33.51026	55.261818
53.24248	57.58793
58.17185	35.48023
-23.428354	35.37519
65.81852	-42.727283
10.984048	28.794188
27.465372	-34.441204
-68.44345	-7.870604
-20.249792	38.01266
-69.76852	-30.551382
37.343414	38.378513
26.803598	49.641438
-70.10093	-52.23205
19.231169	6.6984663
-24.669096	30.547737
54.260536	-21.107327
66.031784	33.96811
-43.407887	20.152958
59.323204	60.447395
-17.692396	67.198456
47.61988	80.51694
-53.620186	-13.099797
22.97829	55.20631
9.757738	72.62165
38.58841	-14.138352
-26.636147	42.935913
-38.270576	48.920097
-74.99077	-44.954556
8.850027	96.26697
31.326529	6.2179565
53.34219	1.7669451
-4.4924955	72.75926
26.691814	66.08861
47.241276	71.39563
42.227615	27.198067
49.10242	-20.818771
-57.894882	-18.264294
32.6171	8.882801
56.524624	-24.88884
50.27912	-36.41496
-73.32949	-8.369107
38.581284	-18.105595
66.72925	-27.906261
51.447575	-57.77805
-22.679544	57.776447
35.226124	-0.036072385
-46.080685	-21.053555
41.479355	64.30976
7.2593303	47.601383
54.99558	-45.49842
-82.175255	-29.374567
20.710527	44.681087
-21.155987	69.054634
35.503918	27.077347
-76.44278	-6.4252734
13.526514	64.59209
44.75444	-5.000433
-60.195343	-49.68514
8.818335	62.746094
