46.39 11.08 32.14 35.31 98.77 6.39
35.49 11.7 15.59 23.79 106.94 -3.46
50.21 29.76 36.1 20.45 128.29 5.74
47.66 13.28 36.68 34.38 98.25 6.27
74.38 32.05 78.77 42.32 143.56 56.13
75.65 19.34 64.15 56.31 95.9 69.55
55.51 20.1 44 35.42 122.65 34.55
72.22 23.08 91 49.14 137.74 56.8
86.75 36.04 69.22 50.71 139.41 110.86
67.41 17.44 60.14 49.97 111.12 33.16
77.11 30.47 69.48 46.64 112.15 70.76
74.01 21.12 57.38 52.88 120.21 74.56
76.33 42.4 57.2 33.93 124.27 50.13
44.91 10.22 44.63 34.7 130.08 37.36
71.19 23.9 43.7 47.29 119.86 27.28
57.52 33.65 50.91 23.88 140.98 148.75
96.66 19.46 90.21 77.2 120.67 64.08
77.66 22.43 93.89 55.22 123.06 61.21
79.94 18.77 63.31 61.16 114.79 38.54
65.01 9.84 57.74 55.18 94.74 49.7
78.43 33.43 76.28 45 138.55 77.16
63.17 6.33 63 56.84 110.64 42.61
63.9 13.71 62.12 50.19 114.13 41.42
69.76 19.28 48.5 50.48 96.49 51.17
129.83 8.4 48.38 121.43 107.69 418.54
70.48 12.49 62.42 57.99 114.19 56.9
86.04 38.75 47.87 47.29 122.09 61.99
54.74 12.1 41 42.65 117.64 40.38
65.67 10.54 56.49 55.12 109.16 53.93
48.06 5.69 57.06 42.37 95.44 32.84
80.43 17 66.54 63.43 116.44 57.78
90.51 28.27 69.81 62.24 100.89 58.82
77.24 16.74 49.78 60.5 110.69 39.79
50.07 9.12 32.17 40.95 99.71 26.77
69.63 21.12 52.77 48.5 116.8 54.82
81.75 20.12 70.56 61.63 119.43 55.51
52.2 17.21 78.09 34.99 136.97 54.94
77.12 30.35 77.48 46.77 110.61 82.09
88.02 39.84 81.77 48.18 116.6 56.77
85.29 18.28 100.74 67.01 110.66 58.88
60.04 14.31 58.04 45.73 105.13 30.41
85.64 42.69 78.75 42.95 105.14 42.89
85.58 30.46 78.23 55.12 114.87 68.38
79.25 23.94 40.8 55.3 98.62 36.71
66.8 14.55 72.08 52.25 82.46 41.69
79.48 26.73 70.65 52.74 118.59 61.7
44.22 1.51 46.11 42.71 108.63 42.81
57.04 0.35 49.2 56.69 103.05 52.17
64.27 12.51 68.7 51.77 95.25 39.41
118.14 38.45 50.84 79.7 81.02 74.04
115.92 37.52 76.8 78.41 104.7 81.2
56.56 8.96 52.58 47.6 98.78 50.7
67.03 13.28 66.15 53.75 100.72 33.99
80.65 26.34 60.9 54.31 120.1 52.47
81.06 20.8 91.78 60.26 125.43 38.18
81.08 21.26 78.77 59.83 90.07 49.16
85.68 38.65 82.68 47.03 120.84 61.96
82.41 29.28 77.05 53.13 117.04 62.77
86.47 40.3 61.14 46.17 97.4 55.75
74.47 33.28 66.94 41.19 146.47 124.98
70.25 10.34 76.37 59.91 119.24 32.67
71.24 5.27 86 65.97 110.7 38.26
58.83 37.58 125.74 21.25 135.63 117.31
74.85 13.91 62.69 60.95 115.21 33.17
76.31 41.93 93.28 34.38 132.27 101.22
56.54 14.38 44.99 42.16 101.72 25.77
95.48 46.55 59 48.93 96.68 77.28
74.09 18.82 76.03 55.27 128.41 73.39
