63.03 22.55 39.61 40.48 98.67 -0.25
39.06 10.06 25.02 29 114.41 4.56
68.83 22.22 50.09 46.61 105.99 -3.53
69.3 24.65 44.31 44.64 101.87 11.21
49.71 9.65 28.32 40.06 108.17 7.92
40.25 13.92 25.12 26.33 130.33 2.23
53.43 15.86 37.17 37.57 120.57 5.99
45.37 10.76 29.04 34.61 117.27 -10.68
43.79 13.53 42.69 30.26 125 13.29
36.69 5.01 41.95 31.68 84.24 0.66
49.71 13.04 31.33 36.67 108.65 -7.83
31.23 17.72 15.5 13.52 120.06 0.5
48.92 19.96 40.26 28.95 119.32 8.03
53.57 20.46 33.1 33.11 110.97 7.04
57.3 24.19 47 33.11 116.81 5.77
44.32 12.54 36.1 31.78 124.12 5.42
63.83 20.36 54.55 43.47 112.31 -0.62
31.28 3.14 32.56 28.13 129.01 3.62
38.7 13.44 31 25.25 123.16 1.43
41.73 12.25 30.12 29.48 116.59 -1.24
43.92 14.18 37.83 29.74 134.46 6.45
54.92 21.06 42.2 33.86 125.21 2.43
63.07 24.41 54 38.66 106.42 15.78
45.54 13.07 30.3 32.47 117.98 -4.99
36.13 22.76 29 13.37 115.58 -3.24
54.12 26.65 35.33 27.47 121.45 1.57
26.15 10.76 14 15.39 125.2 -10.09
43.58 16.51 47 27.07 109.27 8.99
44.55 21.93 26.79 22.62 111.07 2.65
66.88 24.89 49.28 41.99 113.48 -2.01
50.82 15.4 42.53 35.42 112.19 10.87
44.94 17.44 27.78 27.49 117.98 5.57
38.66 12.99 40 25.68 124.91 2.7
59.6 32 46.56 27.6 119.33 1.47
31.48 7.83 24.28 23.66 113.83 4.39
32.09 6.99 36 25.1 132.26 6.41
35.7 19.44 20.7 16.26 137.54 -0.26
55.84 28.85 47.69 27 123.31 2.81
52.42 19.01 35.87 33.41 116.56 1.69
46.44 8.4 29.04 38.05 115.48 2.05
53.85 19.23 32.78 34.62 121.67 5.33
66.29 26.33 47.5 39.96 121.22 -0.8
56.03 16.3 62.28 39.73 114.02 -2.33
50.91 23.02 47 27.9 117.42 -2.53
48.33 22.23 36.18 26.1 117.38 6.48
41.35 16.58 30.71 24.78 113.27 -4.5
40.56 17.98 34 22.58 121.05 -1.54
41.77 17.9 20.03 23.87 118.36 2.06
55.29 20.44 34 34.85 115.88 3.56
74.43 41.56 27.7 32.88 107.95 5
30.15 11.92 34 18.23 112.68 11.46
41.17 17.32 33.47 23.85 116.38 -9.57
43.35 7.47 28.07 35.88 112.78 5.75
46.86 15.35 38 31.5 116.25 1.66
43.2 19.66 35 23.54 124.85 -2.92
48.11 14.93 35.56 33.18 124.06 7.95
89.68 32.7 83.13 56.98 129.96 92.03
44.53 9.43 52 35.1 134.71 29.11
77.69 21.38 64.43 56.31 114.82 26.93
76.15 21.94 82.96 54.21 123.93 10.43
83.93 41.29 62 42.65 115.01 26.59
78.49 22.18 60 56.31 118.53 27.38
72.08 18.95 51 53.13 114.21 1.01
58.6 -0.26 51.5 58.86 102.04 28.06
72.56 17.39 52 55.18 119.19 32.11
86.9 32.93 47.79 53.97 135.08 101.72
84.97 33.02 60.86 51.95 125.66 74.33
70.22 39.82 68.12 30.4 148.53 145.38
58.78 7.67 53.34 51.12 98.5 51.58
47.74 12.09 39 35.66 117.51 21.68
88.62 29.09 47.56 59.53 121.76 51.81
81.1 24.79 77.89 56.31 151.84 65.21
45.44 9.91 45 35.54 163.07 20.32
59.79 17.88 59.21 41.91 119.32 22.12
56.61 16.8 42 39.81 127.29 24.02
81.66 28.75 58.23 52.91 114.77 30.61
70.95 20.16 62.86 50.79 116.18 32.52
85.35 15.84 71.67 69.51 124.42 76.02
58.1 14.84 79.65 43.26 113.59 50.24
94.17 15.38 67.71 78.79 114.89 53.26
74.72 19.76 82.74 54.96 109.36 33.31
58.52 13.92 41.47 44.6 115.51 30.39
84.59 30.36 65.48 54.22 108.01 25.12
70.4 13.47 61.2 56.93 102.34 25.54
49.78 6.47 53 43.32 110.86 25.34
77.41 29.4 63.23 48.01 118.45 93.56
65.01 27.6 50.95 37.41 116.58 7.02
68.61 15.08 63.01 53.53 123.43 39.5
85 29.61 83.35 55.39 126.91 71.32
42.02 -6.55 67.9 48.58 111.59 27.34
80.99 36.84 86.96 44.14 141.09 85.87
65.54 24.16 45.78 41.38 136.44 16.38
60.75 15.75 43.2 45 113.05 31.69
83.88 23.08 87.14 60.8 124.65 80.56
80.07 48.07 52.4 32.01 110.71 67.73
74.72 14.32 32.5 60.4 107.18 37.02
70.68 21.7 59.18 48.97 103.01 27.81
69.78 13.78 58 56 118.93 17.91
83.4 34.31 78.42 49.09 110.47 49.67
72.05 24.7 79.87 47.35 107.17 56.43
85.1 21.07 91.73 64.03 109.06 38.03
69.56 15.4 74.44 54.16 105.07 29.7
89.5 48.9 72 40.6 134.63 118.35
60.63 20.6 64.54 40.03 117.23 104.86
55.08 -3.76 56 58.84 109.92 31.77
65.76 9.83 50.82 55.92 104.39 39.31
81.11 20.69 60.69 60.42 94.02 40.51
48.03 3.97 58.34 44.06 125.35 35
63.4 14.12 48.14 49.29 111.92 31.78
57.29 15.15 64 42.14 116.74 30.34
41.19 5.79 42.87 35.39 103.35 27.66
92.03 35.39 77.42 56.63 115.72 58.06
67.26 7.19 51.7 60.07 97.8 42.14
53.94 9.31 43.1 44.64 124.4 25.08
83.7 20.27 77.11 63.43 125.48 69.28
56.99 6.87 57.01 50.12 109.98 36.81
72.34 16.42 59.87 55.92 70.08 12.07
95.38 24.82 95.16 70.56 89.31 57.66
44.25 1.1 38 43.15 98.27 23.91
64.81 15.17 58.84 49.64 111.68 21.41
78.4 14.04 79.69 64.36 104.73 12.39
56.67 13.46 43.77 43.21 93.69 21.11
50.83 9.06 56.3 41.76 79 23.04
61.41 25.38 39.1 36.03 103.4 21.84
80.82 19.24 61.64 61.58 89.47 44.17
68.72 49.43 68.06 19.29 125.02 54.69
37.9 4.48 24.71 33.42 157.85 33.61
64.62 15.23 67.63 49.4 90.3 31.33
75.44 31.54 89.6 43.9 106.83 54.97
71 37.52 84.54 33.49 125.16 67.77
91.47 24.51 84.62 66.96 117.31 52.62
60.42 5.27 59.81 55.15 109.03 30.27
43.72 9.81 52 33.91 88.43 40.88
72.64 18.93 68 53.71 116.96 25.38
63.77 12.76 65.36 51.01 89.82 56
75.3 16.67 61.3 58.63 118.88 31.58
63.36 20.02 67.5 43.34 131 37.56
67.51 33.28 96.28 34.24 145.6 88.3
73.64 9.71 63 63.92 98.73 26.98
80.11 33.94 85.1 46.17 125.59 100.29
87.68 20.37 93.82 67.31 120.94 76.73
48.26 16.42 36.33 31.84 94.88 28.34
