1.134 1.127 1.14 5 3.989 5 2.825 2.799 2.586 2.61 1.561 1.248 0.993 0.983 0.993 1.014 1.228 1.248 0.615 0.606 0.616 0.734 1.052 1.053
1.152 1.145 2.144 5 3.996 5 2.822 2.792 2.573 2.597 1.741 4.924 0.976 0.966 0.975 1 0.676 1.237 0.622 0.612 0.623 0.751 1.071 1.071
1.551 1.539 1.549 1.571 1.602 1.551 1.426 3.195 5 3.772 5 2.097 1.432 1.421 1.437 1.037 0.725 0.53 0.51 0.5 0.508 5 0.84 1.269
1.756 1.983 1.994 1.855 5 2.099 3.198 3.021 3.038 3.411 4.077 1.609 5 0.942 1.182 1.175 0.834 0.71 0.681 0.679 0.686 5 5 1.645
2.22 2.208 5 1.94 2.308 3.2 4.149 2.935 3.239 3.25 3.992 1.375 5 5 1.05 1.037 0.859 0.957 0.751 0.741 0.75 5 5 1.749
2.238 2.227 5 1.928 3.984 3.203 4.161 2.928 2.948 3.236 3.993 1.356 5 5 1.04 1.029 0.851 0.914 0.759 0.748 0.758 5 5 1.765
2.329 2.265 5 1.875 2.318 3.198 4.17 2.914 2.931 3.196 3.975 1.316 5 1.146 1.021 1.008 0.835 0.845 0.777 0.763 0.773 5 1.291 1.808
1.168 5 2.408 2.696 2.639 2.15 2.218 3.847 5 5 2.812 2.827 1.824 5 5 0.772 0.764 0.868 0.85 0.835 0.727 0.849 0.874 0.903
5 5 1.955 2.449 2.659 2.668 2.241 3.827 5 2.791 2.777 2.977 1.775 3.825 0.919 0.752 0.741 0.747 0.877 0.856 0.816 0.752 0.868 0.93
1.006 5 5 2.564 2.722 2.725 5 2.085 3.708 2.66 2.635 2.634 2.774 5 5 0.792 0.687 0.687 0.7 0.736 0.77 0.952 0.962 1.086
1.029 5 1.898 2.591 2.737 2.733 5 2.09 3.68 5 2.607 2.595 2.734 5 5 0.764 0.681 0.676 0.689 0.721 0.423 0.982 0.917 1.016
0.997 2.135 3.091 4.155 5 2.199 1.874 3.21 5 5 1.916 1.897 1.908 1.927 2.067 5 0.539 0.533 0.542 0.573 0.947 0.939 0.949 0.972
1.026 5 3.123 4.169 5 2.186 1.857 3.193 5 5 1.881 1.859 1.87 1.892 2.032 5 0.532 0.526 0.535 0.567 0.978 0.969 0.979 1.002
0.981 0.991 1.726 2.265 3.079 3.093 5 5 5 5 1.278 1.293 2.553 5 5 0.628 0.615 0.624 0.642 0.667 0.965 0.945 0.933 0.969
1.683 5 1.74 2.28 3.08 3.095 5 5 5 5 1.262 1.277 2.551 5 5 0.621 0.608 0.617 0.635 0.66 0.983 0.963 0.952 0.981
0.687 0.72 1.588 1.559 1.551 1.557 5 1.594 2.521 2.526 3.04 5 5 5 0.94 0.685 0.665 0.694 5 5 0.69 0.673 0.661 0.672
5 2.121 2.057 1.71 1.7 1.708 5 1.749 2.808 2.818 2.63 2.662 5 5 5 0.589 0.575 0.584 0.605 0.63 1.101 1.088 1.074 1.179
1.392 1.395 2.338 1.811 1.804 1.813 5 1.854 2.309 2.368 2.353 2.484 2.691 5 5 5 0.494 0.497 0.589 0.538 1.36 1.35 1.338 1.347
1.703 5 2.672 1.97 1.957 1.957 1.971 1.992 2.106 2.029 2.004 2 2.015 2.538 5 1.591 5 4.195 5 0.515 0.706 1.71 1.689 1.69
5 2.255 2.264 1.942 1.934 1.562 5 1.385 1.4 1.417 1.446 1.283 1.202 1.158 1.171 1.189 1.1 2.335 2.328 2.295 2.306 4.638 2.366 5
0.792 3.657 5 2.689 2.674 2.166 2.238 1.4 4.863 1.354 1.344 1.353 1.592 1.182 1.697 0.751 0.741 0.752 0.775 0.844 0.796 0.776 0.765 0.777
0.845 3.758 3.698 5 2.255 2.238 2.613 1.355 5 1.307 1.292 1.303 1.419 1.538 1.557 0.729 0.717 0.726 0.748 0.889 0.85 0.898 0.819 0.827
0.92 3.818 3.798 2.739 2.723 2.728 2.603 1.294 4.888 1.247 1.231 1.232 1.278 1.472 5 0.709 0.693 0.705 5 5 0.908 0.93 0.887 0.891
1.081 3.96 5 2.5 2.775 2.775 2.578 1.13 5 1.082 1.062 1.063 1.305 1.302 0.923 0.653 0.636 0.65 5 5 1.008 5 1.055 1.059
0.539 0.583 5 1.278 1.254 4.778 4.777 4.207 5 2.926 2.909 2.166 1.655 1.778 0.904 0.872 0.859 0.873 0.902 0.711 1.436 0.497 0.502 0.574
0.7 0.63 5 1.308 1.279 1.294 4.748 1.346 5 2.929 2.854 1.717 1.692 1.719 0.96 0.854 0.83 0.842 0.867 0.896 0.564 0.563 0.553 0.569
0.802 5 5 1.339 1.319 1.327 1.351 1.378 5 2.861 2.318 1.63 1.608 5 0.948 0.833 0.79 0.802 0.824 0.856 0.64 1.489 0.625 0.643
1.28 1.767 1.764 1.781 3.15 4.413 3.048 4.005 5 5 1.733 1.655 1.367 1.01 5 0.548 0.534 0.543 0.57 0.587 1.2 1.209 1.19 1.233
0.612 1.538 1.553 1.814 2.023 5 3.21 3.19 5 3.77 5 5 1.447 1.418 1.429 1.042 0.736 0.548 0.509 0.498 0.503 0.589 0.572 0.595
0.659 1.662 1.667 1.682 1.734 2.073 1.841 3.137 5 3.667 5 5 1.971 1.297 1.428 0.981 0.964 0.613 0.576 0.556 0.582 0.717 0.878 0.635
0.71 1.768 1.769 1.784 5 1.848 5 3.087 5 3.572 5 5 5 5 1.351 1.34 0.926 1.393 0.63 0.61 0.617 0.64 0.915 0.693
0.777 1.894 1.895 5 2.875 5 3.176 3.024 5 3.452 5 5 1.704 1.511 1.714 1.255 1.245 0.891 0.696 0.676 0.68 0.709 5 1.661
0.845 2.019 2.027 5 2.964 1.856 3.159 2.96 5 3.334 5 5 1.562 1.383 0.917 1.177 1.003 0.796 0.76 0.73 0.751 0.78 5 1.596
1.938 2.218 2.15 5 5 1.893 5 2.905 2.905 2.92 3.29 3.971 1.417 1.257 1.618 1.58 1.104 1.115 0.854 0.785 0.788 0.814 0.843 0.872
1.938 5 2.149 5 3.058 1.893 5 2.906 2.905 5 3.29 3.968 1.417 1.257 1.615 1.573 1.104 1.115 0.854 0.788 0.784 0.814 0.839 0.868
1.94 2.216 2.152 2.188 3.058 5 5 2.915 2.903 2.477 5 3.968 1.412 1.275 1.606 1.116 1.106 1.107 0.852 0.817 0.781 0.814 0.838 0.87
1.95 2.222 2.157 2.187 5 5 5 2.96 2.899 3.232 5 5 1.405 1.273 1.604 1.114 1.087 1.105 0.853 0.82 0.782 0.818 0.842 0.871
2.144 2.338 2.327 2.342 5 3.869 3.884 4.184 2.394 3.074 1.973 3.869 1.437 5 1.07 0.653 1.048 0.904 1.058 0.904 0.89 0.904 5 5
2.02 2.385 2.38 2.399 5 3.845 4.206 2.768 2.35 2.778 1.915 3.818 5 5 1.018 0.626 1.042 0.908 0.908 0.918 0.926 0.944 5 1.602
2.315 2.47 2.47 2.498 5 3.762 4.233 2.276 2.701 2.714 1.812 3.77 0.988 0.939 0.938 0.952 1.042 0.995 0.911 0.992 0.986 4.233 1.391 1.782
1.284 1.478 2.472 2.645 2.624 2.634 5 2.682 3.096 2.653 2.64 2.665 1.681 5 5 0.789 0.778 0.785 0.808 0.99 0.949 0.91 1.004 1.44
5 1.559 2.559 2.684 2.669 2.682 5 2.011 5 2.549 2.536 2.554 1.571 3.644 5 0.747 0.736 0.742 0.764 0.507 0.966 0.981 1.074 5
1.135 1.587 2.571 2.687 2.675 2.684 5 2.578 2.559 2.533 2.522 2.541 1.556 3.641 5 0.742 0.73 0.736 0.762 0.785 0.979 0.99 1.082 1.122
1.22 1.276 2.561 2.743 2.731 5 1.703 1.805 5 2.397 2.386 2.545 2.541 3.535 5 0.688 0.677 0.682 0.616 0.598 0.58 0.597 1.178 1.317
1.562 5 3.027 4.11 5 1.902 1.908 3.254 5 2.002 1.991 2.003 2.022 1.007 5 0.546 0.533 0.539 0.561 0.582 0.854 0.901 1.479 1.73
1.571 5 3.047 4.119 5 1.902 1.944 3.259 5 1.983 1.973 1.986 1.758 0.991 5 0.539 0.526 0.534 0.554 0.575 0.867 0.883 1.496 1.753
2.033 5 3.078 5 2.665 1.903 5 3.211 5 1.946 1.937 1.942 1.715 0.95 5 0.525 0.512 0.518 0.54 0.565 0.894 0.906 1.533 1.577
1.668 2.391 2.879 1.724 5 4.561 4.56 1.722 1.698 1.708 1.747 1.762 5 1.139 1.101 1.113 1.143 1.341 1.773 0.579 0.578 0.591 0.621 0.645
1.707 2.428 2.913 1.763 1.812 4.586 4.585 1.685 1.676 1.683 2.726 1.573 5 5 1.066 1.078 1.108 1.328 1.336 0.604 0.597 0.61 0.636 0.663
1.748 2.463 2.679 5 5 5 5 1.661 1.621 1.662 2.714 5 5 1.046 1.031 1.043 1.066 1.099 1.322 0.634 0.618 0.631 0.656 0.683
1.789 2.504 2.706 5 5 5 5 1.634 1.592 1.637 1.659 1.464 1.032 1.004 0.998 1.011 1.031 1.288 0.668 0.743 0.638 0.656 0.677 0.704
1.81 2.523 2.721 5 5 5 1.678 1.625 1.578 1.632 1.65 1.444 5 0.987 0.982 1.004 1.014 1.041 0.683 0.657 0.653 0.664 0.688 0.715
0.924 0.95 1.917 1.662 1.654 1.661 5 2.951 2.944 2.563 2.801 2.817 3.37 5 5 0.62 0.607 0.621 0.728 5 5 0.902 0.888 0.9
1.52 2.001 2.541 1.959 1.948 1.986 2.076 1.994 2.618 2.222 2.199 2.199 2.217 2.698 5 5 5 5 1.592 0.504 1.522 1.504 1.489 1.497
2.428 2.486 2.142 1.413 1.788 1.361 1.348 1.356 1.502 1.705 1.718 0.951 0.942 0.949 5 5 0.974 0.99 0.769 2.344 4.288 3.499 5 2.495
2.435 2.507 2.144 1.404 1.796 1.352 1.343 1.358 1.491 1.691 1.701 0.932 0.921 0.925 5 0.979 0.966 0.983 0.773 2.359 4.296 3.518 5 2.474
0.752 5 3.625 2.695 2.685 5 2.649 1.44 1.949 1.395 1.38 1.384 1.409 1.62 5 0.751 0.735 0.735 0.781 0.813 0.766 5 0.731 0.735
1.087 5 3.922 2.803 2.777 2.781 2.461 1.132 1.807 1.083 1.064 1.065 1.2 1.303 0.927 0.647 0.631 0.649 0.721 5 1.002 1.02 1.048 1.056
0.648 0.613 1.226 1.382 1.372 1.387 5 1.428 5 5 2.41 1.668 1.65 5 0.926 0.744 0.733 0.74 0.762 0.995 0.561 0.543 0.532 0.541
0.663 0.629 1.244 1.389 1.379 1.398 5 1.432 5 5 2.848 1.65 1.632 5 0.908 0.737 0.726 0.732 0.755 1 0.577 0.56 0.549 0.558
0.776 5 1.412 1.421 1.467 1.488 5 4.111 5 5 5 2.161 1.728 1.415 1.44 0.664 0.643 0.644 0.665 0.795 0.803 1.114 0.756 0.756
0.791 0.84 1.432 1.498 5 1.476 5 4.109 5 5 5 2.144 1.711 1.391 1.414 0.674 0.638 0.635 0.652 0.799 1.102 1.118 0.783 0.778
0.859 0.886 1.491 1.502 5 1.545 5 4.078 5 5 5 2.071 1.342 1.322 1.339 0.692 0.619 0.614 0.627 0.669 0.898 1.148 0.861 0.85
0.876 0.904 1.506 1.543 5 1.55 5 4.066 5 5 5 2.053 1.325 1.305 1.318 0.737 0.625 0.61 0.622 0.829 0.917 1.159 0.88 0.868
0.895 0.922 1.52 1.531 5 1.557 5 4.058 5 5 5 2.034 1.305 1.288 1.304 0.735 0.631 0.605 0.618 0.761 0.935 1.171 0.895 0.886
1.092 1.121 1.673 5 1.61 3.118 5 3.965 5 5 5 1.849 1.758 1.111 1.845 0.599 0.567 0.562 0.574 5 0.939 1.313 1.108 1.082
1.529 1.532 1.551 5 2.017 1.933 3.198 5 3.778 3.78 5 1.449 1.403 1.406 1.385 1.392 0.545 0.515 0.501 0.497 0.523 0.727 1.044 1.272
1.619 1.616 1.63 5 1.678 1.822 3.257 3.174 4.398 3.711 5 2.018 1.346 1.343 1.318 1.319 0.571 0.544 0.526 0.518 0.53 0.741 1.362 1.348
1.637 1.632 1.647 5 1.697 1.831 3.257 3.169 4.395 3.698 5 2.007 1.329 1.326 1.305 1.306 0.576 0.555 0.534 0.523 0.535 0.714 1.131 1.365
1.435 1.686 1.698 1.725 1.754 1.822 3.251 3.151 3.678 3.661 5 5 1.274 1.271 1.267 1.267 0.597 0.566 0.548 0.54 0.552 0.688 0.971 1.416
1.547 1.798 1.812 5 5 3.247 3.145 3.117 3.584 3.575 5 5 1.624 1.16 1.191 1.188 0.842 0.599 0.584 0.576 0.589 5 1.544 1.532
1.683 1.936 5 2.896 5 3.25 3.114 3.079 3.477 3.491 5 1.698 1.48 1.026 1.186 1.104 0.777 0.641 0.63 0.619 0.631 2.023 1.686 1.671
1.994 2.562 2.511 5 5 3.265 3.259 2.884 2.866 2.881 1.936 3.921 5 0.936 0.945 0.457 0.873 0.862 0.738 0.79 0.789 0.826 0.854 5
0.922 5 1.67 2.455 2.669 2.751 5 3.273 3.261 2.798 2.78 2.782 1.774 3.844 0.914 0.741 0.728 0.74 0.874 0.845 0.8 0.74 0.871 0.879
0.944 5 1.71 2.466 2.674 2.735 5 2.168 3.251 3.257 2.761 2.762 2.904 3.833 0.905 0.738 0.721 0.727 0.755 0.862 0.766 0.756 0.869 0.894
0.919 5 1.693 2.474 2.679 5 5 2.163 3.244 2.776 2.751 2.751 2.893 3.822 5 0.734 0.717 0.723 0.742 0.869 0.77 0.765 0.872 0.905
1.055 5 5 2.574 2.727 2.727 5 2.14 3.148 2.64 2.616 2.622 2.639 5 4.405 0.773 0.676 0.676 0.69 0.723 0.76 0.957 0.967 0.991
1.145 1.193 2.002 2.645 2.758 2.755 5 3.095 3.082 3.085 2.535 2.52 2.533 5 3.654 0.72 0.655 0.552 0.663 0.696 0.458 0.954 0.975 1.081
0.781 0.804 1.563 2.9 2.848 2.837 5 3.411 2.848 2.88 2.182 2.174 1.967 1.182 3.421 0.606 0.576 0.572 0.588 0.612 0.723 0.71 0.722 1.48
1.547 5 1.622 5 5 5 5 2.189 2.814 2.827 2.123 2.118 1.907 1.126 3.377 5 0.562 0.558 2.184 5 0.765 0.753 0.765 0.793
0.982 5 3.113 4.152 5 2.885 1.927 2.695 2.68 2.696 1.898 1.889 1.899 1.921 2.046 0.536 0.504 0.499 0.508 0.543 0.933 0.924 0.935 0.957
0.701 2.419 5 5 5 1.724 1.7 1.681 1.696 1.734 2.07 1.1 5 1.068 1.08 1.281 1.022 1.331 0.597 0.584 0.59 5 4.572 1.704
0.744 2.533 2.734 5 5 1.668 1.652 1.626 1.632 1.649 1.967 0.992 0.971 0.957 0.968 1.275 1.237 0.679 0.652 0.636 0.64 5 4.641 1.273
0.75 2.55 2.749 5 5 1.658 1.643 1.616 1.617 1.633 1.946 0.973 0.952 0.936 0.946 1.255 1.205 0.685 0.659 0.646 0.65 5 4.652 0.743
0.768 2.569 2.777 5 5 1.652 1.64 1.609 1.604 1.619 1.928 0.956 0.933 0.917 0.928 1.246 1.188 0.698 0.672 0.655 0.66 5 4.659 1.314
1.276 1.283 2.446 2.45 3.101 5 5 1.076 2.665 1.029 1.013 1.018 1.259 1.264 1.281 0.572 0.559 0.567 0.583 0.608 1.257 1.241 1.226 1.248
1.354 1.592 1.632 1.78 1.773 1.781 5 1.821 2.52 2.377 2.362 2.387 2.703 5 5 5 0.514 0.513 0.618 0.555 1.355 1.485 1.325 1.347
1.388 1.402 1.644 1.788 1.78 1.789 5 1.828 2.508 2.358 2.343 2.368 2.683 5 5 5 0.519 0.507 0.586 0.549 1.37 1.377 1.344 1.38
1.562 1.572 2.486 1.858 1.848 1.863 1.985 1.897 2.399 2.18 2.164 2.172 2.496 2.725 5 5 5 5 0.524 0.728 1.548 1.532 1.52 1.529
1.642 2.035 1.942 1.895 1.885 1.899 5 1.974 2.463 2.079 2.061 2.066 2.088 2.618 1.823 5 5 5 3.107 0.588 0.85 1.632 1.62 1.629
2.067 2.225 1.612 1.174 1.136 1.121 1.122 1.153 1.54 1.546 0.955 0.944 0.963 0.971 5 1.149 5 1.003 2.566 5 3.656 3.65 5 2.463
2.107 1.635 1.625 1.637 1.164 1.114 1.131 1.175 1.512 1.525 0.966 0.904 0.92 0.946 1.127 5 5 1.039 2.587 2.608 2.632 5 2.324 2.498
0.661 0.6 5 5 1.333 1.347 4.795 1.402 5 2.986 2.477 1.709 1.696 1.709 5 0.82 0.773 0.785 0.806 0.572 0.529 0.517 0.508 0.533
1.234 1.271 1.278 1.81 5 3.176 3.196 4.579 5 5 5 1.681 1.609 1.298 0.966 0.547 0.509 0.501 0.511 0.633 0.57 1.014 1.274 1.222
2.176 2.41 5 5 5 3.241 3.237 2.89 2.894 2.908 2.01 4.82 1.01 0.99 1.55 0.935 0.91 0.766 0.788 0.774 0.794 4.237 5 1.565
2.19 2.422 2.482 5 5 3.24 3.236 2.884 2.888 2.904 3.964 1.02 0.997 0.978 1.535 0.93 0.865 0.764 0.793 0.779 0.794 5 1.144 1.558
2.198 2.429 2.464 5 5 3.24 3.239 2.878 2.882 2.896 3.933 4.792 0.992 0.968 1.532 0.928 0.909 0.763 0.798 0.783 0.799 0.836 1.154 5
0.899 5 2.446 2.443 2.66 2.672 5 3.28 3.271 2.805 2.791 2.802 1.789 3.859 0.93 0.751 0.738 0.744 0.861 0.843 0.748 0.737 0.865 0.882
0.904 5 2.454 2.451 2.661 2.676 5 3.273 3.264 2.794 2.78 2.791 2.121 3.853 0.915 0.746 0.734 0.743 0.868 0.85 0.751 0.745 0.876 0.906
0.922 5 2.467 2.463 2.668 2.696 5 3.262 3.253 2.778 2.764 2.772 1.757 3.841 0.902 0.741 0.728 0.74 0.758 0.861 0.767 0.758 0.888 0.928
0.887 5 5 4.1 2.975 2.835 5 2.138 2.747 2.756 2.041 2.032 2.043 2.061 2.095 0.587 0.565 0.559 0.568 0.596 0.633 0.832 0.843 0.866
1.251 1.275 1.306 5 5 4.321 5 1.806 2.458 2.44 2.446 1.557 1.545 1.54 1.556 1.578 0.545 0.518 0.504 0.499 0.512 2.24 1.248 1.239
1.272 1.292 1.326 5 5 4.333 5 1.798 1.824 2.421 2.425 1.536 1.523 1.518 1.533 1.554 0.551 0.585 0.509 0.504 0.517 4.338 1.273 1.261
1.362 1.394 1.417 3.461 5 4.38 1.783 1.76 1.77 1.791 1.816 1.449 1.645 1.426 1.437 1.276 0.583 0.556 0.538 0.53 0.542 4.384 0.618 1.355
1.38 1.405 1.429 3.466 5 4.389 1.776 1.753 1.763 2.324 1.809 1.431 1.456 1.408 1.419 1.44 0.59 0.559 0.543 0.535 0.544 4.397 0.61 1.373
0.993 1.025 1.71 2.243 3.011 3.073 5 1.366 5 1.319 1.3 1.308 1.547 1.55 1.571 0.661 0.649 0.657 0.675 0.7 0.979 0.961 0.949 1.022
1.008 5 1.726 2.257 3.021 3.074 5 1.344 5 1.296 1.281 1.32 1.527 1.531 1.555 0.655 0.643 0.651 0.672 0.691 1 0.979 0.968 1.069
2.647 1.276 2.437 2.438 3.121 5 5 1.114 5 1.063 1.048 1.052 1.289 1.292 2.053 0.575 0.562 0.577 0.588 0.61 1.231 1.215 1.2 1.228
0.627 0.651 1.51 1.482 1.476 1.482 1.755 1.525 2.54 3.126 3.109 5 5 5 1.022 0.782 0.77 0.777 0.802 1.082 0.624 0.605 0.597 0.604
2.229 2.217 2.22 2.228 1.696 1.674 1.678 1.382 5 1.455 1.805 1.275 1.261 1.211 1.272 5 5 2.351 0.834 2.313 2.317 2.356 2.409 3.367
1.216 4.002 4.008 2.771 2.751 2.306 2.372 1.668 4.901 0.958 0.934 0.934 0.955 1.219 1.272 0.682 0.662 0.671 0.741 5 1.124 5 1.186 1.186
0.808 5 1.448 1.454 1.48 1.549 5 4.117 5 5 5 2.126 1.692 1.385 1.414 0.648 0.627 0.632 0.651 0.803 1.108 1.132 0.794 0.794
0.935 0.964 1.556 1.568 1.577 1.594 5 4.062 5 5 5 1.998 1.278 1.252 1.276 0.667 0.589 0.588 0.602 0.632 0.973 1.191 0.954 0.923
1.575 1.573 1.585 1.619 1.638 1.672 3.277 3.201 4.431 3.767 5 5 1.398 1.379 1.355 0.957 0.7 0.522 0.507 0.499 0.511 0.717 1.061 1.3
1.736 1.98 1.993 2.018 5 2.087 3.242 3.058 3.075 3.449 5 1.633 5 0.945 1.167 1.087 0.714 0.677 0.647 0.647 0.654 5 5 1.63
1.885 2.575 2.359 5 5 3.97 3.252 2.938 2.925 3.218 2.055 3.977 1.418 1.054 1.595 0.954 0.937 0.775 0.779 0.758 0.769 0.781 1.005 5
0.918 5 2.46 2.893 2.662 2.675 5 3.267 3.256 2.784 2.771 2.783 1.767 3.87 0.917 0.748 0.74 0.747 0.77 0.866 0.829 0.767 0.888 0.916
0.921 5 2.459 2.463 2.663 2.673 5 2.726 3.257 2.784 2.771 2.817 1.763 3.86 0.912 0.75 0.739 0.745 0.771 0.866 0.825 0.763 0.889 0.907
0.921 5 2.038 2.892 2.662 2.675 5 2.83 3.254 2.781 2.768 2.786 1.764 3.851 0.911 0.75 0.739 0.746 0.771 0.868 0.831 0.769 0.895 0.91
0.99 1.43 2.564 2.553 2.719 2.765 5 3.195 3.185 2.691 2.662 2.665 2.803 3.762 5 0.71 0.692 0.697 0.716 0.738 0.87 0.935 0.948 0.979
1.022 5 5 2.585 2.737 2.738 2.761 3.168 3.158 2.641 2.62 2.623 2.64 5 3.741 0.78 0.678 0.678 0.692 0.735 0.972 0.965 0.975 0.999
0.746 1.486 1.532 4.035 5 2.838 5 2.893 2.883 2.888 2.227 2.215 2.229 1.214 3.454 0.613 0.587 0.582 0.592 0.638 0.665 0.69 0.702 0.724
0.816 5 1.609 3.333 5 5 5 2.143 2.834 2.891 2.148 2.139 1.933 2.176 2.203 5 0.573 0.565 0.577 1.692 0.756 0.748 0.759 0.78
1.847 2.556 2.739 5 1.67 1.632 1.611 1.595 1.599 1.619 1.948 1.002 0.981 0.97 0.981 1.286 1.022 0.712 0.691 0.678 0.69 5 4.662 0.782
0.958 0.982 1.028 2.229 2.999 3.051 5 1.384 5 1.338 1.323 1.377 1.576 1.581 1.593 0.678 0.666 0.673 0.694 0.717 0.957 0.94 0.929 0.99
1.108 1.142 2.341 2.357 3.083 5 5 5 1.208 1.181 1.17 1.179 1.415 1.426 1.444 0.618 0.61 0.617 0.643 0.664 1.109 1.09 1.08 1.09
1.127 2.369 2.354 2.369 3.128 5 5 1.213 1.188 1.161 1.151 1.16 1.395 1.409 1.418 0.61 0.602 0.609 0.742 0.657 1.128 1.11 1.099 1.112
1.559 1.735 1.609 1.934 1.916 1.911 1.93 2.559 2.547 2.559 2.227 2.155 2.17 2.705 5 5 5 5 5 0.507 0.747 1.573 1.552 1.547
2.427 2.402 2.311 2.091 1.729 1.32 1.311 1.324 1.484 1.714 5 1.01 0.999 1.009 5 1.061 1.049 5 0.825 2.398 4.272 3.501 3.522 2.438
0.828 3.737 3.681 2.708 2.688 2.722 2.627 1.394 4.884 1.345 1.333 1.351 1.583 1.584 3.586 0.748 0.736 0.748 5 5 0.816 0.812 0.783 0.797
0.854 0.91 3.728 2.732 2.716 2.712 2.623 1.898 1.888 1.302 1.28 1.28 1.296 1.521 1.534 0.739 0.718 0.719 0.745 0.898 0.883 0.895 0.846 0.845
0.89 0.942 3.76 2.738 2.724 2.724 2.612 1.87 1.87 1.272 1.248 1.247 1.264 1.492 1.505 0.793 0.709 0.71 0.732 0.914 0.906 0.917 0.878 0.877
0.982 1.02 1.039 5 2.752 2.747 2.483 1.821 1.829 1.187 1.159 1.154 1.167 1.401 1.005 0.707 0.682 0.684 0.708 5 0.962 0.973 0.973 0.969
1.084 1.13 1.139 2.818 2.773 2.772 2.452 1.766 5 1.171 1.057 1.053 1.072 1.307 0.922 5 0.654 0.656 0.681 5 1.023 1.037 1.072 1.068
1.108 1.15 1.156 5 2.778 2.589 2.444 1.759 5 1.148 1.037 1.032 1.048 1.287 0.905 3.48 0.648 0.65 0.672 5 1.036 1.052 1.089 1.089
0.547 0.591 5 1.326 1.327 5 5.005 4.223 5 3 2.719 1.735 1.554 5 5 0.799 0.798 0.812 0.842 0.538 0.539 0.498 0.511 0.58
0.822 5 1.445 1.452 1.477 1.489 5 4.11 5 5 5 2.129 1.698 1.391 1.412 0.658 0.638 0.643 0.661 0.814 1.118 1.142 0.797 0.801
0.82 5 1.446 1.453 1.48 1.514 5 4.109 5 5 5 2.127 1.697 1.389 1.418 0.658 0.638 0.643 0.664 0.815 1.12 0.823 0.799 0.802
0.825 5 1.448 1.455 1.477 1.54 5 4.108 5 5 5 2.125 1.695 1.387 1.416 0.657 0.637 0.642 0.661 0.816 1.121 0.829 0.801 0.805
0.83 5 1.452 1.459 1.482 1.541 5 4.105 5 5 5 2.12 1.69 1.382 1.415 0.656 0.636 0.641 0.662 0.682 1.124 1.145 0.806 0.809
0.907 0.953 0.97 1.539 1.544 1.567 5 4.073 5 5 5 2.04 1.604 1.291 1.314 0.65 0.608 0.607 0.624 0.661 0.942 1.179 0.941 0.895
0.924 0.973 0.986 1.552 1.571 1.575 5 4.066 5 5 5 2.019 1.587 1.275 1.298 0.646 0.606 0.603 0.62 0.852 0.956 1.189 0.926 0.912
1.319 1.346 1.379 1.875 3.205 3.201 5 3.906 5 1.693 1.669 1.624 1.545 0.91 1.651 0.595 0.509 0.504 0.517 0.639 1.054 1.414 1.311 1.306
1.54 1.535 1.55 1.587 1.599 1.813 3.279 3.221 4.473 3.798 5 5 1.438 1.405 1.391 0.754 0.725 0.518 0.503 0.495 0.506 1.617 1.016 1.267
1.392 1.646 1.656 1.679 1.704 1.835 3.27 3.181 3.208 3.708 5 1.992 1.334 1.323 1.307 1.306 0.708 0.552 0.536 0.526 0.534 0.663 0.928 1.375
2.138 2.372 2.407 5 5 3.247 3.242 2.913 2.917 2.931 2.045 1.082 5 1.04 1.586 0.956 0.873 0.784 0.786 0.774 0.791 0.817 5 1.554
2.148 2.38 2.383 5 5 3.249 3.241 2.909 2.913 2.927 2.04 1.075 5 1.032 1.582 0.956 0.915 0.782 0.786 0.776 0.791 0.811 5 1.559
2.015 2.5 2.45 5 5 3.243 3.238 2.885 2.886 2.901 1.994 3.952 1.032 0.983 1.556 0.544 0.927 0.779 0.814 0.795 0.807 0.836 1.155 5
2.263 2.513 2.493 2.511 5 3.239 3.235 2.852 2.852 2.868 1.933 4.752 0.973 0.93 0.966 0.493 0.916 0.785 0.785 0.824 0.85 0.869 5 1.471
2.281 2.522 2.509 2.523 5 3.237 3.236 2.842 2.842 2.86 1.912 3.917 0.96 0.914 0.968 0.482 0.911 0.903 0.782 0.834 0.862 0.879 5 1.483
0.927 5 1.632 2.442 2.661 5 5 2.166 3.278 2.815 2.804 2.812 1.8 3.874 0.942 0.764 0.752 0.76 0.875 0.857 0.81 0.745 0.867 0.913
0.937 5 1.634 2.448 2.659 5 5 2.165 3.276 2.816 2.801 2.806 1.797 3.872 0.937 0.763 0.751 0.76 0.877 0.859 0.76 0.747 0.87 0.909
0.931 5 2.467 2.463 2.666 2.691 5 3.266 3.259 2.791 2.776 2.781 1.774 3.853 0.914 0.755 0.742 0.75 0.775 0.873 0.83 0.767 0.895 0.919
0.946 5 5 4.137 5 2.878 5 2.07 2.727 2.735 2.012 1.968 1.982 2.009 2.033 0.562 0.536 0.529 0.537 0.568 0.893 0.883 0.893 0.918
0.954 5 5 4.149 4.16 2.878 1.898 2.061 2.715 2.809 2.062 1.949 2.055 5 3.283 0.555 0.532 0.526 0.534 0.567 0.908 0.898 0.907 0.93
0.969 5 3.107 4.157 4.176 2.88 1.892 2.726 2.703 2.825 1.939 1.93 1.942 1.958 1.987 0.552 0.528 0.522 0.53 0.561 0.923 0.914 0.923 0.945
1.307 1.337 5 3.452 5 4.371 5 1.811 1.824 2.409 1.868 1.499 1.487 1.481 1.497 1.518 0.543 0.516 0.5 0.495 0.508 2.313 5 1.299
1.316 1.343 5 3.458 5 4.376 1.844 1.807 1.818 2.401 1.868 1.49 1.477 1.471 1.486 1.508 0.546 0.521 0.534 0.498 0.511 4.379 1.625 1.308
1.121 1.167 2.086 1.739 1.723 1.724 1.739 1.766 2.261 2.81 2.616 2.612 2.635 5 5 5 0.564 0.563 0.577 0.618 1.314 1.12 1.102 1.103
1.253 1.522 2.201 1.774 1.76 1.76 1.78 1.819 2.718 2.714 2.484 2.473 2.488 5 5 5 0.583 0.53 0.543 0.665 1.286 1.417 1.238 1.24
1.484 1.515 1.535 1.848 1.826 1.822 1.838 2.565 2.552 2.437 2.254 2.233 2.247 2.807 5 5 5 5 0.503 0.637 1.525 1.505 1.476 1.472
1.501 1.532 1.552 1.853 1.831 1.827 1.842 2.551 2.539 2.419 2.233 2.212 2.226 2.788 5 5 5 5 0.502 0.655 1.542 1.522 1.496 1.492
1.521 1.552 1.571 1.882 1.84 1.832 1.847 2.536 2.408 2.53 2.264 2.192 2.207 2.773 5 5 5 5 0.502 0.608 1.561 1.541 1.516 1.512
1.541 1.569 1.591 1.89 1.841 1.837 1.852 2.526 2.394 2.517 2.248 2.172 2.187 2.757 5 1.828 5 5 0.504 0.587 0.797 1.561 1.536 1.532
1.56 1.595 1.611 1.895 1.849 1.841 1.856 2.512 2.39 2.505 2.198 2.152 2.164 2.739 5 1.808 5 5 0.506 0.61 0.812 1.581 1.556 1.554
1.581 1.611 1.634 1.899 1.853 1.846 1.862 2.236 2.488 2.493 2.154 2.132 2.147 2.718 5 1.806 5 5 5 0.602 0.827 1.6 1.575 1.575
1.601 1.632 1.654 1.9 1.855 1.85 1.865 2.22 2.475 2.48 2.191 2.112 2.127 2.699 5 1.783 5 5 0.513 0.585 0.837 1.62 1.595 1.594
1.62 1.654 1.67 1.908 1.859 1.855 1.87 1.977 2.463 2.468 2.115 2.093 2.108 2.13 5 1.764 5 5 4.659 0.591 0.849 1.639 1.614 1.617
4.485 5 2.733 2.704 2.693 2.704 2.487 1.294 1.272 1.248 1.233 1.269 1.378 1.498 1.53 0.74 0.729 0.738 0.761 0.931 0.977 5 2.102 0.864
4.586 3.884 3.923 2.755 2.743 2.334 2.445 1.163 5 1.113 1.098 1.118 1.359 1.361 5 0.688 0.676 0.686 0.757 5 1.01 5 5 5
