0.741 0.776 0.845 0.833 3.849 5 2.931 2.923 2.83 2.412 2.072 1.459 1.367 1.32 1.335 1.363 0.549 0.575 0.504 0.499 0.512 0.724 0.71 0.719
0.828 0.781 0.817 0.848 3.854 5 2.929 2.918 2.824 2.827 2.06 1.463 1.35 1.31 1.325 1.346 0.552 0.578 0.53 0.501 0.751 0.734 0.719 0.731
0.816 0.874 0.885 4.997 3.882 5 5 2.895 2.777 2.773 1.996 1.392 1.262 1.239 1.254 1.273 0.574 0.603 0.532 0.52 0.532 5 0.787 0.897
0.831 0.887 0.898 4.639 3.889 5 2.908 2.89 2.766 2.761 1.981 1.375 1.273 1.223 1.234 1.26 0.583 0.621 0.536 0.525 0.537 5 0.807 0.927
0.958 0.999 1.018 4.642 3.933 5 2.875 2.849 2.685 2.681 1.879 1.318 1.127 1.114 1.126 1.306 0.891 0.588 0.569 0.56 0.572 5 0.917 0.925
0.977 1.018 1.028 4.644 3.944 5 2.868 2.842 2.671 2.666 1.86 1.129 1.107 1.094 1.104 1.129 0.883 0.595 0.576 0.567 0.578 5 0.937 0.945
1 1.037 1.047 4.647 3.952 5 2.854 2.835 2.656 2.653 1.84 1.107 1.088 1.075 1.085 1.107 0.875 0.602 0.582 0.573 0.584 5 0.956 0.961
1.015 1.056 1.066 4.652 3.959 5 2.85 2.827 2.643 2.639 1.825 1.207 1.066 1.056 1.066 1.088 0.868 0.612 0.589 0.58 0.591 5 0.975 0.98
1.033 1.074 1.084 4.653 3.967 5 2.846 2.82 2.629 2.625 1.807 1.305 1.048 1.037 1.047 1.073 1.263 0.615 0.596 0.586 0.597 5 0.994 0.998
0.81 5 1.296 1.308 1.373 1.419 5 1.425 5 2.825 2.723 2.421 1.543 1.54 0.932 0.749 0.736 0.745 0.77 0.79 0.707 0.69 0.675 0.683
1.279 1.763 1.763 1.78 3.158 4.404 5 3.997 5 5 1.725 1.746 1.024 1.009 5 0.556 0.543 0.555 0.581 0.602 1.035 1.411 1.2 1.222
1.558 1.549 1.559 1.581 2.026 1.506 3.251 3.189 5 3.761 5 2.087 1.425 1.414 1.423 1.031 0.728 0.537 0.51 0.504 0.511 5 0.849 1.279
1.565 1.559 1.568 1.594 1.618 1.54 1.429 3.186 4.809 3.756 5 2.076 1.416 1.404 1.414 1.025 0.725 0.568 0.514 0.507 0.514 5 1.61 1.289
1.575 1.569 1.578 2.047 1.627 1.425 1.421 3.182 5 3.744 5 2.065 1.411 1.393 1.406 1.019 0.725 0.545 0.521 0.511 0.519 5 1.62 1.297
1.498 1.742 1.751 1.779 1.577 1.849 3.22 3.116 3.133 3.603 5 1.875 5 1.183 1.239 1.247 0.922 0.613 0.589 0.581 0.588 0.802 5 1.482
1.654 1.891 1.903 5 1.786 1.881 3.207 3.056 4.572 3.481 5 1.712 5 1.03 1.245 1.239 0.865 0.672 0.652 0.642 0.648 5 5 1.642
2.03 2.021 2.031 1.87 5 3.22 3.197 3.007 3.027 3.384 5 1.569 5 5 1.16 1.146 1.161 0.722 0.705 0.695 0.704 5 5 1.685
2.22 2.437 2.551 2.005 2.393 3.895 4.226 2.859 3.462 3.099 3.899 0.992 0.974 0.961 0.973 0.937 0.919 0.776 0.939 0.827 0.835 4.225 5 1.628
2.23 2.447 2.562 2.007 2.387 3.891 4.229 2.855 3.455 3.091 5 0.986 0.964 0.952 1.526 0.934 0.919 0.775 0.936 0.828 0.839 4.228 5 1.642
2.258 2.517 2.557 2.027 2.398 3.912 4.238 2.843 3.436 3.058 3.882 0.961 0.939 0.924 0.951 0.927 0.908 0.775 0.923 0.847 0.857 4.237 5 1.669
2.274 2.51 2.563 2.039 2.402 3.905 4.243 2.836 3.425 3.05 3.879 0.947 0.925 0.91 1.481 0.493 0.904 0.774 0.918 0.853 0.87 4.242 5 1.685
1.132 5 2.455 2.455 2.663 2.675 5 3.821 5 2.783 2.769 2.783 1.767 3.822 0.912 0.75 0.738 0.746 0.883 0.862 0.766 0.758 0.893 0.932
0.985 5 1.866 2.543 2.711 2.715 2.151 2.094 3.733 2.681 2.66 2.66 2.814 5 5 0.734 0.696 0.697 0.714 0.961 0.861 0.932 0.945 0.967
0.991 1.435 5 2.55 2.715 2.716 2.743 2.094 3.723 2.675 2.651 2.656 2.8 5 5 0.735 0.693 0.693 0.71 1.418 0.778 0.938 0.952 0.977
5 5 5 2.65 2.77 2.759 2.152 2.059 3.615 5 2.522 2.52 2.634 1.499 5 5 0.663 0.655 0.667 3.147 0.477 1.054 0.991 1.092
5 5 5 2.675 3.835 2.765 1.945 2.08 3.588 5 5 2.501 2.488 1.459 3.602 5 0.653 0.647 0.659 0.684 0.507 1.085 1.026 1.105
1.473 5 5 5 2.831 2.81 2.195 5.087 3.439 4.391 5 2.249 2.26 5 3.44 5 0.614 0.604 0.613 0.644 0.67 0.665 0.676 0.703
1.593 5 5 2.919 5 2.147 5 3.363 3.355 4.399 5 2.131 2.142 2.163 5 0.61 0.585 0.58 0.592 5 0.765 0.756 0.768 0.791
0.891 5 2.993 4.098 5 2.148 2.174 3.307 5 5 2.042 2.034 2.044 2.066 2.1 0.591 0.566 0.561 0.569 0.598 0.634 0.833 0.843 0.867
0.967 2.08 5 4.135 5 2.175 5 3.234 5 5 1.951 1.935 1.946 1.968 2.106 0.571 0.549 0.541 0.55 0.581 0.917 0.908 0.919 0.942
0.982 2.103 5 4.143 5 2.17 1.909 3.222 5 5 1.932 1.916 1.927 1.946 5 5 0.543 0.537 0.546 0.577 0.932 0.923 0.934 0.957
1.384 1.415 5 5 4.414 5 1.822 1.798 1.814 2.891 5 1.406 1.392 1.395 1.415 1.749 1.568 0.506 0.496 0.497 0.514 4.405 1.392 1.374
1.392 1.417 5 5 4.42 4.413 1.816 1.795 1.814 5 5 1.397 1.382 1.382 1.405 1.554 0.54 0.511 0.498 0.498 0.522 4.407 1.408 1.383
1.402 1.423 1.455 5 4.421 4.418 1.807 1.793 1.809 2.884 1.858 1.387 1.376 1.372 1.391 1.417 0.543 0.514 0.499 0.499 0.523 4.412 2.757 1.393
1.412 1.432 1.464 5 4.43 4.43 1.808 1.79 1.806 1.836 1.875 1.377 1.365 1.361 1.38 1.412 0.546 0.516 0.505 0.501 0.524 4.418 2.398 1.403
1.423 1.443 1.472 5 5 4.43 1.798 1.787 1.802 1.825 1.854 1.365 1.354 1.349 1.367 1.519 0.549 0.522 0.508 0.503 0.527 4.437 0.884 1.415
1.435 1.455 1.484 5 5 4.44 1.795 1.783 1.795 1.818 1.84 1.353 1.341 1.336 1.352 1.38 0.552 0.525 0.511 0.506 0.519 4.441 0.895 1.427
1.448 1.468 1.496 5 5 4.44 1.79 1.779 1.79 1.82 1.841 1.344 1.327 1.322 1.338 1.363 0.557 0.568 0.518 0.509 0.522 4.442 0.904 1.44
1.465 1.482 1.51 5 5 4.449 1.788 1.774 1.786 1.806 1.83 1.329 1.313 1.308 1.323 1.344 0.561 0.572 0.545 0.513 0.525 4.463 0.918 1.454
1.481 1.497 1.525 5 5 4.46 1.781 1.769 1.781 1.801 1.825 1.314 1.3 1.292 1.307 1.328 0.566 0.576 0.53 0.516 0.529 5 0.932 1.47
1.497 1.517 1.541 5 5 4.469 1.776 1.764 1.775 1.802 1.822 1.297 1.284 1.275 1.287 1.143 0.571 0.547 0.532 0.521 0.534 4.471 0.948 1.487
1.518 1.534 1.558 5 5 4.482 1.771 1.758 1.77 1.802 1.819 1.281 1.27 1.259 1.273 1.135 0.576 0.548 0.533 0.526 0.538 4.48 0.964 1.505
1.557 1.579 1.593 5 5 4.508 1.756 1.747 1.757 1.793 5 5 1.845 1.223 1.237 1.258 0.587 0.559 0.544 0.536 0.547 4.513 0.998 1.541
1.585 1.598 1.611 5 5 5 1.749 1.74 1.751 1.786 5 5 1.836 1.205 1.216 1.24 0.596 0.565 0.549 0.541 0.55 5 1.015 1.56
1.617 1.636 1.649 5 5 5 1.736 1.726 1.737 2.769 5 5 1.177 1.168 1.179 1.202 0.608 0.573 0.562 0.553 0.561 5 1.052 1.599
2.379 2.403 1.71 5 5 2.055 1.715 1.705 1.715 2.746 1.602 5 1.125 1.113 1.124 1.15 1.348 0.602 0.58 0.571 0.579 5 0.644 1.657
2.481 2.962 5 5 5 1.712 1.679 1.631 1.676 2.706 5 5 2.765 1.018 1.029 1.049 1.077 0.628 0.61 0.604 0.615 5 5 1.757
2.499 2.985 5 5 5 2.055 1.669 1.622 1.669 2.698 5 5 5 0.998 1.01 1.033 1.061 0.635 0.624 0.608 0.625 5 5 1.777
2.519 3.001 5 1.761 5 1.703 1.661 1.609 1.661 2.697 5 1.005 0.996 0.979 0.99 1.01 1.029 0.642 0.623 0.615 0.629 5 5 1.801
2.553 3.043 5 5 5 5 1.648 1.592 1.601 5 5 0.967 0.951 0.94 0.952 0.972 0.991 0.656 0.637 0.631 0.652 5 2.398 1.839
0.81 0.837 1.584 2.859 3.332 5 5 1.493 5 1.45 1.429 5 2.574 2.053 5 0.683 0.672 0.678 0.713 0.724 0.81 0.794 0.783 0.792
1.015 5 1.763 2.295 3.092 3.097 5 5 5 5 1.24 1.275 2.555 5 5 0.615 0.602 0.61 0.625 0.653 1 0.983 0.971 1.007
1.079 5 1.778 2.309 3.093 3.106 5 5 5 5 1.223 1.245 2.55 5 5 0.608 0.595 0.604 0.622 0.647 1.022 1.005 0.991 1.019
1.042 5 2.324 2.324 3.107 3.118 5 5 5 5 1.2 1.219 2.548 5 5 0.601 0.588 0.597 0.616 0.641 1.042 1.022 1.01 1.039
1.469 2.504 2.485 2.489 3.173 5 5 5 5 5 0.992 1.008 5 5 1.672 0.528 0.515 0.524 0.549 0.565 1.248 1.231 1.217 1.239
0.665 1.606 1.581 1.555 1.544 1.556 5 1.588 2.534 2.542 3.059 5 5 5 0.94 0.69 0.671 0.694 5 0.714 0.671 0.653 0.642 0.65
3.443 2.122 2.041 1.703 1.693 1.72 5 1.744 2.824 2.83 2.248 2.685 5 5 5 0.595 0.582 0.593 0.614 0.632 1.083 1.066 1.056 1.092
1.287 1.327 1.815 1.78 1.773 1.779 5 1.823 2.687 2.134 2.432 2.464 2.775 5 4.348 0.525 0.512 0.52 0.549 0.565 1.288 1.296 1.263 1.3
1.685 1.733 2.655 1.955 1.943 1.954 1.969 1.991 5 2.048 2.025 2.025 2.042 2.557 5 1.603 5 5 3.145 0.578 0.788 1.684 1.668 1.676
1.761 1.782 1.809 5 5 1.974 1.992 2.441 1.998 2.219 1.942 1.93 1.943 1.967 2.515 1.449 5 1.422 5 1.861 0.628 0.905 1.759 1.754
2.204 2.192 5 1.914 1.949 1.467 1.447 1.424 1.442 1.592 1.948 1.271 1.247 1.226 5 2.586 5 5 2.274 2.261 2.304 2.317 2.331 3.264
2.227 2.218 5 1.925 1.717 1.438 1.421 1.405 1.415 1.667 1.459 1.941 1.213 1.197 1.209 2.567 5 2.299 0.862 2.274 2.286 4.62 3.264 5
2.285 2.267 2.279 1.79 1.939 1.561 5 1.38 1.395 1.619 1.441 1.271 1.18 1.144 1.159 1.176 1.088 5 2.317 2.302 2.313 5 2.364 5
1.21 4.936 1.261 5 2.89 2.821 2.574 1.726 4.948 1.681 0.929 0.917 0.933 1.16 1.18 3.432 0.587 0.586 0.604 5 1.09 5 1.199 1.194
1.214 1.241 1.269 2.854 5 2.823 2.577 1.716 5 4.942 0.938 0.908 0.92 0.947 1.158 1.675 0.583 0.583 0.599 5 5 5 1.245 1.202
5 5 5 1.238 1.247 4.767 4.139 3.786 2.922 2.897 1.788 1.761 1.785 4.979 5 0.872 0.882 0.902 1.082 5 0.51 0.507 0.519 0.649
0.641 0.574 5 1.267 1.253 1.268 1.288 1.323 5 5 2.904 1.779 1.751 5 5 0.906 0.855 0.867 0.888 0.919 3.334 0.505 0.5 0.516
0.617 5 5 1.307 1.294 1.312 4.739 1.361 5 2.907 2.827 1.687 1.659 1.692 0.975 0.84 0.815 0.827 0.852 0.878 0.59 0.607 0.582 0.636
0.764 5 5 5 1.302 1.32 1.347 1.369 5 2.899 2.811 1.666 1.642 1.668 5 0.832 0.807 0.819 0.844 0.87 0.607 0.601 0.598 0.617
0.783 5 5 5 1.311 1.329 1.346 1.377 5 2.882 2.798 1.649 1.627 1.653 5 0.869 0.798 0.811 0.836 0.865 0.623 0.711 0.614 0.626
0.699 0.747 5 1.36 1.337 1.347 1.367 1.398 5 2.832 2.279 1.588 1.57 5 0.923 0.794 0.772 0.785 0.81 0.714 0.675 1.506 0.655 0.683
0.8 1.376 1.37 1.397 1.394 5 5 4.09 5 2.739 2.641 2.195 1.452 5 0.921 0.722 0.711 0.718 0.742 1.144 0.791 0.775 0.765 0.774
0.803 1.38 1.374 1.405 1.395 5 5 4.055 5 2.739 2.637 2.195 1.448 5 0.914 0.72 0.709 0.717 0.74 1.145 0.798 0.778 0.768 0.778
0.805 1.385 1.376 1.402 1.398 5 5 4.084 5 2.731 2.639 2.189 1.443 5 0.913 0.717 0.707 0.714 0.737 1.148 0.8 0.784 0.773 0.783
1.152 1.7 1.7 1.72 3.123 5 5 5 5 5 1.801 1.725 1.433 1.078 5 0.572 0.561 0.568 0.677 0.619 1.149 1.139 1.12 5
1.418 1.781 1.781 1.798 3.157 5 5 3.952 5 5 1.715 1.736 1.014 0.992 5 0.541 0.528 0.54 0.653 0.579 1.02 1.23 1.209 1.226
0.62 1.577 1.585 1.614 2.039 2.042 1.806 3.176 5 4.424 5 5 1.412 1.347 1.388 1.407 1.011 0.566 0.529 0.513 0.521 5 0.568 0.597
0.637 1.616 1.62 1.664 2.054 2.053 1.798 3.159 5 3.74 5 5 5 1.31 1.443 1.004 0.721 0.585 0.548 0.532 0.54 0.655 0.585 0.614
0.651 1.647 1.658 1.698 2.063 2.062 1.845 3.145 5 3.681 5 5 5 1.279 1.414 1.437 0.971 0.608 0.567 0.548 0.561 0.614 0.612 0.627
0.667 1.682 1.683 1.705 1.744 2.074 1.847 3.129 5 3.648 5 5 5 1.284 1.415 0.971 0.957 0.619 0.584 0.564 0.58 0.616 0.628 0.647
0.676 1.696 1.7 1.719 1.754 1.787 5 3.12 5 3.632 5 5 5 1.27 1.399 0.968 0.95 0.634 0.593 0.574 0.588 0.677 5 0.655
0.693 1.73 1.734 1.753 2.093 2.102 5 3.104 5 3.601 5 5 5 1.896 1.374 0.961 0.94 0.695 0.612 0.591 0.603 0.694 5 0.673
0.719 1.785 1.787 1.808 2.799 5 5 3.078 5 3.552 5 5 5 5 1.341 1.327 0.923 0.715 0.639 0.619 0.63 0.659 0.825 0.705
0.728 1.801 1.805 1.82 2.809 5 5 3.07 5 3.536 5 5 1.809 5 1.329 1.314 0.928 0.925 0.648 0.628 0.632 0.655 0.703 0.714
0.787 1.912 1.913 1.941 2.888 1.85 3.173 3.015 5 3.435 3.108 5 1.687 1.495 5 1.243 1.238 0.743 0.706 0.685 0.69 0.735 5 1.483
0.797 1.93 1.931 5 2.901 1.852 3.173 3.006 5 3.419 5 5 5 1.476 5 1.229 0.887 0.878 0.718 0.698 0.706 0.718 0.984 1.557
0.806 1.948 1.95 5 2.913 1.85 3.165 2.996 5 3.399 5 5 1.649 1.451 5 1.22 0.88 0.872 0.722 0.705 0.709 0.738 5 1.421
0.816 1.966 1.968 5 2.927 1.852 3.162 2.987 5 3.382 5 5 1.628 1.434 1.672 1.206 0.878 0.868 0.734 0.715 0.719 0.768 5 1.537
0.826 1.984 1.989 5 2.939 1.855 3.159 2.978 5 3.366 5 5 1.605 1.419 5 1.198 0.881 0.865 0.741 0.724 0.729 0.763 2.948 1.557
0.835 2.002 2.006 5 2.955 1.853 4.082 2.969 5 3.35 5 5 1.579 1.401 0.94 1.19 0.886 0.863 0.75 0.727 0.741 0.763 1.754 1.579
1.935 2.208 2.147 5 3.055 1.896 5 2.917 2.906 3.287 5 3.968 1.416 1.273 1.61 1.121 1.105 1.109 0.852 0.807 0.779 0.811 0.832 0.864
1.74 2.243 2.173 5 5 1.896 3.962 2.907 2.889 2.9 5 5 1.389 5 1.59 1.105 1.079 0.926 0.855 0.802 0.791 0.827 0.848 0.88
1.863 2.288 2.214 2.237 3.108 1.901 3.951 2.937 2.865 2.886 2.104 5 1.346 5 1.19 0.742 1.027 0.911 1.093 0.827 0.811 0.826 0.872 0.901
2.03 3.052 2.229 2.246 5 1.903 3.928 2.931 2.856 2.87 2.084 3.928 1.329 5 1.172 0.73 1.075 0.908 0.987 0.837 0.821 0.836 0.885 0.91
1.865 2.32 2.252 2.261 5 1.906 5 2.86 2.846 2.86 2.07 5 1.311 5 1.156 0.714 1.069 0.905 0.993 0.85 0.832 0.847 0.901 0.92
1.978 2.356 2.348 2.363 5 1.967 5 4.196 2.379 2.795 1.95 3.862 1.42 5 1.052 0.645 1.045 0.904 1.067 0.921 0.902 0.916 1.279 1.554
1.998 2.373 2.365 2.378 5 3.854 4.208 4.198 2.372 2.781 1.938 3.829 1.185 5 1.036 0.634 1.044 0.908 1.085 0.91 0.914 0.932 5 1.574
2.249 2.42 2.419 2.436 5 3.796 4.215 2.783 3.437 2.968 1.867 5 1.106 1.013 0.983 0.996 1.037 1.026 0.91 0.938 0.952 4.216 5 1.631
2.295 2.451 2.453 2.477 5 3.777 4.223 2.711 2.711 2.727 1.827 5 1.009 0.959 0.954 0.967 1.038 1.003 1.038 0.988 0.975 4.223 5 5
2.349 2.501 2.506 5 5 3.752 4.242 2.679 2.684 2.697 1.778 3.754 0.931 0.907 0.907 0.925 1.043 0.98 0.911 0.981 1.016 4.25 5 2.356
1.311 5 2.443 3.653 2.609 2.623 5 5 4.289 2.683 2.671 2.683 1.71 5 0.925 0.799 0.792 0.799 0.822 0.856 0.875 0.878 0.974 5
1.222 5 2.447 2.626 2.608 2.624 5 2.73 4.29 2.684 2.671 2.689 1.713 5 5 0.801 0.79 0.796 0.819 0.969 0.932 0.98 0.974 1.415
1.189 5 2.449 2.624 2.609 2.625 5 2.724 4.294 2.684 2.671 2.847 1.713 5 5 0.8 0.789 0.795 0.993 0.847 0.929 0.872 0.971 1.034
1.187 5 2.449 2.624 2.609 2.621 5 2.676 5 2.682 2.669 2.846 1.711 5 5 0.8 0.789 0.795 0.817 0.851 0.93 0.873 0.973 1.033
4.295 5 2.455 2.633 2.615 2.625 5 2.718 4.291 2.672 2.66 2.678 1.699 3.778 5 0.797 0.786 0.793 0.816 0.977 0.94 0.991 1.037 5
1.426 1.557 2.547 2.786 2.663 2.675 5 2.606 5 2.563 2.551 2.569 1.586 5 5 0.753 0.742 0.748 0.771 0.497 0.953 0.962 1.067 5
1.137 5 2.583 2.693 2.681 2.694 5 1.859 2.545 2.522 2.509 2.527 1.552 3.628 5 0.736 0.725 0.731 1.123 0.78 0.992 1.001 1.089 1.127
1.195 5 2.531 2.728 2.719 2.737 5 2.479 5 2.432 2.421 2.582 2.582 3.56 5 0.702 0.69 0.699 0.718 0.571 0.562 1.141 1.152 1.285
1.658 5 2.851 2.819 2.805 5 5 2.255 4.394 4.391 2.202 2.218 2.002 2.385 5 0.618 0.604 0.616 0.634 0.658 0.708 0.714 1.327 1.513
1.701 5 2.881 2.84 2.82 5 5 2.22 4.397 4.397 2.164 2.177 1.965 2.346 5 0.605 0.592 0.601 0.624 0.643 0.735 0.746 0.76 0.786
0.837 5 2.897 4.045 2.831 2.096 1.942 2.197 4.397 4.404 2.141 2.17 1.944 2.329 5 0.598 0.586 0.591 0.617 0.639 0.748 0.756 0.783 0.802
0.853 5 2.914 4.053 2.835 2.114 1.933 2.181 4.399 5 2.122 2.141 1.924 2.277 5 0.592 0.579 0.585 0.803 0.777 0.761 0.783 1.363 1.593
1.831 5 2.93 4.061 2.849 2.115 1.932 2.165 4.4 2.128 2.103 2.132 1.9 2.295 5 0.584 0.572 0.58 0.816 0.79 0.775 0.789 1.384 1.616
1.729 5 2.949 4.073 2.857 2.121 1.937 2.146 4.406 2.105 2.084 2.099 1.88 2.237 5 0.578 0.565 0.571 0.59 0.619 0.789 0.826 1.402 1.587
2.016 5 3.061 4.13 5 1.899 5 3.25 5 1.965 1.954 1.965 1.742 0.969 5 0.532 0.519 0.528 0.547 0.568 0.881 0.893 1.518 1.773
2.052 5 3.094 4.144 2.413 1.91 5 3.198 1.951 1.927 1.915 1.921 1.696 0.932 5 0.519 0.506 0.514 0.533 0.555 0.908 0.919 1.551 1.591
0.607 2.2 2.244 5 5 1.829 1.813 1.787 1.795 1.811 5 1.297 1.286 1.271 1.282 1.42 1.444 0.548 0.508 0.497 0.502 5 0.567 1.494
0.609 2.212 2.475 5 5 4.473 1.817 1.786 1.798 1.803 5 1.292 1.275 1.259 1.302 1.413 1.437 0.58 0.512 0.5 0.505 5 4.479 0.591
0.615 2.254 2.49 1.592 5 4.488 5 1.773 1.773 1.789 5 5 1.249 1.239 1.236 1.274 1.421 0.561 0.53 0.511 0.55 5 4.488 0.601
1.687 2.41 2.638 1.747 5 4.57 4.576 1.712 1.687 1.697 1.736 1.782 5 5 1.084 1.095 1.123 1.348 1.349 0.592 0.587 0.6 0.627 0.653
1.849 2.556 2.752 5 5 4.655 1.627 1.57 1.553 1.596 5 1.408 5 0.958 0.946 0.96 1.224 1.011 0.702 0.683 0.674 0.689 0.713 0.752
1.887 2.598 2.782 1.946 5 4.674 1.603 1.545 1.525 1.555 1.554 5 5 0.926 0.914 0.922 1.247 1.25 0.724 0.706 0.697 0.704 4.675 0.758
1.136 5 2.332 2.34 3.079 5 3.022 5 5 5 1.103 1.124 2.567 5 5 0.639 0.627 0.633 0.659 0.679 1.133 1.117 1.107 1.14
0.569 0.618 1.581 1.477 1.473 1.489 1.52 1.536 2.589 3.198 3.164 5 5 5 5 5 0.735 0.745 0.774 0.589 0.59 0.546 0.537 0.55
0.568 0.609 1.586 1.479 1.474 1.486 1.511 1.535 2.589 2.607 3.163 5 5 5 5 0.743 0.731 0.742 0.771 0.597 0.556 0.548 0.537 0.549
0.569 0.62 1.584 1.48 1.475 1.487 1.511 1.533 2.589 2.613 3.162 5 5 5 5 0.742 0.73 0.742 0.77 0.598 0.561 0.586 0.538 0.551
1.169 1.197 2.192 1.776 1.77 1.781 1.801 1.822 5 2.563 2.55 2.563 3.088 5 5 0.517 0.506 0.513 0.554 0.565 1.286 1.72 1.135 1.146
1.186 1.217 2.044 1.792 1.779 1.79 1.81 1.834 2.789 2.543 2.531 2.543 3.067 5 5 0.506 0.498 0.505 0.543 0.561 1.297 1.173 1.155 1.169
1.743 2.77 2.744 1.829 2.014 2.003 2.009 5 2.067 2.326 1.958 1.943 1.975 2.236 2.087 1.424 1.412 1.39 1.876 1.87 0.48 0.733 1.232 1.737
2.145 2.122 2.11 2.115 5 1.86 1.991 1.588 1.576 1.576 1.866 2.11 2.125 5 1.291 1.324 2.682 5 2.138 0.937 2.103 2.112 2.144 2.173
5 2.366 2.374 1.949 2.311 1.618 1.399 1.387 1.398 1.417 1.81 1.184 1.129 1.045 1.054 1.078 1.01 2.32 0.786 2.292 2.301 4.689 3.383 5
0.933 0.98 2.244 2.752 2.739 2.739 2.501 1.27 1.586 1.221 1.202 1.202 1.284 1.435 5 0.691 0.674 0.704 5 0.939 0.918 5 0.915 0.916
1.204 4.692 1.257 5 2.846 2.825 2.444 1.732 5 5 0.933 0.922 0.937 1.159 1.18 3.43 0.586 0.583 0.6 5 1.087 5 1.193 1.188
1.198 4.698 1.255 5 2.836 2.825 2.442 1.733 5 5 0.952 0.923 0.938 1.161 1.181 3.431 0.587 0.58 0.597 5 1.083 5 1.195 1.186
1.199 4.695 1.255 5 2.84 2.825 2.442 1.733 5 4.951 0.938 0.923 0.938 1.16 1.18 3.434 0.583 0.58 0.597 5 1.083 5 1.195 1.187
0.494 5 5 1.345 1.336 1.346 4.835 1.413 5 5 2.508 1.754 1.738 1.753 0.944 0.778 0.769 0.777 0.8 0.832 0.48 0.461 0.451 0.478
0.694 5 1.339 1.431 1.427 5 5 4.14 5 5 5 2.245 1.51 2.264 0.902 0.69 0.678 0.684 0.774 0.73 0.7 0.682 0.667 0.676
0.778 1.056 1.417 1.426 1.473 1.474 5 4.109 5 5 5 2.155 1.722 1.408 1.432 0.668 0.64 0.641 0.659 0.796 0.804 1.117 0.763 0.762
0.782 0.832 1.424 1.436 1.485 1.486 5 4.11 5 5 5 2.15 1.717 1.4 1.425 0.716 0.638 0.638 0.656 0.797 1.097 1.12 0.774 0.769
1.013 1.036 1.611 1.636 1.59 3.105 5 4.001 5 5 5 1.919 1.838 1.182 1.925 4.688 0.584 0.579 0.592 0.752 0.899 1.257 1.025 1.003
1.15 1.179 1.715 1.739 5 3.131 5 3.942 5 5 5 1.778 1.699 1.066 1.069 0.582 0.556 0.55 0.559 0.59 0.975 1.358 1.163 1.14
1.19 1.215 1.746 1.789 1.713 3.138 5 3.921 5 5 5 1.736 1.659 1.353 1.03 0.573 0.546 0.539 0.554 0.582 0.91 1.275 1.193 1.18
1.249 1.274 1.795 1.839 1.71 3.146 5 4.568 5 5 5 1.674 1.6 1.345 0.971 0.568 0.537 0.53 0.54 0.676 1.041 1.275 1.253 1.239
1.284 1.308 1.338 5 1.683 3.155 5 3.892 5 5 5 1.64 1.562 1.215 0.935 0.567 0.532 0.525 0.532 0.651 1.075 1.075 1.294 1.277
1.306 1.85 1.839 5 1.691 3.158 5 4.544 5 5 5 1.621 1.555 1.197 0.919 0.567 0.529 0.523 0.529 0.559 1.092 1.089 1.31 1.297
1.539 1.538 1.554 5 2.022 1.843 3.2 3.194 3.772 3.771 5 5 1.393 1.399 1.377 0.743 0.548 0.52 0.503 0.498 0.525 0.728 1.056 1.271
1.549 1.548 1.564 5 2.027 1.845 3.219 3.192 3.766 3.761 5 5 1.415 1.422 1.369 0.739 0.716 0.599 0.529 0.5 0.519 1.634 1.106 1.28
1.56 1.558 1.574 5 2.032 1.85 3.253 3.187 4.423 3.753 5 5 1.407 1.405 1.363 0.961 0.554 0.606 0.535 0.502 0.518 1.642 1.12 1.291
1.573 1.571 1.586 5 2.038 1.848 3.265 3.184 5 3.744 5 5 1.398 1.372 1.353 0.953 0.571 0.595 0.545 0.505 0.518 1.655 1.132 1.303
1.587 1.585 1.6 1.624 2.044 1.85 3.261 3.18 4.415 3.734 5 5 1.377 1.372 1.342 0.957 0.562 0.588 0.537 0.509 0.522 0.737 1.112 1.317
1.418 1.65 1.662 1.692 1.714 1.824 3.256 3.161 4.384 3.685 5 1.979 1.311 1.305 1.293 1.293 0.586 0.551 0.536 0.529 0.541 0.735 0.937 1.383
1.42 1.668 1.683 1.707 1.732 1.82 3.252 3.156 4.38 3.675 5 1.964 1.293 1.289 1.28 1.28 0.588 0.56 0.542 0.534 0.546 0.68 0.953 1.401
1.454 1.704 1.719 1.743 1.772 1.812 3.253 3.145 4.379 3.647 5 5 1.266 1.252 1.253 1.255 0.604 0.569 0.554 0.546 0.558 0.706 0.979 1.435
1.473 1.723 1.735 1.758 1.79 1.818 3.28 3.14 4.378 3.633 5 5 1.702 1.233 1.241 1.242 0.61 0.575 0.56 0.552 0.564 0.724 1.003 1.454
1.53 1.779 1.794 5 2.142 2.04 3.14 3.123 3.599 3.591 5 1.843 1.644 1.179 1.203 1.2 0.839 0.593 0.579 0.57 0.582 0.771 1.527 1.512
1.567 1.816 1.831 5 5 3.247 3.247 3.111 3.567 3.563 5 1.804 1.601 1.141 1.179 1.175 0.818 0.603 0.591 0.583 0.595 5 1.563 1.551
1.586 1.836 1.851 5 3.272 3.247 3.12 3.106 3.55 3.553 5 1.787 1.581 1.122 1.166 1.162 0.806 0.614 0.6 0.589 0.601 0.847 1.583 1.571
1.624 1.875 1.893 2.86 5 3.244 3.112 3.095 3.521 3.522 5 1.744 1.54 1.085 1.148 1.137 0.788 0.623 0.612 0.601 0.613 1.962 1.627 1.611
1.643 1.898 1.917 2.867 5 3.245 3.117 3.09 3.504 3.524 5 1.73 1.52 1.065 1.136 1.125 0.784 0.632 0.618 0.607 0.619 2.868 1.647 1.628
1.663 1.914 1.933 2.883 5 3.245 3.102 3.084 3.49 3.504 5 1.707 1.5 1.045 1.204 1.112 0.777 0.635 0.624 0.613 0.625 5 1.67 1.648
1.723 1.973 1.989 5 5 3.253 3.089 3.068 3.454 5 5 5 1.442 0.989 1.158 1.081 0.871 0.652 0.634 0.63 0.643 2.055 1.727 1.708
1.742 1.989 2.008 2.931 5 3.249 3.098 3.063 3.438 5 5 5 1.42 0.971 1.147 1.068 0.86 0.655 0.632 0.636 0.648 2.077 1.753 1.727
0.829 2.254 2.265 5 5 3.266 3.263 2.983 4.118 3.259 4.017 1.359 5 5 0.981 0.961 0.79 0.793 0.709 0.693 0.704 5 5 2.006
1.911 2.393 2.389 5 5 3.275 3.267 2.932 2.932 2.947 2.047 4.86 5 1.011 1.557 0.912 0.89 0.737 0.744 0.733 0.747 0.767 5 1.419
1.91 2.454 2.389 5 5 3.279 3.267 2.933 2.932 2.948 2.047 3.986 5 1.012 1.556 0.908 0.832 0.736 0.75 0.732 0.753 0.762 5 5
1.907 2.461 2.389 5 5 3.284 3.269 2.937 2.933 3.158 2.047 4.003 5 1.015 1.552 0.911 0.828 0.735 0.747 0.732 0.749 0.761 5 5
0.938 5 1.679 2.459 2.67 2.74 5 2.174 3.258 2.789 2.77 2.772 1.768 3.84 0.906 0.741 0.724 0.734 0.88 0.853 0.77 0.748 0.88 0.885
0.972 5 5 2.537 2.713 2.755 5 2.735 3.184 2.683 2.665 2.669 2.833 5 5 0.716 0.691 0.691 0.709 0.941 0.854 0.918 0.931 0.957
0.852 0.881 5 5 2.9 2.849 5 2.14 2.79 5 2.085 2.079 1.868 1.09 2.241 5 0.55 0.549 0.563 0.593 0.794 0.782 0.794 0.822
1.625 5 2.995 5 5 2.86 5 2.782 2.767 5 2.046 2.041 1.833 1.054 2.208 3.351 0.544 0.54 0.553 0.58 0.823 0.811 0.823 0.854
0.899 5 3.009 5 5 2.881 5 2.767 2.752 2.055 2.027 2.022 2.037 1.04 2.185 0.58 0.537 0.536 0.549 0.577 0.837 0.825 0.837 0.866
0.981 5 3.101 4.148 5 2.885 1.93 2.693 2.684 2.708 1.906 1.898 1.909 2.048 2.058 3.857 0.508 0.503 0.513 0.594 0.588 0.918 0.929 0.953
0.989 5 5 4.155 5 2.886 1.926 2.687 2.671 2.691 1.888 1.879 1.89 1.909 2.037 3.835 0.503 0.498 0.506 0.542 0.94 0.932 0.942 0.964
0.998 5 5 4.164 5 2.891 1.928 2.682 2.667 5 1.877 1.868 1.879 1.901 2.025 3.827 0.501 0.495 0.504 0.539 0.949 0.94 0.95 0.973
1.585 2.31 5 5 1.815 1.766 1.746 1.731 1.746 1.806 2.172 5 1.188 1.178 1.19 1.354 0.603 0.571 0.547 0.539 0.546 5 0.6 1.58
1.622 2.344 5 1.703 1.8 1.772 1.731 1.715 1.755 1.772 2.139 2.158 1.157 1.143 1.154 1.329 1.362 0.585 0.561 0.553 0.559 5 0.613 1.625
0.686 2.38 2.612 5 5 1.735 1.714 1.699 1.734 2.105 2.105 1.143 1.133 1.106 1.131 1.135 1.16 1.944 0.577 0.568 0.575 5 4.551 1.665
0.697 2.4 2.624 5 5 4.561 1.709 1.69 1.719 1.746 2.088 1.122 5 1.087 1.096 1.129 1.031 0.613 0.587 0.576 0.582 5 4.561 1.683
0.713 2.469 2.683 5 5 4.597 1.686 1.663 1.694 1.688 2.035 1.063 1.045 1.033 1.048 1.271 1.005 0.642 0.616 0.599 0.609 5 4.593 1.201
0.722 2.489 2.701 5 5 4.604 1.673 1.654 1.662 1.687 2.017 1.044 1.026 1.014 1.028 1.275 1.272 0.644 0.625 0.61 0.618 5 0.675 1.776
0.717 0.746 1.47 2.749 2.894 2.921 5 1.613 1.599 1.566 1.557 1.563 1.599 1.828 1.85 0.761 0.751 0.759 1.176 0.747 0.71 0.695 0.686 0.693
0.748 0.772 1.498 2.066 2.913 1.662 5 1.585 1.574 1.533 1.522 1.544 1.775 1.799 1.814 0.744 0.733 0.739 0.761 1.087 0.747 0.731 0.72 0.729
0.805 5 1.554 2.118 2.944 5 5 1.538 5 1.473 1.457 1.465 1.491 1.713 1.735 0.718 0.706 0.714 0.729 0.756 0.815 0.797 0.785 0.818
0.459 0.49 1.454 1.425 1.419 1.425 1.556 1.469 2.651 3.26 3.26 5 5 5 5 0.827 0.817 0.824 0.849 0.511 0.523 0.44 0.432 0.438
1.299 1.322 1.79 1.758 1.751 1.76 5 1.802 2.558 2.433 2.418 2.465 2.766 5 5 0.561 0.525 0.532 0.551 0.573 1.302 1.28 1.27 1.306
1.314 1.349 1.798 1.769 1.758 1.767 5 1.806 2.548 2.415 2.399 2.432 2.742 5 5 5 0.519 0.534 1.487 0.566 1.318 1.302 1.288 1.317
1.665 2.065 1.944 1.904 1.893 1.937 5 1.945 2.451 2.053 2.041 2.049 2.068 2.595 5 1.665 5 5 5 0.602 1.671 1.655 1.643 1.652
1.727 1.781 1.787 1.939 1.924 1.927 1.945 1.976 2.416 1.995 1.971 1.967 1.986 2.521 5 1.594 5 4.213 5 0.523 0.741 1.735 1.715 1.719
1.739 2.144 2.682 1.945 1.929 1.932 1.95 1.958 2.272 1.983 1.958 1.954 1.97 1.996 5 1.681 5 5 5 0.522 0.751 1.749 1.728 1.728
1.753 2.157 2.691 1.951 1.937 1.934 1.956 2.02 2.275 2.418 1.949 1.941 1.956 1.979 5 5 5 1.461 5 0.529 0.758 1.762 1.741 1.741
2.406 5 2.195 2.19 2.203 2.136 2.142 1.36 1.348 1.329 1.344 1.61 1.877 5 1.222 1.224 1.232 1.252 1.169 5 1.401 2.346 2.358 2.405
2.265 2.232 2.196 1.184 4.721 1.143 1.13 1.141 1.328 1.572 1.586 1.003 0.981 0.993 5 1.164 5 1.029 1.036 2.562 2.581 2.619 2.292 2.264
2.072 2.238 1.611 1.449 1.129 1.118 1.129 1.288 1.53 1.542 0.941 0.931 0.987 5 1.147 1.144 5 1.001 2.572 5 3.649 5 2.52 2.472
3.677 5 2.641 2.604 2.626 1.787 1.77 4.824 1.234 1.212 1.224 1.425 1.522 1.551 1.574 0.801 0.812 0.837 0.987 1.002 0.902 0.894 5 4.421
4.435 3.715 3.766 2.641 2.63 2.255 2.425 1.275 5 1.226 1.215 1.322 1.331 1.511 3.525 0.788 0.777 0.787 5 5 0.919 0.994 0.89 0.908
2.759 2.703 2.682 2.653 2.641 2.255 2.415 1.772 5 1.194 1.183 1.314 1.297 1.478 5 0.776 0.765 0.774 5 5 0.958 0.944 0.922 0.965
4.483 2.715 2.697 2.667 2.653 2.256 2.403 1.217 5 1.168 1.153 1.286 1.271 1.445 5 0.763 0.752 0.762 5 5 0.994 5 0.955 0.967
4.568 4.873 5 2.705 2.694 2.398 1.739 1.108 1.086 1.056 1.044 1.083 1.152 1.338 5 0.721 0.71 0.719 0.81 5 1.072 1.078 1.064 1.088
1.201 4.885 5 2.743 2.73 2.372 1.701 1.01 1.705 0.958 0.947 0.956 1.049 1.24 5 0.683 0.671 0.681 0.796 0.735 1.124 1.175 1.16 1.24
4.626 3.989 5 5 2.734 2.37 1.697 0.991 0.966 0.939 0.928 0.936 1.025 1.22 5 0.675 0.663 0.674 0.811 0.724 1.131 1.194 1.177 5
0.55 0.576 5 1.346 1.339 1.356 4.803 4.206 5 5 2.889 1.722 1.7 1.71 0.968 0.779 0.767 0.776 0.883 0.821 0.531 0.513 0.502 0.542
0.628 0.601 5 1.355 1.348 1.433 5 4.191 5 5 2.862 1.698 1.675 1.68 0.948 0.768 0.757 0.766 1.013 0.811 0.56 0.539 0.528 0.54
0.919 5 1.497 1.505 1.485 1.562 5 4.046 5 5 2.062 2.037 1.613 1.316 2.081 0.637 0.624 0.632 0.718 0.674 1.172 0.897 0.874 0.879
0.918 5 1.498 1.512 1.489 1.565 5 4.046 5 5 2.061 2.037 1.61 1.313 2.077 0.636 0.623 0.637 0.659 0.673 0.92 0.898 0.875 0.88
0.924 5 1.501 1.51 1.49 1.57 5 4.044 5 5 2.056 2.032 1.608 1.311 2.073 0.635 0.622 0.633 0.658 0.676 0.925 0.903 0.88 0.885
0.937 5 1.514 1.522 1.501 1.575 5 4.039 5 5 2.519 2.018 1.594 1.295 2.055 0.63 0.617 0.625 0.65 0.849 0.935 0.916 0.893 0.898
0.95 5 1.522 1.533 1.542 5 5 4.035 5 5 2.062 2.008 1.581 1.282 2.045 0.627 0.614 0.622 0.712 0.664 0.945 0.926 0.903 0.908
0.953 5 1.525 1.537 1.546 1.594 5 4.034 5 5 2.062 2.004 1.577 1.278 2.045 0.625 0.613 0.623 5 0.666 1.195 0.93 0.906 0.911
0.963 5 1.531 1.542 1.542 5 5 4.032 5 5 2.053 1.997 1.574 1.275 2.035 0.623 0.611 0.625 0.726 0.664 0.951 0.935 0.913 0.917
0.991 5 1.573 1.588 1.524 5 5 4.014 5 5 1.971 1.946 1.531 1.226 1.987 0.607 0.594 0.602 0.627 0.645 1.006 0.984 0.961 0.966
1.003 5 1.587 1.589 1.531 3.117 5 4.008 5 5 1.982 1.875 1.672 1.207 1.968 0.601 0.588 0.597 0.618 0.639 1.23 1.004 0.977 0.982
1.047 5 1.627 1.635 1.59 3.119 5 3.99 5 5 1.908 1.886 1.834 1.158 1.926 0.586 0.572 0.582 0.605 0.622 1.146 1.27 1.023 1.027
1.068 5 1.651 1.659 1.602 3.128 5 3.98 5 5 1.93 1.806 1.797 1.134 1.901 0.576 0.563 0.575 0.585 0.609 1.1 1.285 1.054 1.054
1.226 1.254 1.278 1.839 1.731 3.173 5 3.933 5 5 5 1.688 1.615 1.301 0.983 0.541 0.51 0.504 0.518 0.646 0.994 1.291 1.233 1.217
1.229 1.257 1.28 1.815 5 3.174 5 3.954 5 5 5 1.689 1.614 1.297 0.972 4.588 0.51 0.503 0.513 0.638 0.993 1.014 1.234 1.217
1.229 1.269 1.802 1.81 3.205 3.176 5 4.584 5 5 5 1.689 1.617 1.303 0.971 0.551 0.509 0.502 0.511 0.646 0.574 1.01 1.234 1.217
1.234 1.454 1.804 1.812 3.208 3.176 5 4.022 5 5 5 1.686 1.611 1.301 0.969 0.551 0.509 0.501 0.511 0.638 0.57 1.012 1.236 1.22
1.557 1.547 1.557 1.577 1.606 1.801 3.259 3.187 5 3.761 5 2.08 1.417 1.413 1.304 1.07 0.713 0.527 0.511 0.502 0.513 5 1.291 1.28
1.561 1.557 1.566 1.586 1.618 1.856 3.272 3.185 4.437 3.754 5 2.07 1.407 1.382 1.299 1.366 0.712 0.53 0.514 0.504 0.512 5 0.856 1.287
1.572 1.566 1.577 1.597 1.631 2.045 3.268 3.182 4.438 3.743 5 2.059 1.4 1.374 1.358 1.358 0.717 0.533 0.517 0.508 0.515 5 0.865 1.297
1.584 1.578 1.589 1.611 1.64 1.85 3.272 3.178 4.43 3.733 5 2.044 1.387 1.365 1.349 1.35 0.714 0.541 0.521 0.512 0.519 5 1.076 1.309
1.671 1.912 1.926 5 5 2.109 3.222 3.061 3.078 3.475 5 1.687 5 1.005 1.217 1.128 0.913 0.667 0.647 0.637 0.644 5 1.688 1.658
2.131 2.119 2.136 5 3.25 3.222 3.225 2.983 3.003 3.319 5 1.472 5 5 1.091 1.045 1.027 0.716 0.728 0.693 0.723 5 5 1.698
2.168 2.402 2.43 5 5 3.241 3.237 2.892 2.896 2.91 2.011 4.825 1.014 0.994 1.553 0.935 0.908 0.766 0.786 0.772 0.792 5 5 5
1.986 2.407 2.493 5 5 3.241 3.237 2.891 2.895 2.912 2.016 4.822 1.015 0.995 1.555 0.934 0.92 0.766 0.79 0.773 0.793 0.823 5 1.559
2.214 2.444 2.523 5 5 3.239 3.235 2.871 2.876 2.889 3.925 4.778 0.979 0.956 1.518 0.925 0.905 0.766 0.806 0.788 0.8 0.836 5 1.585
2.246 5 2.517 5 5 3.238 3.234 2.859 2.867 2.884 5 4.747 0.98 0.928 0.949 0.495 0.901 0.768 0.821 0.802 0.813 4.26 1.783 1.563
0.933 5 2.447 2.447 2.655 2.677 5 2.847 3.268 2.8 2.786 2.8 1.783 3.859 0.923 0.749 0.736 0.743 0.868 0.846 0.802 0.74 0.867 0.905
1.13 5 2.46 2.457 2.664 2.683 5 2.839 3.257 2.788 2.773 2.784 1.767 3.845 0.909 0.744 0.731 0.74 0.877 0.855 0.813 0.75 0.879 0.929
1.069 5 5 2.587 2.733 2.738 5 3.75 3.145 2.627 2.609 2.608 2.625 5 3.727 0.763 0.674 0.674 0.687 0.727 0.757 0.969 0.979 1.002
0.91 5 3.006 3.391 5 2.841 5 2.102 2.735 2.746 2.032 2.013 2.024 2.046 3.314 0.583 0.564 0.556 0.565 0.596 0.856 0.847 0.858 0.878
1.344 1.37 1.413 5 5 4.371 1.803 1.767 1.779 2.355 1.822 1.466 1.455 1.443 1.455 1.291 0.575 0.557 0.533 0.524 0.537 4.375 1.356 1.337
1.655 1.67 1.7 5 5 5 1.664 1.655 1.666 1.688 1.718 1.176 5 1.147 1.159 1.18 1.208 0.641 0.629 0.621 0.629 5 1.115 1.648
1.762 1.775 1.797 5 5 5 1.628 1.618 1.629 1.66 1.671 5 1.058 1.052 1.796 1.082 0.713 0.681 0.665 0.653 0.661 5 0.726 1.75
2.577 2.722 1.925 5 5 1.612 1.583 1.571 1.584 1.616 1.415 0.961 0.942 0.933 0.944 1.239 0.752 0.719 0.699 0.693 0.703 5 5 1.875
2.587 2.741 1.948 5 5 1.608 1.576 1.559 1.577 1.608 1.628 0.942 0.923 0.914 0.925 1.274 0.759 0.725 0.706 0.7 0.707 5 4.687 1.895
0.743 0.769 2.05 2.764 2.912 2.935 5 1.606 5 1.554 1.543 1.553 1.574 1.811 1.833 0.753 0.744 0.753 0.784 0.769 0.73 0.715 0.707 0.715
0.736 0.765 1.49 2.77 2.913 2.929 5 1.603 1.586 1.553 1.544 1.553 1.588 1.812 1.834 0.749 0.742 0.749 0.776 0.768 0.731 0.715 0.706 0.713
1.144 2.375 2.361 2.362 3.075 5 5 5 5 1.16 1.144 1.153 1.388 1.391 1.411 0.609 0.596 0.604 0.62 0.644 1.135 1.119 1.103 1.142
1.347 1.374 1.807 1.776 1.767 1.774 1.796 1.819 2.643 2.392 2.378 5 2.742 5 5 5 0.521 0.527 0.556 0.577 1.358 1.328 1.319 1.328
1.441 1.462 2.409 1.816 1.807 1.814 1.839 1.859 2.594 2.3 2.287 5 2.63 2.862 5 5 5 0.503 0.579 0.538 1.43 1.553 1.41 1.417
1.66 2.608 1.943 1.915 1.905 1.915 5 1.958 2.476 2.07 2.059 2.078 2.383 2.618 1.813 5 5 5 3.649 0.63 1.66 1.645 1.635 1.642
1.683 2.631 1.957 1.925 1.916 1.925 2.244 1.968 2.461 2.046 2.035 2.057 2.354 2.59 1.789 5 1.497 5 5 0.621 1.681 1.669 1.659 1.668
1.694 2.642 1.958 1.927 1.92 1.929 2.476 1.973 2.061 2.035 2.024 2.067 2.345 2.582 1.782 5 1.485 5 2.134 0.625 1.692 1.677 1.67 1.68
1.705 2.653 2.709 1.935 1.925 1.934 2.471 1.978 2.45 2.023 2.012 2.049 2.333 2.57 1.77 5 1.48 5 3.157 0.597 0.867 1.692 1.681 1.7
2.43 2.192 2.188 2.195 2.183 1.685 1.678 1.412 1.405 1.417 1.68 1.94 5 1.243 1.234 1.247 5 5 2.333 2.293 2.291 2.311 2.364 3.261
2.274 2.254 2.262 2.205 1.684 1.652 1.469 1.35 1.36 1.602 1.414 1.873 1.176 1.163 1.176 2.535 1.129 2.366 0.847 2.336 5 4.132 3.34 5
4.439 3.691 5 2.656 2.646 2.7 2.466 1.324 1.3 1.276 1.265 1.277 1.445 1.548 1.567 0.783 0.772 0.782 0.818 5 0.874 0.864 0.845 0.869
1.187 3.981 3.988 2.766 2.746 2.3 2.375 1.683 1.273 0.976 0.953 0.95 0.971 1.237 1.279 0.688 0.668 0.674 0.753 5 1.113 1.134 1.167 1.167
0.636 0.6 1.234 1.388 1.381 5 5 1.433 5 5 2.877 1.676 1.658 5 0.925 0.741 0.729 0.736 0.761 0.785 0.555 0.538 0.527 0.536
0.683 1.508 1.339 1.36 1.435 1.498 5 1.488 5 5 2.749 2.257 1.519 1.519 0.904 0.686 0.673 0.682 0.769 0.722 0.708 0.68 0.661 0.672
0.918 1.555 0.991 1.554 1.569 1.602 5 4.069 5 5 5 2.013 1.584 1.269 1.293 0.642 0.593 0.593 0.607 0.647 1.055 1.18 0.915 0.906
0.952 0.983 1.57 1.592 1.586 3.117 5 4.051 5 5 5 1.981 1.276 1.235 1.259 0.644 0.584 0.583 0.597 0.72 0.987 1.203 0.955 0.94
1.002 1.029 1.612 1.618 1.601 3.129 5 4.03 5 5 5 1.931 1.858 1.187 5 0.642 0.574 0.57 0.583 5 1.036 1.237 1.002 0.99
1.073 1.096 1.673 1.7 1.625 3.145 5 3.999 5 5 5 1.869 1.784 1.123 1.871 4.668 0.557 0.552 0.565 1.662 0.916 1.29 1.099 1.062
1.091 1.121 1.688 1.695 1.631 3.149 5 3.992 5 5 5 1.85 1.762 1.106 1.848 4.662 0.552 0.547 0.56 1.675 0.927 1.304 1.1 1.081
1.207 1.235 1.781 5 1.748 3.169 5 3.947 5 5 5 1.715 1.638 1.33 1.006 0.569 0.525 0.518 0.53 0.573 0.999 1.278 1.224 1.201
1.228 1.256 1.795 1.813 1.779 3.172 5 4.595 5 5 5 1.695 1.621 1.314 0.986 0.557 0.523 0.516 0.526 0.651 1.011 1.275 1.232 1.218
1.245 1.271 1.81 1.827 1.757 3.175 5 4.59 5 5 5 1.68 1.605 1.296 0.967 0.669 0.52 0.513 0.522 0.642 1.013 1.035 1.247 1.237
1.281 1.304 1.84 5 1.749 3.185 5 3.919 5 5 5 1.644 1.568 1.63 0.93 0.651 0.515 0.508 0.514 0.625 1.046 1.057 1.291 1.274
1.556 1.555 1.57 5 2.038 3.302 3.229 3.206 4.442 3.777 5 5 1.413 1.414 1.371 0.745 0.547 0.57 0.522 0.496 0.509 1.64 0.584 1.286
1.598 1.593 1.604 5 1.655 5 3.277 3.196 4.429 3.749 5 2.05 1.378 1.371 1.274 1.34 0.701 0.529 0.513 0.504 0.516 1.692 1.077 1.316
1.361 1.618 1.629 1.652 1.68 5 3.271 3.189 5 3.726 5 2.021 1.352 1.339 1.32 1.321 0.697 0.538 0.521 0.512 0.52 0.686 0.9 1.343
1.375 1.633 1.643 1.666 1.691 5 3.271 3.184 5 3.715 5 2.006 1.34 1.329 1.31 1.31 0.699 0.546 0.526 0.517 0.524 0.649 0.914 1.358
1.924 2.354 2.351 5 5 3.258 3.247 2.929 2.929 2.945 2.07 4.898 5 1.056 1.598 0.955 0.877 0.782 0.767 0.757 0.767 0.783 0.819 5
1.866 5 2.401 5 5 3.263 3.242 3.254 2.899 2.912 2.003 5 1.205 5 4.162 0.552 0.926 0.779 0.953 0.779 0.793 0.807 5 1.375
1.945 2.517 2.447 5 5 3.252 3.238 2.902 2.87 2.884 1.957 3.933 5 5 0.96 0.517 0.92 0.89 0.781 0.806 0.82 0.835 5 1.425
1.964 2.537 2.48 5 5 3.25 3.236 2.892 2.859 2.873 1.937 4.773 5 5 0.941 0.505 0.915 0.89 0.781 0.816 0.818 0.846 5 5
1.008 5 5 2.577 2.733 2.743 5 3.178 3.165 2.648 2.631 2.63 2.654 5 4.434 0.72 0.682 0.682 0.699 0.723 0.766 0.957 0.967 1.04
0.852 5 5 3.372 2.958 2.854 5 3.361 2.797 2.812 2.095 2.083 2.094 1.105 2.147 5 0.561 0.553 0.562 0.597 0.831 0.791 0.802 0.827
0.87 5 5 3.388 2.898 2.867 5 2.139 2.785 2.794 2.072 2.064 2.075 1.088 2.124 4.003 0.555 0.549 0.558 0.587 0.815 0.806 0.817 0.838
0.881 5 3.018 4.101 5 2.867 5 2.787 2.773 2.785 2.053 2.044 2.055 2.075 2.108 0.582 0.553 0.545 0.554 0.582 0.619 0.821 0.832 0.853
0.903 5 5 4.109 5 2.864 5 2.124 2.76 2.769 2.033 2.024 2.035 2.054 2.184 3.975 0.547 0.541 0.55 4.109 0.846 0.837 0.849 0.871
1.007 5 3.124 4.173 5 2.887 1.924 2.687 2.675 5 1.893 1.885 1.895 1.918 2.044 3.863 0.519 0.513 0.522 0.554 0.955 0.945 0.956 0.979
1.415 1.417 1.443 5 3.466 4.422 1.804 1.785 1.795 2.335 2.331 1.406 1.387 1.377 1.387 1.221 0.576 0.534 0.511 0.505 0.512 4.42 0.861 1.394
1.62 1.662 5 1.693 3.553 5 1.71 1.695 1.728 1.754 2.141 1.208 5 1.174 1.183 1.373 1.405 0.62 0.595 0.587 0.593 5 4.535 1.621
0.766 1.825 5 5 5 1.662 1.641 1.622 1.637 1.678 1.679 1.057 1.036 1.024 1.048 1.289 1.076 0.686 0.668 0.651 0.697 5 0.707 0.752
0.753 0.782 2.057 2.77 2.912 2.935 5 1.591 5 1.541 1.531 1.54 1.569 1.804 1.827 0.757 0.75 0.758 0.779 0.784 0.75 0.729 0.723 0.73
0.755 0.78 0.825 2.069 2.921 1.671 5 1.594 5 1.541 1.527 1.535 1.785 1.857 1.816 0.755 0.744 0.75 0.773 1.098 0.755 0.738 0.727 0.736
0.753 0.784 1.501 2.067 2.922 1.667 5 1.593 1.578 1.54 1.525 1.534 1.783 1.819 1.815 0.755 0.743 0.75 0.772 1.098 0.757 0.74 0.729 0.738
0.847 0.874 0.916 2.843 2.959 5 5 5 5 1.445 1.433 1.454 1.687 1.691 1.714 0.719 0.707 0.714 0.735 0.758 0.847 0.831 0.82 0.831
0.974 1.008 1.717 2.241 3.006 3.053 5 1.364 1.343 1.319 1.304 1.337 1.556 1.565 1.576 0.671 0.659 0.666 0.691 0.711 0.975 0.958 0.947 0.995
0.993 2.269 2.251 2.256 3.017 5 5 1.343 1.321 1.297 1.285 1.301 1.537 1.545 1.554 0.664 0.652 0.658 0.684 0.704 0.993 0.977 0.966 0.978
1.012 2.281 2.265 2.27 3.024 5 5 1.323 1.302 1.278 1.267 1.275 1.517 1.525 1.572 0.658 0.646 0.652 0.678 0.698 1.012 0.996 0.985 1.025
1.031 2.292 2.277 2.285 3.032 5 5 1.304 1.283 1.262 1.248 1.259 1.495 1.506 1.527 0.651 0.639 0.645 0.668 0.691 1.03 1.014 1.004 1.013
1.07 2.323 2.308 2.319 3.049 5 5 1.269 1.25 1.22 1.209 1.218 1.455 1.472 1.487 0.633 0.624 0.631 0.66 0.677 1.069 1.052 1.042 1.051
1.146 2.387 2.369 2.384 3.093 5 5 5 5 1.143 1.132 1.142 1.375 1.39 1.411 0.603 0.595 0.602 0.632 0.65 1.147 1.128 1.118 1.131
1.306 1.336 2.505 3.133 3.16 5 5 1.026 5 0.979 0.969 0.975 1.203 1.216 2.058 0.538 0.53 0.536 1.509 0.585 1.306 1.291 1.281 1.291
0.42 0.44 1.561 1.454 1.448 1.454 1.49 1.503 2.723 3.34 3.332 5 3.939 5 5 0.81 0.787 0.814 0.978 0.85 0.417 0.386 0.376 0.386
1.166 2.194 2.13 1.768 1.757 1.766 5 1.805 2.808 2.711 2.589 2.601 2.932 5 5 0.542 0.525 0.538 0.597 0.572 1.153 1.133 1.119 1.159
1.187 2.231 2.167 1.779 1.772 1.778 2.05 1.822 2.782 2.568 2.55 2.564 2.878 5 5 0.529 0.512 0.523 0.545 0.562 1.189 1.341 1.158 1.18
1.274 1.274 1.838 1.802 1.794 1.803 2.043 1.843 2.744 2.755 2.491 2.495 2.518 5 5 0.513 0.493 0.503 0.613 0.539 1.248 1.234 1.217 1.249
1.29 1.287 1.555 1.812 1.801 1.813 5 1.847 2.731 2.492 2.471 2.478 2.797 5 5 0.511 0.487 0.496 0.576 0.533 1.268 1.254 1.237 1.272
1.613 1.636 1.667 2.618 1.963 1.927 1.945 1.985 2.516 2.392 2.214 2.096 2.109 2.13 3.819 1.737 5 5 3.109 3.091 0.638 1.697 1.61 1.605
1.623 1.643 1.678 2.623 1.966 1.93 2.019 1.987 2.381 2.511 2.098 2.085 2.159 2.116 3.806 1.726 5 5 3.113 3.097 0.647 1.706 1.622 1.615
1.739 1.758 1.795 2.725 1.961 1.953 5 1.981 2.011 2.438 1.978 1.968 1.998 2.001 2.137 5 1.556 1.452 5 3.181 0.62 0.894 1.741 1.731
2.154 2.137 2.127 2.228 2.233 1.598 1.555 1.514 1.503 1.507 1.799 2.054 1.329 1.325 1.29 5 2.659 5 2.224 2.204 2.193 2.206 2.23 3.15
5 2.168 2.155 2.168 2.229 1.571 1.727 1.482 1.475 1.494 1.759 2.017 1.298 1.275 1.263 1.292 2.63 5 2.254 2.229 2.22 2.232 2.257 2.228
2.484 5 2.183 2.204 2.215 1.915 1.481 1.465 1.454 1.463 1.724 1.981 2.007 5 1.236 1.247 1.269 5 5 1.297 2.244 2.255 2.271 2.305
2.388 2.413 2.318 1.37 1.736 1.315 1.307 1.321 1.477 1.701 1.714 0.993 0.982 0.991 5 1.048 1.042 2.424 0.828 2.405 4.282 3.515 2.489 2.453
0.796 4.883 3.679 5 2.697 2.698 2.669 2.19 1.919 1.448 1.339 1.339 1.356 1.58 1.594 0.75 0.733 0.735 0.761 0.861 0.853 0.861 0.787 0.787
0.797 4.882 3.679 5 2.701 2.698 2.723 2.532 1.919 1.557 1.337 1.333 1.349 1.576 1.589 0.809 0.734 0.732 0.746 0.861 0.848 0.863 0.79 0.789
0.799 4.881 3.68 5 2.701 2.697 2.717 2.531 1.918 1.37 1.335 1.331 1.351 1.574 1.588 0.754 0.734 0.732 0.747 0.862 0.853 0.859 0.792 0.79
0.806 4.882 3.682 5 2.701 2.698 2.721 2.188 1.916 1.36 1.332 1.329 1.348 1.572 1.586 0.751 0.733 0.732 0.747 0.868 0.832 0.867 0.795 0.793
1.188 4.677 1.236 5 2.832 2.36 2.427 1.718 4.941 1.082 0.962 0.954 0.97 1.209 1.234 3.445 0.625 0.627 0.645 5 1.084 5 1.167 1.166
0.539 0.579 5 1.342 1.326 1.341 5.008 4.781 5 3.006 2.487 2.044 1.702 1.736 0.903 0.805 0.789 0.802 0.824 0.549 0.51 0.504 0.498 0.52
0.69 5 5 1.363 1.355 1.363 4.795 1.413 5 5 2.414 1.673 1.656 1.672 0.902 0.769 0.759 0.768 0.792 0.616 0.575 0.556 0.547 0.577
0.801 0.842 1.425 1.461 1.455 1.47 4.841 4.113 5 5 2.161 2.15 1.416 5 5 0.667 0.657 0.664 0.688 1.11 0.798 0.782 0.771 0.781
0.817 1.552 1.443 1.45 1.48 1.491 5 4.11 5 5 5 2.131 1.411 1.394 1.423 0.657 0.639 0.645 0.667 0.818 1.118 0.821 0.794 0.799
0.843 1.483 1.467 1.474 1.487 3.181 5 4.099 5 5 5 2.102 1.674 1.364 5 0.648 0.63 0.631 0.653 0.818 1.134 5 0.824 0.827
0.941 0.969 1.554 1.563 1.576 1.604 5 4.058 5 5 5 2.012 1.93 1.262 1.282 0.655 0.602 0.599 0.612 0.857 0.975 1.201 0.937 0.929
1.248 1.286 1.803 1.813 3.183 3.182 5 4.6 5 5 1.745 1.695 1.618 0.977 5 4.6 0.526 0.521 0.538 0.572 1.014 1.424 1.241 1.236
1.318 1.563 1.574 1.598 1.623 5 3.278 3.207 5 3.776 5 2.082 1.412 1.405 1.298 0.968 0.709 0.527 0.511 0.502 0.514 1.663 1.051 1.289
1.331 1.586 1.597 1.623 1.652 2.065 3.275 3.2 5 3.758 5 2.058 1.389 1.382 1.279 1.35 0.715 0.534 0.518 0.509 0.52 0.65 1.07 1.312
1.348 1.599 1.61 1.633 1.661 2.084 3.274 3.196 5 3.745 5 2.041 1.375 1.36 1.271 1.34 0.713 0.539 0.522 0.513 0.521 0.721 0.889 1.326
1.363 1.613 1.624 1.65 1.672 5 3.273 3.191 5 3.733 5 2.029 1.364 1.352 1.329 1.33 0.709 0.543 0.527 0.517 0.525 0.692 0.9 1.341
1.376 1.629 1.64 1.66 1.687 5 3.271 3.186 5 3.721 5 2.012 1.347 1.34 1.318 1.318 0.707 0.55 0.531 0.522 0.533 0.703 0.911 1.358
2.026 2.246 5 5 5 3.239 3.236 2.955 3.253 3.252 4.009 1.36 5 1.169 1.023 1.003 0.832 0.829 0.748 0.733 0.741 4.199 2.306 1.767
2.134 2.371 2.371 5 5 3.251 3.243 2.915 2.919 2.934 3.97 3.98 5 1.041 1.59 0.959 0.889 0.783 0.785 0.772 0.788 0.805 1.091 1.548
1.953 2.375 2.378 5 5 2.378 3.242 2.913 2.916 2.929 2.049 4.884 5 1.037 1.586 0.958 0.872 0.783 0.787 0.774 0.788 0.807 5 1.463
1.957 2.377 2.381 5 5 2.375 3.242 2.91 2.915 2.928 2.043 4.878 5 1.034 1.584 0.957 0.877 0.783 0.788 0.775 0.79 0.809 5 1.556
1.958 2.378 2.382 5 5 2.378 3.241 2.91 2.914 2.927 2.038 4.873 5 1.033 1.583 0.957 0.87 0.783 0.786 0.776 0.791 0.813 5 1.554
1.976 2.395 2.447 5 5 2.38 3.241 2.905 2.905 2.918 2.023 1.064 5 1.02 1.575 0.953 0.937 0.78 0.804 0.78 0.794 4.234 5 1.572
2.228 5 2.466 5 5 3.241 3.239 2.87 2.87 2.886 1.964 3.946 1.009 0.96 0.976 0.516 0.92 0.914 0.828 0.808 0.826 0.848 1.792 5
0.899 5 1.63 2.441 2.658 2.735 5 2.166 3.279 2.819 2.804 2.81 1.804 3.878 0.94 0.765 0.752 0.761 0.871 0.853 0.758 0.744 0.866 0.881
0.943 5 1.631 2.442 2.656 2.736 5 2.167 3.279 2.819 2.804 2.812 1.8 3.875 0.939 0.764 0.751 0.76 0.874 0.856 0.761 0.744 0.87 0.905
0.919 5 1.631 2.442 2.659 2.735 5 2.167 3.279 2.819 2.804 2.809 1.8 3.878 0.942 0.764 0.751 0.767 0.872 0.854 0.809 0.744 0.867 0.878
0.927 5 1.631 2.442 2.658 2.732 5 2.167 3.279 2.816 2.804 2.812 1.8 3.875 0.939 0.764 0.752 0.76 0.875 0.856 0.809 0.744 0.87 0.909
4.327 5 1.639 2.451 2.658 2.743 5 2.163 3.273 2.807 2.795 2.801 1.791 3.868 0.933 0.761 0.749 0.77 0.881 0.862 0.757 0.751 0.878 0.914
1.075 1.31 2.627 2.626 2.747 5 5 2.146 3.115 2.577 2.564 2.571 2.708 2.721 4.385 0.694 0.674 0.678 0.697 0.719 0.45 1.017 1.03 1.049
1.153 1.191 1.287 2.699 2.783 2.791 5 2.186 3.05 2.484 2.469 2.467 2.483 5 3.628 0.673 0.644 0.645 0.662 0.559 0.51 1.015 1.046 1.213
0.876 5 5 3.014 4.117 2.863 5 2.169 2.777 2.785 2.055 2.047 2.057 2.078 3.342 0.572 0.549 0.544 0.552 0.579 0.616 0.821 0.832 0.852
0.999 5 3.128 4.174 5 2.885 5 2.15 2.679 2.692 1.901 1.891 1.901 5 2.08 0.546 0.522 0.516 0.523 4.174 0.587 0.944 0.953 0.978
1.326 1.353 5 5 5 4.381 1.831 1.801 1.814 2.392 1.857 1.486 1.467 1.461 1.473 1.494 0.549 0.623 0.514 0.5 0.513 4.384 0.591 1.318
1.336 1.362 5 5 5 4.389 1.831 1.798 1.811 2.384 1.853 1.501 1.457 1.45 1.463 1.483 0.556 0.524 0.51 0.502 0.515 4.389 0.592 1.331
1.347 1.373 5 5 5 4.392 1.823 1.794 1.804 2.374 1.85 1.478 1.445 1.44 1.451 1.472 0.559 0.528 0.513 0.505 0.517 4.398 2.314 1.342
1.373 1.395 1.426 2.834 3.443 4.406 1.81 1.784 1.794 2.351 1.839 1.439 1.419 1.414 1.424 1.445 0.568 0.536 0.521 0.513 0.521 4.412 0.847 1.366
1.388 1.41 1.441 2.844 3.443 4.414 1.798 1.778 1.788 1.807 1.837 1.422 1.407 1.398 1.409 1.426 0.569 0.55 0.523 0.517 0.526 4.42 0.861 1.382
1.404 1.423 1.456 5 3.45 4.422 1.788 1.772 1.782 2.324 2.327 1.409 1.392 1.383 1.394 1.414 0.577 0.546 0.528 0.522 0.531 4.432 0.596 1.401
1.421 1.439 1.472 2.868 3.458 4.434 1.779 1.766 1.776 2.31 2.313 1.391 1.379 1.367 1.378 1.223 0.583 0.551 0.532 0.527 0.535 4.444 0.89 1.415
1.439 1.457 1.486 5 3.476 4.443 1.77 1.759 1.77 2.294 1.846 1.376 1.378 1.35 1.361 1.214 0.592 0.557 0.541 0.532 0.541 5 0.606 1.433
1.519 1.534 1.56 5 5 1.761 1.742 1.732 1.743 2.232 1.785 1.576 1.286 1.279 1.289 1.309 0.624 0.581 0.562 0.556 0.564 5 0.625 1.51
1.537 1.553 1.579 5 5 1.754 1.739 1.725 1.736 2.216 2.219 5 1.271 1.262 1.272 1.292 0.623 0.588 0.571 0.562 0.57 5 0.634 1.528
2.529 2.693 5 5 5 1.641 1.621 1.612 1.621 1.668 1.666 1.003 0.984 0.974 0.998 1.012 0.724 0.69 0.67 0.666 0.671 5 0.726 1.831
1.954 2.712 5 5 5 1.636 1.614 1.604 1.614 1.667 1.658 0.984 0.965 0.956 0.972 1.242 0.732 0.697 0.677 0.67 0.682 5 1.311 1.854
1.971 2.73 5 5 5 1.632 1.607 1.594 1.606 1.656 1.647 0.965 0.947 0.937 0.95 1.269 0.739 0.704 0.685 0.678 0.687 5 1.34 1.871
1.991 2.749 5 5 5 1.618 1.599 1.585 1.598 1.636 1.649 0.947 0.929 0.919 0.928 1.25 0.746 0.712 0.692 0.685 0.692 5 1.353 1.894
0.757 5 1.509 2.083 2.825 1.672 5 1.597 5 1.539 1.524 1.539 1.58 1.789 1.812 0.748 0.736 0.742 0.76 1.099 0.762 0.745 0.734 0.742
0.835 0.868 1.576 2.137 2.964 3.022 5 5 5 1.462 1.447 1.455 1.478 1.703 1.728 0.721 0.708 0.717 0.735 0.763 0.842 0.818 0.809 0.848
1.122 1.158 2.338 2.339 3.066 5 5 1.242 5 1.191 1.178 1.186 1.423 1.426 1.449 0.63 0.618 0.626 0.644 0.669 1.111 1.093 1.079 1.136
1.271 1.287 2.441 2.445 3.101 5 5 1.105 5 1.057 1.042 1.068 1.287 1.29 2.068 0.584 0.572 0.58 0.598 0.62 1.243 1.226 1.211 1.236
1.367 1.629 1.424 2.554 3.186 3.203 5 5 5 0.929 0.906 0.905 0.927 1.139 5 0.559 0.521 0.522 0.539 0.562 1.397 1.376 1.353 1.357
1.369 1.623 1.426 2.556 3.191 3.2 5 5 5 0.924 0.901 0.904 0.925 1.136 5 0.559 0.521 0.521 0.539 0.561 1.4 1.378 1.355 1.359
0.974 1.341 1.724 1.673 1.662 1.666 5 2.954 2.361 2.929 2.783 2.788 3.393 5 5 0.633 0.613 0.615 0.638 0.658 0.957 0.943 0.928 0.946
1.105 2.177 2.071 1.734 1.715 1.719 1.734 2.839 2.27 2.823 2.635 2.631 5 5 5 5 0.569 0.568 0.585 0.619 1.301 1.101 1.08 1.085
1.289 1.541 1.358 1.788 1.774 1.771 1.788 2.705 2.688 2.687 2.471 2.433 2.449 5 5 5 0.525 0.52 0.533 0.664 1.322 1.447 1.277 1.279
1.308 1.364 1.363 1.794 1.78 1.776 1.795 2.695 2.674 2.674 2.425 2.411 2.429 5 5 5 0.521 0.516 0.529 0.693 1.467 1.462 1.296 1.298
1.386 1.428 1.437 1.815 1.801 1.797 1.813 2.638 2.618 2.621 2.353 2.332 2.347 2.9 5 5 3.824 0.501 0.512 0.622 1.418 1.52 1.378 1.374
1.409 1.458 1.457 1.824 1.806 1.802 1.818 1.863 2.608 2.608 2.376 2.312 2.326 2.882 5 5 3.801 0.499 0.511 0.637 1.435 1.428 1.397 1.393
1.425 1.46 1.476 1.86 1.811 1.807 1.823 1.865 2.592 2.595 2.354 2.292 2.307 2.862 5 5 3.79 0.5 0.527 0.667 1.455 1.445 1.417 1.413
1.445 1.48 1.496 1.838 1.816 1.812 1.828 1.873 2.579 2.583 2.293 2.272 2.287 2.844 5 5 3.78 0.516 0.538 0.611 1.488 1.468 1.437 1.433
1.643 1.664 1.693 1.91 1.864 1.859 1.874 1.967 2.453 2.458 2.092 2.074 2.088 2.661 5 1.752 5 5 5 0.57 0.846 1.656 1.634 1.638
2.153 2.135 2.14 2.143 2.098 1.598 1.516 1.342 1.346 1.367 1.662 1.932 1.382 1.292 5 5 5 2.408 2.375 2.359 2.364 2.414 2.47 5
2.166 2.16 2.182 2.12 1.608 1.593 1.338 1.319 5 1.654 1.903 1.911 1.277 1.267 1.276 1.301 5 2.41 2.387 2.373 2.404 4.074 3.3 2.192
2.291 2.274 2.184 1.319 1.295 1.263 1.25 1.262 1.486 1.742 1.768 1.155 1.105 1.118 2.492 1.156 1.173 0.94 2.442 2.507 4.213 3.458 5 2.331
2.356 2.257 1.685 1.282 1.245 1.233 1.239 1.264 1.662 1.674 1.015 1.005 1.02 5 1.127 1.106 1.128 0.933 2.468 4.302 2.479 5 2.362 2.326
2.075 2.282 1.684 1.272 1.241 1.231 1.241 1.407 1.642 1.299 0.985 0.975 0.989 1.01 1.092 1.094 2.478 0.933 2.48 5 2.503 5 2.46 2.447
1.763 1.727 1.65 1.272 1.241 1.236 1.255 1.559 1.607 0.999 0.922 0.922 0.942 5 1.05 1.066 0.939 0.939 2.48 5 2.539 2.539 2.511 2.509
4.41 3.626 5 5 2.643 2.65 2.594 1.411 4.86 1.361 1.352 1.361 1.621 1.211 0.934 0.79 0.78 0.792 0.816 0.869 0.878 5 0.717 5
4.414 3.651 5 2.664 2.645 2.654 2.521 1.411 1.389 1.363 1.353 1.361 1.506 1.211 0.926 0.789 0.778 0.789 0.816 0.868 2.347 5 0.75 0.716
4.411 3.629 3.686 2.666 2.647 2.659 2.523 1.41 1.392 1.364 1.353 1.365 1.506 1.213 3.589 0.788 0.777 0.783 0.809 0.827 0.923 5 1.847 0.708
4.415 3.633 3.689 2.665 2.649 2.657 2.519 1.409 1.384 1.36 1.349 1.413 1.501 1.618 1.644 0.786 0.775 0.782 2.12 0.872 0.922 5 0.758 0.712
4.422 3.638 3.699 2.663 2.65 2.614 2.514 1.402 1.378 1.354 1.343 1.355 1.492 1.612 3.585 0.784 0.774 0.781 0.895 0.876 0.911 5 0.753 0.722
4.421 3.652 5 2.672 2.653 2.609 2.515 1.397 1.369 1.346 1.335 1.347 1.483 1.604 1.717 0.781 0.771 0.781 0.804 0.88 5 5 1.889 0.727
4.427 5 5 2.673 2.657 2.604 2.505 1.386 1.359 1.335 1.324 1.332 1.472 1.593 0.91 0.777 0.766 0.776 5 0.882 5 5 0.775 0.748
4.444 5 3.749 2.678 2.667 2.606 2.502 1.36 1.649 1.309 1.297 1.309 1.444 1.566 1.589 0.766 0.755 0.766 0.789 0.899 5 5 0.797 0.775
4.474 3.73 2.722 2.697 2.686 3.554 2.497 1.309 1.285 1.264 1.249 1.283 1.396 1.515 5 0.746 0.736 0.745 0.772 0.92 0.973 5 2.073 0.817
0.911 3.939 3.976 2.775 2.763 2.573 2.436 1.106 1.781 1.059 1.043 1.08 1.304 1.305 1.328 0.667 0.655 0.665 1.591 5 1.035 5 5 5
0.91 5 3.997 2.785 2.77 2.572 2.433 1.087 1.772 1.04 1.024 1.057 1.285 1.285 5 0.66 0.648 0.657 0.686 5 1.045 5 5 1.562
0.945 4.052 4.052 2.809 2.791 2.441 1.757 1.034 1.743 0.983 0.967 0.979 1.055 1.227 5 0.641 0.626 0.635 0.754 5 1.076 5 5 1.118
