0.724 0.756 5 5.009 3.839 5 2.936 2.928 2.843 2.414 2.087 1.365 1.349 1.344 1.36 1.473 0.543 0.514 0.5 0.496 0.52 0.705 0.692 0.702
0.733 0.764 0.811 5.004 3.844 5 2.936 2.926 2.836 2.416 2.078 1.393 1.367 1.33 1.345 1.465 0.543 0.595 0.502 0.498 0.513 0.711 0.701 0.711
0.761 0.816 0.834 5 3.859 5 2.938 2.914 2.816 2.405 2.05 1.455 1.341 1.298 1.313 1.331 1.355 0.576 0.516 0.504 0.524 0.745 0.73 0.742
0.772 0.829 0.84 0.861 3.867 5 5 2.91 2.81 2.81 2.038 1.442 1.294 1.285 1.297 1.317 1.341 0.575 0.524 0.507 0.527 0.76 0.742 0.767
0.848 0.843 0.851 0.878 3.873 2.942 5 2.906 2.8 2.796 2.025 1.424 1.28 1.271 1.282 1.302 0.577 0.583 0.525 0.511 0.53 0.778 0.756 0.802
0.868 0.924 0.935 4.636 3.903 5 2.896 2.877 2.741 2.736 1.949 1.338 1.201 1.188 1.199 1.357 1.437 0.563 0.544 0.535 0.547 0.863 0.621 0.864
1.169 1.162 1.178 4.662 4.003 5 5 2.785 2.561 2.087 1.724 1.096 0.959 0.948 0.96 0.98 1.208 0.648 0.628 0.619 0.629 5 1.089 1.088
1.186 1.179 2.324 4.663 4.01 5 5 2.778 2.548 2.07 1.706 0.968 0.942 0.931 0.943 0.969 1.199 0.835 0.635 0.625 0.636 5 1.106 1.106
1.203 1.196 2.335 4.669 4.017 5 5 2.771 2.536 2.052 1.693 0.948 0.925 0.914 0.927 0.945 1.19 0.665 0.641 0.632 0.642 0.803 1.124 1.123
1.413 1.271 1.78 5 2.4 4.393 4.596 3.937 5 5 1.707 1.767 1.004 0.989 4.599 0.551 0.537 0.549 0.572 0.595 1.035 1.24 1.218 1.25
1.541 1.53 1.54 1.558 1.593 5 1.428 3.198 4.465 3.779 5 2.107 1.439 1.431 1.421 1.043 0.729 0.527 0.506 0.497 0.505 1.617 0.828 1.259
2.348 2.283 5 1.888 2.323 3.201 4.173 2.907 2.923 3.182 3.964 1.297 5 1.12 1.011 0.995 0.828 0.933 0.787 0.771 0.784 5 5 1.827
2.24 2.483 5 2.012 2.392 3.886 4.23 2.849 3.446 3.072 3.914 0.974 0.953 0.937 0.952 0.93 0.913 0.773 0.932 0.835 0.845 4.233 5 2.247
1.481 2.403 5 2.621 2.64 2.217 3.849 5 2.818 2.801 2.815 1.815 3.849 5 5 0.779 0.797 0.862 0.855 0.746 0.865 0.897 0.926 5
1.141 5 2.463 2.463 2.667 2.679 2.231 2.16 5 2.776 2.761 2.772 1.758 5 0.905 0.746 0.734 0.742 0.889 0.868 0.77 0.764 0.882 0.943
0.979 5 1.856 2.535 2.707 2.715 5 5 3.741 2.691 2.67 2.67 2.841 5 5 0.724 0.699 0.7 0.718 0.944 0.927 0.924 0.937 0.964
1.536 1.555 1.575 5 5 4.501 1.762 1.753 1.763 1.799 5 1.273 1.259 1.241 1.255 1.273 0.581 0.563 0.539 0.531 0.543 4.493 0.981 1.523
2.536 3.021 5 5 5 5 1.653 1.601 1.654 2.682 5 0.986 0.987 0.959 0.971 0.992 1.017 0.649 0.63 0.623 0.635 5 0.71 1.821
2.575 2.81 5 5 5 5 1.638 1.584 1.593 2.672 5 0.957 0.929 0.923 0.936 0.953 0.994 0.663 0.647 0.638 0.645 5 5 1.862
1.565 1.592 1.628 1.895 1.885 1.894 5 1.938 2.547 2.168 2.153 2.181 2.473 5 1.877 5 5 5 0.515 0.666 1.561 1.546 1.535 1.544
1.682 2.651 2.635 1.945 1.934 1.973 5 1.985 2.484 2.058 2.042 2.043 2.065 2.579 1.776 1.634 5 5 5 0.537 0.811 1.662 1.65 1.661
2.333 2.333 1.997 1.972 1.713 1.569 1.361 1.361 1.574 1.578 1.449 1.105 1.092 1.089 5 5 1.06 2.346 0.826 2.331 5 5 3.387 5
2.469 2.477 2.053 2.037 1.762 1.338 1.325 1.337 1.482 1.693 1.715 0.959 0.947 1.045 5 5 0.998 1.017 0.794 2.369 4.285 3.512 5 2.486
2.488 2.517 2.072 2.049 1.77 1.334 1.321 1.33 1.474 1.678 1.69 0.939 0.928 0.957 5 5 0.989 1.005 0.797 2.377 4.3 3.532 5 2.506
2.508 2.527 2.001 2.06 1.722 1.326 1.317 1.326 1.462 1.663 1.673 0.92 0.908 0.921 5 5 0.976 0.992 0.8 2.382 4.316 4.771 3.574 2.519
1.213 1.244 1.272 5 2.843 2.824 2.577 1.718 5 5 0.938 0.906 0.918 0.944 1.155 1.676 0.582 0.582 0.598 5 5 5 1.244 1.205
1.218 4.941 1.274 2.867 2.893 2.824 2.576 1.717 5 5 0.933 0.904 0.915 0.942 1.153 1.678 0.582 0.581 0.598 5 5 5 1.249 1.207
1.221 1.249 1.273 2.864 2.896 2.825 2.576 1.712 5 5 0.928 0.902 0.913 0.94 1.154 5 0.581 0.581 0.598 4.718 5 5 1.225 1.209
0.583 5 5 1.235 1.253 4.765 4.127 5 2.909 2.896 2.635 1.73 1.325 5 5 0.874 0.885 0.907 1.089 1.129 0.504 0.51 0.522 4.724
1.304 5 1.859 1.87 3.195 3.194 5 3.934 5 5 1.642 1.692 1.557 0.91 5 0.58 0.499 0.495 0.508 0.675 1.041 1.328 1.303 1.295
1.303 5 1.859 1.869 3.198 3.195 5 3.907 5 5 1.643 1.682 1.557 0.907 5 0.586 0.499 0.495 0.508 0.674 1.037 1.328 1.309 1.294
0.702 1.75 1.751 1.773 5 5 5 3.095 5 3.585 5 5 5 1.888 1.364 1.353 0.933 0.661 0.621 0.601 0.612 0.655 5 0.687
1.898 2.355 2.284 2.293 5 1.914 5 4.168 2.288 2.836 2.032 5 1.271 5 1.122 0.69 1.06 0.901 1.008 0.875 0.856 0.868 0.891 5
1.921 2.38 2.297 2.309 5 1.917 3.881 4.173 2.416 3.111 2.011 3.89 5 5 1.106 0.678 1.056 0.9 1.015 1.001 0.867 0.878 5 5
1.933 2.327 2.313 2.325 5 3.878 3.89 4.178 2.808 3.095 1.992 3.858 5 1.119 1.086 0.666 1.052 0.899 1.03 0.926 0.878 0.893 5 5
2.272 2.437 2.437 2.457 5 3.793 4.217 2.735 2.725 2.737 1.845 3.791 1.092 0.979 0.967 0.983 1.039 1.025 1.043 0.946 0.964 0.989 1.302 1.661
2.027 5 3.111 4.152 2.9 1.94 1.947 3.184 1.937 1.909 1.897 1.906 1.676 0.913 3.193 0.512 0.499 0.505 0.527 0.549 0.921 0.929 1.566 1.634
0.612 2.245 2.488 1.589 5 4.48 5 1.78 1.781 1.791 2.813 1.283 1.258 1.245 1.249 1.399 1.43 0.556 0.523 0.507 0.514 5 0.611 0.598
0.615 2.266 2.497 1.607 5 4.49 5 1.771 1.771 1.781 5 5 1.241 1.225 1.225 1.256 1.411 0.57 0.536 0.516 0.534 0.557 4.488 0.598
0.622 2.276 2.512 1.615 5 4.497 5 1.765 1.761 1.773 5 5 1.271 1.213 1.213 1.233 1.401 0.58 0.542 0.522 0.526 0.548 0.587 0.605
0.627 2.284 2.521 1.626 5 4.505 1.791 1.758 1.757 1.766 5 5 5 1.2 1.199 1.216 1.389 0.583 0.552 0.528 0.532 0.55 0.592 0.614
0.633 2.302 2.534 1.641 5 4.513 1.78 1.75 1.746 1.757 1.802 5 1.82 1.186 1.185 1.198 1.38 0.592 0.56 0.536 0.536 0.557 0.605 0.617
0.642 1.725 2.341 1.656 5 1.818 2.837 1.751 1.74 1.749 1.792 5 1.816 1.171 1.17 1.183 1.371 0.593 0.567 0.543 0.543 0.56 0.615 0.619
1.608 2.335 2.354 1.67 5 1.81 5 1.746 1.728 1.739 1.779 5 5 1.156 1.154 1.167 1.059 1.375 0.576 0.551 0.551 0.568 0.596 0.623
1.627 2.352 2.374 1.688 5 4.542 4.548 1.73 1.719 1.729 1.766 5 5 1.143 1.138 1.15 1.348 1.211 0.586 0.564 0.56 0.573 0.603 0.631
1.649 2.37 2.392 1.709 5 1.802 2.845 1.727 1.708 1.719 1.762 5 5 1.129 1.121 1.13 1.331 1.93 0.59 0.573 0.568 0.582 0.612 0.639
1.728 2.444 2.669 2.949 5 5 5 1.673 1.664 1.674 2.718 1.556 5 1.067 1.049 1.061 1.087 1.306 1.329 0.715 0.608 0.621 0.646 0.673
1.769 2.482 2.692 5 5 5 1.674 1.646 1.608 1.65 1.675 1.488 1.045 1.027 1.029 1.025 1.049 1.294 0.656 0.638 0.63 0.642 0.667 0.693
1.829 2.542 2.737 5 5 5 5 1.61 1.566 1.617 1.638 1.421 0.999 0.971 0.962 5 1.001 1.024 0.691 0.669 0.662 0.675 4.647 0.725
1.868 2.573 2.767 1.924 5 5 1.618 1.557 1.538 1.567 1.566 1.42 5 0.942 0.93 0.941 1.221 0.988 0.713 0.691 0.685 0.696 0.721 0.75
0.519 1.411 1.386 1.375 1.387 1.445 1.439 2.615 3.242 3.251 5 5 5 5 0.939 0.826 0.837 1.008 5 0.565 0.458 0.451 0.459 0.505
2.448 2.52 2.063 1.401 1.807 1.347 1.338 1.367 1.574 1.676 1.693 0.913 0.902 0.91 5 0.964 0.958 0.982 0.776 5 4.308 3.538 5 2.528
0.758 3.628 5 2.689 2.671 2.68 2.56 1.43 1.413 1.387 1.377 1.386 1.61 1.623 0.904 0.75 0.74 0.751 0.775 0.787 0.762 0.742 0.731 0.74
0.757 4.87 3.623 2.1 2.32 2.672 2.652 1.44 1.948 1.396 1.381 1.386 1.408 1.618 1.643 0.75 0.734 0.737 0.788 0.843 0.764 0.835 0.733 0.737
0.501 0.544 5 1.352 1.335 1.349 4.834 1.414 5 5 3.401 2.48 1.587 1.755 0.945 0.796 0.771 0.78 0.805 0.513 0.477 0.465 0.456 0.498
0.625 0.59 1.212 1.376 1.366 1.378 5 4.226 5 5 2.877 1.688 1.667 5 0.94 0.75 0.739 0.746 0.768 0.993 0.545 0.527 0.516 0.526
1.268 1.292 1.319 5 1.692 3.149 5 3.891 5 5 1.715 1.656 1.581 1.645 0.954 0.566 0.534 0.528 0.534 0.673 1.058 1.065 1.272 1.258
1.519 1.522 1.543 2.023 2.012 1.792 3.195 5 3.784 3.799 5 1.468 1.409 1.411 1.393 1.404 0.703 0.51 0.496 0.496 0.523 0.714 0.584 1.552
1.705 1.954 1.974 5 5 3.25 3.101 3.074 3.464 5 5 5 1.461 1.008 1.172 1.092 0.775 0.656 0.668 0.625 0.637 5 5 1.689
1.761 2.01 2.026 5 5 3.25 3.072 3.058 3.425 5 5 5 1.408 0.952 1.136 1.057 1.057 0.669 0.631 0.642 0.654 5 5 1.746
1.777 2.029 2.045 5 5 3.248 3.083 3.052 3.415 5 5 5 1.388 0.934 1.119 1.046 0.702 0.669 0.634 0.648 0.663 5 1.788 1.766
0.898 0.896 2.138 2.705 2.644 5 5 3.291 3.287 3.305 2.818 2.832 1.826 3.882 5 0.762 0.753 0.778 0.83 0.821 0.712 0.831 0.828 0.842
0.917 5 1.638 2.443 2.662 5 5 3.278 3.269 2.803 2.788 2.793 1.783 3.853 0.921 0.744 0.731 0.74 0.861 0.84 0.74 0.734 0.865 0.874
1.024 5 1.917 2.584 2.731 2.735 5 3.152 3.139 2.63 2.603 2.608 2.738 5 4.397 0.767 0.673 0.672 0.685 0.728 0.418 0.969 0.981 0.998
0.62 0.651 1.521 1.493 1.486 1.492 5 1.535 2.54 2.559 3.095 5 5 5 1.001 0.763 0.752 0.761 0.793 0.807 0.623 0.606 0.595 0.601
0.743 0.771 0.81 1.54 1.533 1.542 5 1.578 2.459 3.045 2.976 5 5 5 0.908 0.719 0.707 0.716 0.738 0.757 0.742 0.725 0.715 0.724
1.415 1.617 2.342 1.798 1.787 1.796 5 1.835 2.495 2.34 2.324 2.349 2.663 2.9 5 5 1.939 0.501 0.523 0.54 1.389 1.382 1.362 1.381
1.577 1.435 1.48 1.805 1.794 1.803 5 1.842 2.483 2.321 2.306 2.317 2.643 2.874 5 5 1.955 0.496 0.524 0.534 1.408 1.394 1.381 1.414
1.708 1.589 2.499 1.864 1.853 1.951 5 2.015 2.394 2.165 2.15 2.158 2.481 2.707 1.907 5 5 5 0.556 0.686 1.559 1.546 1.535 1.55
1.603 1.619 1.912 1.873 1.863 1.924 5 2.001 2.38 2.138 2.12 2.128 2.157 2.68 5 5 5 5 0.512 0.687 1.59 1.573 1.562 1.567
2.084 1.632 1.617 1.497 1.125 1.115 1.132 1.28 1.52 1.54 0.927 0.918 0.928 0.954 1.139 1.145 5 1.038 2.659 2.594 3.66 5 2.314 2.484
3.757 3.686 5 2.639 2.62 2.249 2.417 1.277 1.805 1.236 1.224 1.234 1.467 1.523 1.655 0.814 0.786 0.798 0.823 0.967 0.913 0.891 0.88 0.899
0.552 0.589 5 1.346 1.337 1.346 4.798 4.191 5 5 2.888 1.714 1.699 5 0.975 0.779 0.769 0.776 0.799 1.006 0.532 0.512 0.502 0.528
1.109 5 1.682 1.693 1.619 3.136 5 3.97 5 5 1.853 1.818 1.132 1.096 1.13 0.574 0.55 0.559 0.575 0.595 0.943 1.311 1.093 1.092
1.214 1.245 1.78 1.79 1.745 3.169 5 3.931 5 5 1.725 1.712 1.633 0.987 1.735 0.618 0.527 0.516 0.533 0.558 0.996 1.395 1.211 1.202
1.23 1.452 1.279 1.808 3.192 3.176 3.192 4.581 5 5 5 1.688 1.616 1.305 0.97 0.548 0.509 0.501 0.511 0.604 0.57 1.01 1.273 1.218
1.233 1.456 1.805 1.812 5 3.176 3.196 4.021 5 5 5 1.682 1.61 1.296 0.967 0.554 0.508 0.501 0.511 0.632 0.577 1.013 1.238 1.221
1.245 1.269 1.807 1.812 3.193 3.177 3.193 4.578 5 5 5 1.679 1.61 1.296 0.964 0.547 0.508 0.501 0.51 0.639 0.569 1.015 1.279 1.224
1.252 1.273 1.81 1.821 3.194 3.177 3.191 4.573 5 5 1.735 1.679 1.609 1.666 0.961 0.547 0.508 0.5 0.51 0.607 0.568 1.017 1.273 1.228
1.25 1.273 1.816 1.817 5 3.179 3.192 4.57 5 5 1.721 1.671 1.599 1.656 0.951 0.546 0.507 0.499 0.508 0.605 0.566 1.022 1.246 1.235
1.263 1.475 1.823 1.828 3.197 3.181 3.193 4.566 5 5 1.716 1.662 1.59 1.647 0.943 0.548 0.506 0.498 0.507 0.605 1.302 1.028 1.259 1.245
1.772 2.007 2.021 2.05 5 3.221 3.07 3.023 3.044 3.402 5 1.587 5 0.91 1.155 1.079 0.73 0.703 0.668 0.674 0.681 0.845 5 1.666
2.232 2.225 2.369 5 3.999 3.225 2.967 2.947 4.135 3.253 3.996 1.365 5 1.185 1.026 1.006 0.835 0.835 0.741 0.726 0.735 5 5 1.7
2.247 2.241 2.358 5 3.992 3.225 3.226 2.941 4.127 3.228 3.99 1.348 5 1.168 1.018 0.998 0.828 0.768 0.747 0.733 0.741 5 5 1.781
2.171 2.402 5 5 5 3.238 3.236 2.89 3.492 3.114 3.946 1.03 1.017 0.998 1.555 0.939 0.852 0.768 0.786 0.777 0.801 4.225 5 1.559
2.17 2.4 5 5 5 2.417 3.239 2.89 3.496 3.115 3.946 1.033 1.017 0.995 1.555 0.936 0.849 0.768 0.789 0.776 0.797 4.235 5 1.578
2.17 2.404 2.46 5 5 3.241 3.237 2.892 2.896 2.914 3.947 1.037 1.018 0.995 1.555 0.936 0.9 0.767 0.786 0.772 0.792 0.826 5 1.559
2.181 2.414 2.478 5 5 3.241 3.237 2.887 2.892 2.905 3.944 1.028 1.005 0.985 1.545 0.932 0.917 0.765 0.79 0.776 0.803 4.242 5 1.595
2.23 2.474 2.511 5 3.259 3.238 3.234 2.864 2.868 2.882 3.921 4.763 0.997 0.942 1.513 0.51 0.902 0.765 0.811 0.795 0.806 0.847 1.781 5
2.263 2.564 2.525 5 3.26 3.237 3.234 2.848 2.852 2.866 3.913 4.731 5 0.913 0.923 0.481 0.898 0.768 0.832 0.81 0.823 0.863 5 5
0.983 1.427 2.561 2.546 2.714 5 5 3.191 3.181 2.673 2.659 2.659 2.799 3.757 4.45 0.711 0.69 0.692 0.713 0.735 0.931 0.928 0.941 0.968
1.231 1.259 1.285 5 5 5 5 1.813 2.483 2.456 2.463 1.573 1.562 1.56 1.58 1.715 0.542 0.51 0.496 0.496 0.52 0.731 1.228 1.219
1.241 1.268 1.294 5 5 4.319 5 1.809 2.469 2.448 2.455 1.567 1.555 1.55 1.566 1.592 0.542 0.513 0.501 0.497 0.521 0.745 1.238 1.229
1.261 1.281 1.312 5 5 4.327 5 1.802 2.45 2.431 2.434 1.547 1.535 1.529 1.545 1.566 0.548 0.521 0.506 0.502 0.514 5 1.261 1.25
1.285 1.304 5 5 5 4.339 5 1.794 1.82 2.41 2.413 1.527 1.51 1.505 1.519 1.544 0.555 0.588 0.54 0.507 0.52 4.34 1.282 1.274
1.295 1.318 5 5 5 4.346 5 1.788 1.801 2.398 2.401 1.548 1.496 1.491 1.502 1.53 0.56 0.589 0.541 0.511 0.523 4.347 1.3 1.288
1.311 1.333 5 5 3.388 4.353 5 1.782 1.796 2.384 2.388 1.514 1.481 1.476 1.488 1.512 0.564 0.55 0.526 0.515 0.528 4.358 1.315 1.303
1.327 1.353 5 3.442 5 4.362 5 1.776 1.786 2.372 1.829 1.483 1.466 1.46 1.472 1.493 0.569 1.556 0.528 0.52 0.532 4.366 0.609 1.319
1.272 1.518 2.423 2.423 3.115 3.176 5 1.132 5 1.081 1.066 1.071 1.308 1.311 2.057 0.582 0.569 0.58 0.592 0.616 1.213 1.196 1.181 1.206
0.722 0.746 1.55 1.522 1.515 1.521 5 1.561 2.477 2.499 3.01 5 5 5 0.949 0.746 0.734 0.74 1.126 0.801 0.72 0.704 0.693 0.702
0.741 0.766 1.554 1.529 1.523 1.529 5 1.568 2.463 3.051 2.99 5 5 5 0.929 0.738 0.726 0.732 1.137 0.778 0.739 0.723 0.712 0.722
0.761 0.785 1.563 1.537 1.531 1.539 5 1.579 2.451 3.037 2.973 5 5 5 0.91 0.734 0.719 0.728 1.146 0.774 0.759 0.743 0.732 0.741
1.362 1.392 2.325 1.784 1.774 1.784 1.803 1.826 2.633 2.374 2.36 2.401 2.709 5 5 5 0.518 0.523 0.543 0.569 1.363 1.353 1.337 1.35
1.42 1.444 2.392 1.808 1.799 1.806 1.828 1.851 2.493 2.319 2.305 5 2.65 5 5 5 5 0.506 0.584 0.728 1.412 1.425 1.392 1.401
1.561 1.588 1.627 1.872 1.863 1.87 5 1.914 2.523 2.17 2.159 2.212 2.489 5 5 5 5 0.497 0.528 0.711 1.557 1.546 1.536 1.549
1.596 1.62 1.659 1.885 1.876 1.886 5 1.927 2.506 2.138 2.127 2.188 2.455 5 5 5 5 4.608 0.503 0.682 1.589 1.575 1.568 1.575
1.621 1.637 1.677 1.892 1.883 1.892 5 1.934 2.498 2.123 2.112 2.152 2.439 5 5 5 5 5 0.514 0.694 1.604 1.59 1.583 1.589
0.87 3.762 3.692 2.672 2.659 2.659 2.479 2.098 1.842 1.286 1.268 1.268 1.284 1.541 1.554 0.785 0.767 0.769 0.959 0.936 0.925 0.937 0.856 0.852
0.969 3.834 3.788 2.739 2.687 2.29 2.433 1.788 1.798 5 1.166 1.166 1.189 1.438 1.057 0.753 0.736 0.741 0.767 1 0.986 0.993 0.955 0.954
0.632 0.596 5 1.391 1.38 1.425 5 1.426 5 5 2.881 1.68 1.662 5 0.934 0.741 0.73 0.736 0.992 0.785 0.552 0.534 0.523 0.532
0.667 4.829 5 1.4 1.39 1.4 5 1.441 5 5 5 1.645 1.631 5 0.91 0.731 0.72 0.727 0.75 0.997 0.579 0.563 0.552 0.558
1.782 2.017 2.03 2.056 5 2.094 3.242 3.045 3.061 3.42 5 1.593 5 0.907 1.103 1.068 0.722 0.688 0.655 0.661 0.668 0.844 5 1.666
1.986 2.555 2.493 2.499 5 3.247 3.234 2.881 2.848 2.862 1.926 3.936 1.111 0.938 0.925 0.498 0.916 0.886 0.775 0.826 0.825 0.854 5 5
2.006 5 2.503 2.512 5 3.241 3.231 2.869 2.837 2.851 1.911 3.911 1.094 0.919 0.909 0.49 0.915 0.89 0.776 0.856 0.835 0.867 5 5
0.957 5 2.457 2.464 2.663 2.673 5 3.267 3.256 2.783 2.77 2.942 1.763 5 0.912 0.75 0.739 0.745 0.767 0.867 0.826 0.764 0.89 0.911
0.923 5 2.037 2.467 2.662 2.675 5 2.724 3.255 2.783 2.769 2.942 1.763 5 0.908 0.751 0.739 0.746 0.771 0.867 0.826 0.767 0.893 0.905
0.924 5 2.459 2.69 2.662 2.675 5 3.844 3.255 2.782 2.769 2.788 1.763 5 0.908 0.751 0.739 0.746 0.768 0.867 0.827 0.768 0.894 0.905
0.923 1.415 2.461 2.888 2.663 2.676 5 2.828 3.253 2.779 2.766 2.929 1.762 3.847 0.912 0.749 0.738 0.745 0.767 0.869 0.829 0.77 0.894 0.911
0.928 1.416 2.465 2.69 2.665 2.679 5 3.267 3.25 2.774 2.761 2.777 1.755 3.846 0.905 0.747 0.736 0.743 0.765 0.872 0.831 0.774 0.901 0.913
1.075 1.492 5 2.594 2.741 2.742 2.765 2.173 3.153 2.63 2.611 2.617 2.403 5 5 0.769 0.675 0.675 0.688 0.728 0.419 0.975 0.984 1.008
0.801 2.576 5 5 5 1.623 1.602 1.586 1.638 1.93 1.931 0.984 0.964 0.952 0.96 1.28 1.263 0.721 0.699 0.687 0.695 5 4.673 1.869
1.889 2.606 5 5 5 1.614 1.596 1.576 1.579 1.91 1.621 0.966 0.945 0.933 0.948 1.275 1.254 0.729 0.708 0.696 0.701 5 4.678 1.358
1.919 2.625 5 5 1.646 1.604 1.586 1.567 1.572 1.593 1.9 0.947 0.927 0.915 0.933 1.28 1.221 0.735 0.716 0.705 0.713 5 5 1.907
1.716 5 1.009 2.211 2.992 3.039 5 1.426 1.381 1.356 1.342 1.353 1.595 1.597 1.615 0.685 0.673 0.679 0.704 0.724 0.938 0.921 0.91 0.967
1.602 1.625 1.655 2.611 1.942 1.924 1.942 1.982 2.522 2.527 2.218 2.107 2.121 2.14 5 1.709 5 5 3.102 0.495 0.645 1.687 1.599 1.593
0.83 0.883 3.704 5 2.708 2.708 2.721 2.16 1.903 1.332 1.308 1.304 1.321 1.548 1.561 0.746 0.726 0.731 0.746 0.886 0.859 0.878 0.819 0.818
0.705 5 1.33 1.415 1.409 1.416 5 4.178 5 2.852 2.278 2.216 1.533 5 1.565 0.715 0.705 0.712 0.736 1.064 0.691 0.675 0.665 0.672
2.01 2 2.019 2.958 2.951 2.088 3.241 3.051 5 3.434 5 1.616 5 0.929 1.166 1.084 1.084 0.693 0.672 0.662 0.669 2.952 5 1.617
2.016 2.228 2.351 5 3.267 3.238 3.236 2.96 3.278 3.26 4.013 1.375 5 1.194 1.031 1.011 0.838 0.837 0.742 0.727 0.736 5 2.283 1.755
1.948 2.398 2.394 5 5 3.251 3.243 2.915 2.915 2.931 2.047 4.882 5 1.041 1.587 0.959 0.873 0.784 0.782 0.772 0.789 0.805 1.091 1.456
2.245 2.545 2.481 2.495 5 3.24 3.238 2.861 2.861 2.877 1.959 3.933 0.991 0.945 0.971 0.505 0.917 0.782 0.843 0.816 0.84 0.866 1.795 5
0.929 5 2.468 2.455 2.662 5 5 3.273 3.267 2.802 2.787 2.792 1.786 3.861 0.926 0.759 0.746 1.335 0.884 0.865 0.823 0.758 0.887 0.919
1.153 5 2.476 2.473 2.671 5 5 3.256 3.25 2.774 2.762 2.767 1.758 3.846 0.911 0.751 0.738 0.746 0.764 0.882 0.794 0.778 0.908 0.939
1.169 5 2.485 2.484 2.677 5 5 3.249 3.24 2.762 2.747 2.752 1.742 3.831 5 0.746 0.733 0.742 0.756 0.893 0.849 0.79 0.92 0.972
1.025 1.276 2.577 2.577 2.725 5 5 3.166 3.157 2.641 2.625 2.629 2.766 3.74 5 0.71 0.693 0.698 0.717 0.742 0.973 0.97 0.984 1.014
1.276 1.286 2.455 2.456 3.127 5 5 1.09 5 1.04 1.024 1.029 1.272 1.274 1.328 0.578 0.565 0.573 0.589 0.614 1.261 1.244 1.229 1.251
1.369 1.623 1.428 2.555 2.582 3.2 5 5 5 0.928 0.904 0.904 0.926 1.137 1.159 0.559 0.521 0.521 0.539 0.562 1.527 1.377 1.354 1.358
0.552 0.544 1.589 1.488 1.48 1.486 1.518 1.532 2.645 3.247 3.226 5 5 5 0.979 0.779 0.769 0.776 0.8 0.831 0.52 0.493 0.486 0.493
1.464 1.496 1.515 1.843 1.822 1.817 1.833 1.871 2.566 2.57 2.321 2.253 2.267 2.825 5 5 5 0.51 0.52 0.624 1.505 1.484 1.456 1.452
2.361 2.247 2.21 1.289 1.648 1.249 1.241 1.253 1.461 1.71 1.725 1.071 1.067 5 2.468 1.132 1.154 0.938 2.453 2.467 5 3.501 5 2.284
2.346 1.751 1.726 1.259 1.238 1.238 1.26 1.555 1.608 0.99 0.908 0.909 5 5 1.04 1.054 0.946 2.468 2.484 5 2.563 2.565 2.521 2.52
4.412 3.621 5 5 2.642 2.653 2.537 1.895 1.604 1.363 1.351 1.362 1.395 1.215 0.932 0.802 0.783 0.792 0.882 0.871 0.879 5 0.707 1.808
