-7.075225	-5.0328803
-28.742918	-39.70868
15.800035	17.906239
43.530678	16.950598
-8.285112	40.918972
23.53562	-43.574005
8.739412	-46.32592
-18.730988	-13.8487015
33.18885	16.81899
-23.664484	-37.473274
23.201193	36.55441
19.119722	-33.927204
14.643973	-13.966799
-10.778078	-8.872225
10.713519	40.792362
-8.320183	-29.699354
15.540033	-8.54373
2.5933342	1.6389513
1.5446845	-3.3976104
-12.904214	-17.356575
-39.046276	21.874607
-26.957409	-21.107197
22.21507	23.296087
-19.699884	21.784763
-0.97757804	0.15928784
13.672274	-28.453619
-23.23271	-23.028849
-46.203983	10.447743
-1.9096645	-10.360241
28.39103	5.775875
-24.365253	11.6000185
-7.450664	19.946814
33.19625	-8.2744055
-17.496927	-15.677609
18.630909	25.230665
-10.938748	-26.756542
-25.441017	-17.48545
9.941229	20.520788
32.405155	-13.15332
-0.87283814	-8.117304
-27.59624	25.89553
31.028845	-3.427707
-0.09098293	34.950287
-50.823677	-31.552584
-6.5963864	2.6197145
-44.351902	-14.137
-5.7934604	7.3941703
-23.009296	-4.227488
23.128643	21.417284
16.693754	49.93222
-27.418615	6.7244134
-15.161103	32.06829
-26.501606	23.087097
-15.388663	-19.226131
37.572548	-17.658745
-17.294786	4.854149
-2.8737416	35.155327
-9.6731615	13.494007
9.694803	-29.689365
35.89736	4.9313283
-13.409038	12.881842
-21.957756	40.853554
-0.07444431	43.814278
10.52846	-27.407818
-35.054115	35.12747
-17.75992	44.71043
12.0231695	-5.5445075
-7.141834	53.457443
-14.289159	6.085645
26.261717	3.3688643
4.9420757	25.623096
-4.2359247	54.445602
-22.339901	20.757235
-6.594805	30.24356
-55.80455	-25.196383
34.880867	-44.457336
36.39531	-11.277665
48.129105	-9.29199
28.503332	28.916739
46.426548	13.723349
12.121834	7.9926167
-47.531418	-25.930666
9.838653	5.326567
-31.482203	42.603413
43.10969	-22.135456
13.24078	40.812912
-8.569286	28.61315
3.5037627	-12.469959
-3.1771233	7.83983
42.84932	12.121641
-0.63640994	-32.405827
15.440916	16.10187
18.113579	-38.232403
7.8793	49.250793
-19.029165	8.338529
2.14747	28.345491
-35.06615	6.9682217
22.897038	-46.699524
-22.650597	-32.58585
-0.2219401	22.266193
-47.982292	-25.063019
-22.824383	-47.77688
-9.681754	-33.610218
-23.777365	-13.950067
-28.879663	-27.789637
5.098965	-25.85729
18.949623	-46.757706
-13.9229965	-26.45627
-14.917193	-6.6535864
18.06791	44.083202
-30.105024	-28.927109
14.486626	32.15981
-17.269114	-14.19538
-64.15888	-8.601906
-30.542538	-32.021374
-8.674066	31.865398
-3.691186	-4.4525676
-25.301048	-9.253047
-39.72135	-31.951605
-7.303873	-6.0613585
26.081762	14.925792
5.1084166	15.785498
34.58737	-29.056684
-35.895897	12.438297
-5.091777	31.159876
8.134403	15.228048
6.5153537	-51.334682
42.408417	-8.139297
8.27855	-17.789604
32.90098	17.577282
22.68185	6.414697
40.08197	-1.4340588
9.224798	0.7995931
-22.851559	30.396273
23.9392	15.881981
11.7605915	-11.027653
-4.2530994	35.71072
-10.027545	60.907036
20.648767	-46.84968
-43.003918	-39.57152
-36.29901	37.06244
8.221619	21.745045
-1.9842557	44.358086
-14.761638	-52.90677
56.4359	3.9567819
25.334747	16.80337
-14.102165	-38.47728
18.887894	-20.709656
10.052757	6.4050174
22.625946	27.293919
-4.291665	4.4200463
8.830734	-12.426576
-15.325089	-7.653025
11.400747	-0.56535405
48.249832	23.87571
-55.268436	6.555241
-8.208878	19.092985
11.417836	10.029969
-11.573004	-22.33981
-9.237986	-2.7677245
0.3357276	-24.645544
-13.155985	-27.308537
-13.721466	1.1481879
24.401247	4.3888392
-0.1477883	27.937151
36.57349	-4.4087005
-43.16889	22.785934
-31.416258	-18.155485
-21.260788	-18.337341
-2.343304	-25.955471
-42.89466	-4.6957293
13.880566	4.5845027
28.64137	-3.8142056
38.308296	-9.6608515
-35.10473	-0.34007463
-19.068172	21.82876
-11.97327	41.35324
18.380423	-21.981369
-14.9309845	-6.375634
2.8082128	54.276253
0.6642472	-28.18
-19.873375	32.57281
3.4583066	-29.99605
-20.44788	26.466465
1.8488119	-13.908263
10.442988	-14.280596
41.52112	-33.070328
-10.502684	-10.28207
17.059345	14.99407
-21.11801	-35.017857
16.971092	39.923283
-7.805226	2.7592702
27.357452	-46.84973
-33.697712	3.7713768
-47.913372	-25.035686
18.640371	-13.5609
-58.49231	-15.616216
16.621487	-40.379604
-31.56343	-33.552055
-16.111269	4.646117
29.687496	35.739162
-12.8510065	45.055996
47.508167	13.605647
-26.069761	-31.66139
-54.767742	12.613843
-27.909143	4.3132076
19.284689	-17.885006
-34.980495	15.835992
4.6820807	-6.2387967
-44.906124	-25.549414
-29.94256	-24.205437
24.274612	16.609243
17.06311	39.72001
-35.76576	-43.577328
-21.682201	-22.482883
18.032904	12.009574
57.360535	-26.785929
0.76063895	42.776676
-16.779654	-26.481174
-41.88322	43.071285
-28.051317	50.721035
25.50046	-7.835097
-35.265682	10.322962
7.1700478	-1.8797234
-12.754798	-43.74455
-47.05696	0.6702389
24.78161	-0.8590514
28.860281	11.62468
9.533011	-33.942432
-11.965323	-5.894856
-9.045423	-44.482216
22.897945	36.14243
-25.640818	-1.146913
-30.804321	1.119482
-13.729215	37.48414
-41.718365	17.672966
-17.94432	42.49822
-30.514828	-26.555635
27.127903	14.036219
-9.996311	11.861016
27.392937	-46.20366
-10.830555	23.553946
0.46381164	-5.507657
8.642182	-17.796652
26.328573	-15.984024
15.581259	-0.16969974
-39.39133	6.025256
6.9418955	-24.369005
41.857876	43.289974
-11.405975	-61.24126
6.095932	21.017832
-30.166382	-7.085045
-3.507747	-53.374546
16.11169	-24.986563
4.326658	-23.650623
-10.917287	17.875597
-14.551008	31.96115
-1.3283193	22.392492
-28.045765	-49.720016
27.5332	-26.73016
-1.5945774	2.1491442
20.348639	-13.318288
-35.543453	10.8633375
-36.021862	-42.08855
-0.29838687	19.306635
-34.532146	20.899113
-44.03805	-38.903625
-18.086168	28.29711
-0.40116444	31.527514
6.6924906	-7.763419
-9.401328	-19.753082
21.256832	8.98984
-21.472534	-51.985332
11.489216	-25.907085
44.556618	-12.506999
-46.862553	1.298325
8.242194	-10.224645
-29.991589	-4.064846
-16.735022	0.526568
2.615242	60.029922
3.1893392	25.157862
-28.820322	-45.436874
28.734558	31.452007
11.415387	-38.55596
18.863594	7.9919577
-47.156467	-6.236314
-37.99237	15.207246
34.575436	13.704155
24.21584	18.121616
21.728603	-39.873608
-43.659195	29.18102
50.93552	26.99287
-14.714015	-52.91303
-9.583522	-13.451537
36.332127	-3.9019616
3.6283267	7.1774974
15.163562	13.465973
-15.70642	58.377174
33.164227	7.7176523
39.410007	21.75573
-11.077534	-43.573322
-26.85119	5.5028567
-34.607445	-0.3145814
-30.258251	3.6072357
-4.019579	20.85325
-35.70627	-0.6790239
4.207441	-10.01182
25.964382	9.234079
8.736347	-25.98879
-15.239939	7.9686847
-21.378008	-21.171495
28.774614	0.43639112
16.716976	26.303352
-24.464394	2.6044855
42.58791	-3.3905535
13.683179	17.08056
-1.7957244	-43.78905
56.514885	14.910448
-25.247494	45.682182
4.6828	-6.1284256
-42.116272	31.826109
17.952644	-10.538019
4.352867	-32.2733
-51.925926	-22.029867
-6.154882	-22.009062
-2.742669	-27.11919
30.27471	-12.289215
-19.9932	-41.780174
-6.5400414	15.808831
-17.033321	-0.08882217
27.0174	-16.458696
24.728065	15.380258
5.8640847	-12.311772
3.229243	3.249352
31.007055	43.8687
-37.061863	-14.167618
47.419914	-15.9182825
-25.94489	7.292646
2.5846355	0.9568419
19.116066	-8.04786
-54.87045	-7.5139647
25.852587	-49.177525
-20.21511	18.378853
30.804733	-30.851225
40.916706	20.023626
7.6683664	-4.313784
30.568111	3.5973973
-52.667744	19.4273
-24.075611	35.396713
-2.6819444	28.061474
23.023584	38.208157
-10.277143	15.142163
-47.819202	21.92575
-10.696095	23.449184
-9.232412	13.525357
-19.69457	0.51916313
-4.4200244	-58.304543
12.26081	-55.904285
25.413578	7.9865274
-11.109098	-29.281874
-13.298364	-23.967096
-35.309216	36.718185
-4.358282	4.666716
-51.891525	-16.59779
-11.452673	-14.30796
-11.604175	20.679667
-18.597048	35.84023
-33.074955	21.552464
15.157019	-35.77756
-19.176247	-27.40031
8.491586	10.670325
36.160408	32.998318
18.18226	42.997604
14.00588	-24.796255
-12.02177	-7.158133
-19.535658	-16.3696
5.227358	-36.148853
-0.9785762	33.564754
-3.4496162	45.88495
24.600586	-0.83635205
54.257145	-10.697515
8.212982	62.19789
0.5012951	46.823093
-3.9854228	-4.5728335
9.309293	-24.810293
-47.046936	22.404982
15.278766	-16.730759
14.525829	-47.238323
-19.731976	-9.026492
-6.5905857	45.639763
-45.330154	-22.019426
4.9419594	-37.537853
52.22638	16.960857
34.688744	-14.243717
-9.595608	7.2722263
12.580966	-53.11228
-34.53923	19.347317
-39.528328	27.482317
43.15007	5.562067
-33.02104	27.9996
5.235587	5.3347263
12.143956	-6.9365172
15.468413	-11.498216
-2.2464027	17.008118
-7.6158605	-15.497947
55.344078	-5.161843
-56.307926	29.923431
-17.053524	28.926607
-27.908787	-7.5922775
-15.450546	-28.9637
23.194498	-47.882187
-4.825802	-21.339031
-22.2784	48.770336
24.154785	46.80592
-2.226112	22.248142
15.748665	5.9795265
-7.396542	3.0127192
4.002658	-11.858864
-18.576202	8.827721
9.77406	-3.5249722
23.742062	0.9671111
3.5584354	28.852098
-18.816484	27.426186
-30.326393	-21.623493
-61.880135	3.854028
34.01754	-9.904293
46.715256	-37.390755
-54.545467	-26.554195
-17.684465	-37.828503
-35.678593	23.912289
48.204315	24.589968
-2.481876	35.973106
22.14611	27.017365
-18.274618	12.653686
17.087818	18.371075
28.01344	-19.995443
28.114668	-8.6811075
0.60150737	-34.939346
-5.120031	-25.85105
-32.672005	19.814957
-55.46562	6.9622073
-35.708614	-10.414506
45.29061	2.4812887
-42.59039	-4.6405888
-20.107279	-41.810158
4.1112723	10.074191
-31.147957	33.945503
62.716908	-7.4782624
-17.155386	-42.042145
14.321917	-6.6449533
32.59297	0.6042916
28.752157	9.968717
18.052944	44.187496
3.2887337	-17.221657
-36.032616	32.43194
42.318607	16.799168
-5.82986	-21.434242
-41.783913	-44.712772
-33.047592	13.703066
-26.181633	-57.62425
-41.696156	44.949085
-5.508544	-37.504387
39.592506	-28.594597
22.474173	-4.323037
-19.506208	28.770702
-40.28508	12.445303
-18.238794	-7.8152485
-25.739464	-52.29787
-22.159863	18.696796
-26.594719	-30.871683
26.341505	-25.355549
6.6599765	-5.6126037
18.385897	-45.60949
-29.323763	12.597221
13.445536	20.128654
6.813054	-18.888346
-3.7960548	11.098778
-40.721848	-9.677934
-35.532894	-5.1811924
14.305593	-9.012146
-22.481024	17.70695
-25.70425	2.1636457
-14.01927	-13.500313
-18.10559	-41.113743
19.07109	11.662478
-47.395763	-13.561969
54.162643	-12.178651
-25.80641	14.146863
-36.060246	-19.528397
-29.249615	-8.467045
17.547068	17.25326
-22.429379	41.342106
-10.121125	6.4646845
7.1967554	-23.899483
-36.902008	0.5993529
-14.531883	-17.379698
-13.834123	-15.206197
-48.604504	-38.35765
1.5329802	6.0574064
-10.779067	-3.0261433
-27.528831	6.390885
31.19843	-3.9739728
-42.125977	-27.188269
19.119226	-46.37367
-14.663871	-1.9998821
55.51808	-22.01067
23.011477	-6.9808707
14.989107	-2.9883947
22.638845	55.65737
12.775834	-3.481202
-40.019676	-31.898254
21.752491	26.725843
-14.715007	23.95534
2.3896008	-40.034115
15.534063	-30.284437
-18.813877	24.478521
16.164297	-33.38861
-19.131367	-3.9821842
-7.708401	-23.979605
-23.112606	-17.464499
49.38794	-31.451876
-30.12039	57.452587
-11.3255005	35.889397
-10.004893	27.255827
11.07884	-22.266953
-26.230284	-8.732349
8.384658	-10.230331
-16.603233	0.53979325
-8.474735	9.910773
-22.936073	-9.694593
13.769406	-16.098938
5.1474705	23.18541
31.17094	-24.142126
23.997513	-40.706284
6.274464	-10.200469
-14.900195	-21.431793
-0.17038256	31.17134
15.915846	0.81936896
22.472946	-3.1145346
9.294601	-22.567284
19.888947	51.87041
22.62761	-12.649473
-9.080261	-4.4537797
8.418881	-45.506565
26.613243	-9.849901
50.117657	21.108109
-4.6253924	35.921947
39.121857	-26.921604
30.22572	-37.157158
39.116962	23.95614
33.63784	3.4664023
2.9964037	-50.622986
-11.79567	17.756187
-14.661701	-11.63841
8.520134	-13.038195
-0.6440653	-31.342176
-30.412388	24.822077
14.786466	-13.801089
20.011925	22.661757
-3.3473516	0.1031051
1.2890054	-1.3592016
32.229607	15.756293
-2.951283	-16.077671
-4.2355623	-33.334064
-47.958763	-9.873962
-21.591877	1.7938133
28.01891	33.938126
-53.609093	8.942654
35.956326	29.395418
7.2223897	-17.24557
27.942558	3.0330627
59.212276	-0.50512075
-43.69956	38.655163
4.124885	-31.966438
-35.41377	-5.08039
20.900488	37.85968
44.357353	-24.469349
5.22778	25.293203
-10.159046	-33.78813
46.418243	-1.5300165
7.2073364	-28.02949
12.250823	-22.60957
29.458483	-23.406162
21.68956	1.8416381
16.475431	22.236715
-33.746105	3.7201395
22.919243	-11.534734
1.5529723	-11.604289
-6.536728	-42.738358
10.595758	0.609876
-17.669735	-23.286089
24.841606	12.149498
-16.76809	27.3566
-10.806378	3.0226302
-39.835907	43.275303
-23.777771	13.224572
63.466286	-15.736591
40.445385	-16.073177
-19.747011	36.034576
3.3195815	12.305175
4.0298343	-2.2297528
23.087564	36.48689
39.836235	34.375195
-11.796687	4.214429
-13.531035	27.440483
30.392208	12.936201
52.458046	-28.50611
18.726902	35.740395
-8.075044	-16.141497
43.59236	-0.41844636
-18.124794	-41.263004
-28.517555	-26.191795
-8.27742	-49.068214
-9.532109	-18.63833
31.578367	-23.634592
-27.361965	-12.948945
21.069208	-36.26493
-3.9839058	9.961228
17.614313	-18.364786
-27.899504	20.38246
2.354689	-36.70311
-53.779816	-5.998834
42.450127	-3.460272
0.56475306	-18.773132
-59.57366	-1.014386
-43.37494	-30.201292
-33.055313	-24.036108
1.7781365	21.942514
22.500822	0.94207245
0.75560427	-7.909126
-10.185032	-19.943163
-17.570173	36.895588
-1.862928	-1.8332701
41.544434	22.772318
-12.907265	45.082306
16.840803	-42.83277
-12.77014	-19.631855
-18.514687	-5.7821054
1.7360325	28.58456
20.691078	13.258587
19.723839	-0.8347804
-10.738571	-51.59519
-36.74052	19.247578
13.382368	-43.62931
-49.484283	25.701773
6.2144184	11.479346
33.848976	6.4019027
-27.494675	27.63149
-23.130957	59.602303
28.703445	-10.443068
34.450188	24.6833
-26.934526	-15.669602
-7.758455	-15.426723
-14.979859	30.881044
-12.673288	0.0408033
3.816874	-8.104698
0.82850605	25.044865
12.482429	26.193222
-3.6374295	17.325045
26.982338	-39.774334
-27.63896	-27.500486
28.411646	-0.20597601
6.9428034	-21.443428
-8.745575	-3.4525728
-23.210869	28.127382
11.488668	57.64266
10.05412	-9.859378
-33.906597	-34.446545
24.778904	23.663881
-19.164328	-21.22199
-6.3720365	-23.10351
16.979574	-56.42314
58.951515	-4.077782
7.7193694	28.369078
-60.742317	8.374397
-4.144138	-58.191814
30.025892	12.463136
35.03604	-16.334124
-17.658415	45.250496
-22.174519	-7.015978
8.60328	-26.696
16.220598	1.1981792
-49.34027	-25.696257
-36.28105	-19.49569
10.947968	37.00841
-34.563366	-20.934807
-60.077286	22.601967
-4.573105	14.357008
-1.4088627	6.6503854
15.993235	-24.16713
-27.213114	-3.6042116
-29.147402	1.7289407
6.7394485	40.14514
-18.016933	27.569529
18.076418	16.27201
12.558065	-43.178665
37.654854	-48.547764
-60.77495	15.128629
42.815067	-32.082104
-13.852356	7.9610863
18.19911	-28.278088
-40.278187	0.98561835
-36.231537	-28.364975
-38.93034	-51.039238
-17.402975	41.052555
18.464397	-31.901302
1.6580069	-27.938364
-37.926178	-10.947668
20.92216	21.041105
35.17473	23.440666
54.985844	-36.272346
4.659634	12.535332
-19.399866	-9.640755
-23.866653	0.25714225
-2.7814512	-27.58683
-13.083536	-24.226374
12.652166	20.730036
-32.91813	24.936596
-0.57968587	-32.7385
24.272308	-12.519844
17.134415	4.699495
15.285056	-22.050915
11.679502	10.291009
17.792011	9.436272
-28.435148	-19.207346
-13.98501	-10.325854
-4.762455	1.1475158
-13.569441	7.144941
10.549938	5.1748767
7.6354637	-54.779953
-6.7574253	-26.970379
-18.534256	35.31178
-37.72419	14.712989
-32.59233	17.121695
-44.202156	-8.960497
44.73618	-21.453962
-44.01443	38.225864
1.7668309	-55.6704
-6.8077693	32.217644
-12.820455	-53.670193
48.013405	1.2901745
16.748405	49.989185
-5.7761755	24.372484
-13.942761	21.00957
8.138577	37.669464
-24.628841	-11.696783
6.7607512	35.93249
38.2745	22.91184
-44.424503	37.830486
31.634842	21.696514
-5.088871	-3.854384
22.44927	0.2664875
6.9606977	-38.436474
24.383118	-19.644373
14.120368	-15.685263
5.6590095	-26.930653
-34.68961	-5.950454
-4.0437927	-6.9938364
-45.620613	4.6900516
-9.853585	2.85275
55.294285	30.146173
-39.5778	-3.5121121
-3.6999793	16.460398
23.204626	43.31321
-15.282029	32.643024
28.64662	42.130047
16.103477	-23.879816
-37.81176	-4.495353
-5.5710206	19.764156
26.511272	7.5927777
13.592487	-4.4104857
9.339271	-5.6086817
20.637398	-39.738823
-18.26235	5.680873
-27.983541	20.775576
-14.189005	-7.057876
34.50202	-10.544487
18.845284	7.934023
5.9455028	-42.060295
-8.333514	5.422971
23.189777	2.4912872
27.583376	54.285973
-6.35694	-28.585468
13.81193	-63.076946
-4.190815	-17.149355
44.292713	21.044775
3.977168	-16.069912
4.1836257	-25.450054
24.699348	-57.863224
-11.878784	-39.631863
27.272795	-16.26368
8.513078	41.077015
-36.471954	-41.750145
-41.120354	43.767826
11.250806	0.8522407
-11.413955	22.770113
52.09631	-4.68004
-32.718468	-38.001595
-19.988798	5.4382596
49.39075	-31.452488
24.886267	-23.226173
-6.822223	-10.178657
27.419117	-35.776936
3.846751	0.5844414
-15.348733	10.299819
35.408127	24.027632
-11.129465	-1.7873794
0.38212675	43.931725
10.173779	12.432791
-1.8099259	13.6839285
4.9978104	-16.153234
-7.5976257	-3.5311615
-55.69434	-1.4926623
-31.741959	-54.33045
-39.543568	-13.610462
-21.403925	1.0597434
46.908276	10.057325
41.04961	-35.151917
-60.400997	-20.56105
2.5408227	60.06648
7.458345	-4.3418474
0.2956066	3.910598
5.6610847	26.855766
-4.6300497	-34.569153
-24.433859	42.241093
4.8498163	-29.98521
51.630363	8.954118
-8.137392	17.594501
29.491756	48.003098
23.197071	-49.478302
-35.38359	-48.90012
13.688305	22.811998
19.531357	-32.4358
-12.034701	-22.279146
-1.6803128	-12.57608
-24.102833	26.472654
-32.82519	13.149707
3.9965174	-20.213068
-8.479937	0.15328486
-17.342297	8.2336235
-23.117546	59.593544
-8.571174	12.513995
14.3387165	-20.016373
16.42985	-23.495268
0.42069364	-37.491886
-17.09261	3.7990937
-14.5447235	-23.941034
19.838326	-37.60039
19.896664	-15.368042
-33.127617	0.07773622
-40.71213	9.198242
-22.913923	-20.369476
33.078655	11.69191
-36.019547	24.27161
-6.3419776	-7.998286
10.104566	32.893738
3.6541145	-8.382781
15.668787	-11.519757
6.48219	-57.41967
14.851573	47.474674
-44.464996	-8.783673
26.1304	-7.450336
6.2220225	22.85646
11.314083	-44.388615
-7.390664	-24.343534
29.529066	48.05637
-17.133307	14.071257
-33.235527	8.073058
-28.29889	-36.084282
20.941687	-28.448448
52.727455	2.8214087
-40.07595	13.225698
-15.998803	-16.551
-9.53898	-15.33406
-28.161417	-44.334465
-18.422138	-9.689464
-2.9059417	18.095844
3.3974833	-10.16459
-7.13517	-10.177126
-52.20721	28.616585
-14.848545	-49.01712
35.02579	-17.824951
-1.8386015	27.197678
2.7356355	-8.14173
-13.135275	41.233707
-22.51727	-26.569374
19.97796	7.513122
3.1410913	34.76024
40.313053	-5.7481194
44.17881	39.35798
31.414173	26.108234
37.68198	-0.12738502
38.907185	-7.694553
-10.367294	1.3370216
-10.019761	-8.056203
15.879132	55.1697
-45.087875	-8.538323
-9.910227	41.731182
54.110508	24.056911
6.0446286	7.171177
9.8595495	5.281591
50.10197	-21.71529
11.7552185	-26.255331
12.384123	7.9391627
27.981169	-12.829476
15.662843	37.6077
-34.054134	-14.346532
-20.849138	-5.338129
-2.7926698	-17.683727
-13.269181	41.21411
18.767326	-10.5487795
-24.708298	8.648914
12.601065	-28.924026
-15.379107	18.593311
-16.69945	-36.693104
-9.7332735	6.682363
-28.42435	-36.75065
21.439177	36.099266
-17.005968	-21.029146
-5.0715027	-6.542441
19.20202	9.066435
-4.1722918	3.6156726
-23.317028	-24.706482
48.53668	21.274084
-5.7547345	-27.926785
-25.461296	13.70728
6.3302083	35.16869
-37.069233	-14.186926
-25.442036	32.4006
-28.085642	1.4000934
21.315504	-42.51567
-64.61617	-2.0160728
30.05962	8.309602
-5.5044837	32.44876
8.216731	27.43371
-38.1456	-42.002388
-21.122488	-0.035539355
-26.31338	20.20127
-28.515776	16.327478
-39.96353	-7.8311305
-16.897953	4.783553
-35.771324	-5.7252645
-14.177984	-10.739284
4.5598564	37.604187
9.166368	-41.55873
52.114937	2.278564
-18.520908	-13.636657
-20.66725	26.35657
33.24117	-8.944282
-16.196125	-6.193221
-9.377485	-18.04863
54.37187	7.8173695
31.602324	-25.189236
14.280572	-18.268293
0.3844859	45.02407
14.42452	26.997673
22.469772	0.7868996
16.351599	4.7025046
16.72679	-11.796603
-23.527243	-40.886555
13.928578	-63.28161
-0.7239953	0.607963
-4.253696	-18.0373
-10.117552	-10.370872
-8.505447	-12.285647
6.399848	6.3702836
-6.397515	6.3838444
14.618712	-30.752724
9.767386	24.037346
-13.916122	-31.08638
-34.017586	-3.0733917
-18.11441	26.118555
-59.132687	-11.6205015
5.24821	-13.896269
-12.979921	-38.8407
13.674401	-1.1019258
28.204449	-0.88237417
8.618125	8.975797
3.638628	5.7072797
7.4815764	0.14098144
-8.108647	-29.931652
7.3267283	54.639244
2.028122	21.578966
-29.498247	-28.17385
-38.15383	47.177734
-23.950281	16.1255
44.427364	-17.517126
55.999226	29.238388
27.635208	55.032192
-13.718575	-46.410774
15.850993	55.1273
-32.808636	21.284828
-1.4412868	47.701866
-43.105484	19.82458
-48.5822	-38.383213
31.298504	-32.569386
-32.51803	-29.827995
21.015179	2.6726313
6.8567724	6.2310452
-11.154814	-48.642254
-52.853676	2.9850817
-12.340299	7.390698
-10.690827	32.879997
16.670607	-8.55444
13.623506	3.801854
-25.218548	-28.449644
-18.73405	-18.586426
-0.85386395	12.81422
-33.231388	7.5598626
-7.101816	-5.0552597
54.92369	-35.042267
-12.690664	17.06411
60.574936	18.035427
-29.633514	15.231213
-2.4596984	26.346495
22.823568	-3.270156
5.1193504	-4.407729
-29.554722	13.740135
5.299937	33.861214
26.444008	-7.265227
-41.570797	9.160494
-54.179707	-7.2210226
-1.3083307	-21.63945
-44.20102	-38.826187
16.715437	17.343988
-8.166231	15.466079
-40.648647	35.03841
6.3508706	34.81103
38.371925	-29.15055
-28.673931	23.682205
12.300961	28.144775
-0.8170598	25.220335
-17.266989	-19.237335
46.10329	-29.524185
45.619793	-43.621914
46.304134	-5.403571
10.769595	-31.657305
-49.85047	-13.981129
53.94741	20.100182
3.1817958	1.7618353
8.166973	-29.768631
-36.40081	6.091159
40.27987	-10.88372
15.403	34.812595
-1.5085552	-48.55181
8.44095	-30.372116
-37.888268	-2.238213
7.486472	13.515155
9.665249	25.359446
26.047178	-30.166122
-22.716736	-15.474303
7.9739246	7.877399
-2.7687929	24.77397
19.550613	-39.97156
4.5407805	-29.194098
-1.3888795	22.109844
-36.356766	-4.750903
7.922472	15.012431
32.370182	-41.324295
12.380159	-43.24037
-35.09511	20.938244
30.4565	12.117001
-36.463676	16.3872
-9.825739	29.9072
17.308146	28.545706
-48.25653	-24.375237
-31.319588	-41.38563
-47.917145	29.025614
-2.262301	-23.83827
28.602737	-16.885729
57.89377	21.592207
1.4165136	-23.860374
-6.296527	-13.2873335
23.753181	-15.940391
-5.0554624	-28.905907
18.449724	-42.000286
19.838947	-10.211363
-47.256706	-13.606178
-1.1849146	32.927525
-16.41092	19.957018
-9.7991085	13.9505005
-50.61922	-10.432414
-50.145508	38.16397
34.01853	47.485294
31.014175	14.349363
-11.916047	13.503977
22.756653	29.368265
-4.1521893	38.918064
-25.641096	22.6744
10.502101	-37.94848
24.249685	35.971027
48.497437	37.016922
13.795815	6.805895
-12.2784	-27.002876
-30.810957	16.271334
11.502834	14.8443985
43.589676	-0.5000015
17.603338	5.7104626
14.725808	0.5008022
23.410765	-25.002485
-20.787386	-17.364443
2.6827204	45.254665
0.077532	-5.961902
-12.014888	-35.056854
-14.527412	-17.802038
-14.752861	-11.694971
5.4245152	23.387314
41.734585	-26.94352
20.782679	-0.4065554
5.3166556	-41.89912
24.56083	42.089874
-23.95182	-5.6227474
9.040837	36.71475
-11.501373	-15.641524
-36.60063	-35.02841
-20.114109	-27.25661
-41.044193	43.82207
-12.219571	-21.495005
7.143893	-29.345253
37.634586	-37.078876
-20.742802	51.693356
2.3279858	40.184048
8.185184	20.572987
-56.61561	2.3800216
-2.2906454	-20.897106
13.413128	27.045588
-19.359486	30.928211
1.811214	-54.97848
10.158352	-36.670532
55.496525	-16.21111
49.91885	-2.837676
13.469952	50.711674
-1.3590534	-21.56078
-13.490066	-19.006332
-19.665037	-10.766039
-15.371969	-34.106995
-27.931044	52.024647
-20.431961	52.019634
13.813763	10.684953
21.557869	31.616997
-11.7444725	-5.492502
10.808767	38.879402
-6.593588	0.6131226
-6.5266385	-50.27526
20.35263	-39.180775
10.529154	-37.851677
-0.9493912	-15.815955
-45.543743	-22.227228
-55.83492	25.082682
0.055068545	38.751762
19.699888	-22.854128
-5.3944936	17.497133
2.2851772	-40.17187
-50.30329	10.926863
36.391342	-32.68856
14.446566	23.220072
-6.6161985	11.635598
-19.831177	32.385036
-9.452022	-29.69012
26.714933	-5.466461
-5.709456	-17.85407
-1.5947756	-61.556522
50.00389	-23.272003
-20.258177	15.654697
-22.226852	-8.008867
19.124348	-60.035923
6.8497725	-4.466747
-25.65364	-3.7046456
19.279139	-28.38105
-19.180119	63.44155
-15.511088	57.980583
-1.6051807	-12.554932
7.204124	-16.18143
-41.7144	-14.822641
-0.3469113	-13.096106
46.86533	6.9079413
28.18622	22.29591
45.913357	3.9029984
6.2366776	24.971724
-4.5797877	58.69398
37.836357	-5.63469
7.2380066	29.16504
-42.942413	16.02571
-36.193134	-23.039679
32.41426	-20.408195
42.395718	22.429094
-24.45134	-15.100864
24.748655	32.74361
-10.0720415	40.63085
-23.556952	21.646236
-20.965218	-53.683197
-25.983582	-46.758163
22.729694	9.6558695
-26.135408	24.809855
-11.821693	10.514391
-22.997639	-14.447759
15.631705	-7.603122
38.62538	-43.71366
12.898664	-4.619536
-9.571998	-24.407207
21.127525	25.35107
-14.158896	25.978619
37.581013	41.755157
10.156033	1.5306554
36.562172	-4.5250587
5.3276424	-36.147793
7.4652643	-7.311549
-30.921164	-33.727547
7.5240145	2.3029604
-16.305534	-3.145469
4.2166724	-16.409714
-4.12028	27.617764
-28.732788	-19.324896
-42.36829	26.35852
20.693977	-6.109784
18.23291	-24.979767
9.35735	30.692484
-19.371	-34.35554
23.359695	-40.494278
22.536728	26.042803
36.464165	10.918125
30.293829	-23.805805
14.184537	25.783115
-26.606659	0.037568692
14.659993	9.267659
-17.27899	53.017883
-17.598978	-56.768818
1.4755045	-6.1535277
-31.922102	-13.92031
-8.584762	18.932882
59.938656	8.987894
-13.997836	14.7144785
36.21075	-6.375989
52.962746	13.085298
28.81691	3.188653
8.778141	38.29546
-9.302665	-35.147118
-4.5224915	-15.598501
25.40137	-12.26535
-1.8291808	62.841858
-52.20401	10.218292
9.917225	16.875338
-50.462456	-6.1744547
1.6364865	19.797527
-0.7722502	-20.888124
-20.17443	16.90565
49.435226	-25.468323
-29.97893	-21.78095
-47.610767	13.727998
-40.697666	-1.434175
-10.039573	19.890665
-31.507578	-8.350077
-37.75946	21.819853
53.347446	-8.41257
-12.011463	30.150192
-29.501451	46.37254
23.60224	52.28148
2.7848997	10.01284
16.967396	-37.369415
13.924815	-35.970097
27.39818	11.980377
-2.685566	-35.502724
25.28496	20.736696
17.378487	4.29287
24.44148	7.8775344
18.895412	-4.9434605
-21.143335	51.225365
20.421133	-25.781473
-25.942234	11.914645
-1.3692149	6.635215
6.498264	46.91501
15.925743	7.819882
-8.634071	-12.300076
4.036322	13.92826
-16.490713	33.13081
-7.945667	-55.253716
0.14007564	-34.803463
-27.617805	-8.370827
-56.633064	20.31397
-24.672005	55.080772
-20.83292	11.272687
-27.112045	-30.647833
-43.4897	7.8444543
27.992317	-33.20538
-22.955662	12.329681
-4.544276	58.49775
-38.613564	11.547674
-13.283713	-0.72173214
24.073011	-4.225352
-6.3865724	19.642027
32.831078	-13.771249
-12.961252	24.387407
-5.9472613	14.659231
29.583035	-9.356431
19.097422	-10.441465
-17.913643	-57.41117
4.776964	22.332596
-20.332376	-31.402826
-41.94278	-20.754606
0.21908605	23.623653
