2.7003121	-28.940947
26.912685	-36.431988
71.692184	-38.977467
32.473656	-56.840508
60.73577	-45.812164
-1.6236598	-69.07918
49.39519	-5.4049087
39.11041	-35.818058
27.487417	-23.431486
-5.5005946	-55.90594
54.255184	48.073215
57.60304	-45.889942
65.88561	-8.684949
67.39899	-36.28703
71.88976	-39.635056
69.084114	-24.971535
-1.3388556	-63.054104
43.816723	1.1548668
70.10175	10.399961
-3.1749384	-47.58883
35.146164	-41.19103
21.611467	-36.792847
11.541905	-9.584371
29.979877	-6.5567827
23.826645	2.8363607
17.498243	-68.6614
4.1741133	-40.944668
13.7901325	-61.08359
40.52633	-37.035683
59.39912	-10.730821
34.666637	-57.697575
38.36505	-16.14675
76.30785	-34.15375
14.226254	-21.713057
-13.629649	-78.636215
69.609566	-12.381041
60.55763	-11.134803
29.893017	-67.65721
65.06877	11.120231
32.774532	-34.11043
45.902992	-42.254032
9.296717	-22.164738
56.607883	-27.815493
-6.8000293	-52.34529
47.633297	-32.8746
10.038313	-49.006855
75.50362	28.920874
11.060135	-69.17663
29.912382	-11.945497
62.9318	38.850266
17.325384	-18.118034
71.18905	-24.972506
-2.7147794	-68.02226
32.051895	-46.00149
26.029982	-60.95906
60.24025	-38.97048
18.282469	-45.11106
46.04295	-40.860558
37.739155	-43.96393
44.050003	-53.492516
5.364114	-66.66925
58.741776	-31.929739
46.539513	-39.775852
22.517878	-23.10856
63.783543	37.52234
55.87324	-40.535267
9.680487	-39.805103
40.803005	-63.654606
56.148666	7.736302
64.773224	35.849342
19.217834	-25.591423
33.927444	-60.20072
21.768791	-44.712948
24.266235	-16.170515
50.5088	-13.102369
-9.007751	-49.202435
71.33546	-7.8802485
4.717164	-35.3492
64.40382	-13.496017
36.12597	2.6496587
39.73782	-42.853344
39.290916	-23.613392
23.114779	-11.399972
18.32673	-53.775146
28.460222	-50.6504
28.90664	-27.759789
43.171024	-55.314278
33.72914	-10.787012
27.363523	-57.648365
2.0116198	-72.15974
48.978058	-64.92666
20.334661	-7.3267546
31.893011	-15.328824
21.319527	-39.703606
21.193474	-57.02625
47.697746	-34.43401
39.27889	-10.954932
34.318356	-51.97039
41.02028	-14.902743
-1.0730531	-86.14873
50.111504	9.285735
46.98891	-11.638405
55.70781	-27.327349
-22.074123	-71.86219
39.73864	-23.57717
57.008556	-29.316198
5.3309755	-71.27444
54.04998	-5.649261
12.792431	-50.000923
-15.107891	-44.668003
50.084873	-47.03673
27.932331	-29.471468
28.47482	-50.63668
48.29439	-65.45211
6.3982873	-53.401215
30.484768	-68.09424
50.80799	-22.919231
25.381071	-33.687572
58.713615	-15.038273
57.84257	3.4003923
46.3846	-1.861492
-42.62138	-64.948074
49.135468	-4.3884835
8.463476	-53.591965
8.872728	-28.014544
61.576748	-4.4397016
3.4964156	-67.45599
93.65673	-12.885987
57.43596	8.017964
23.653788	-50.829468
12.864335	-25.781048
49.31263	-64.681175
55.703674	-19.959797
-39.896935	-65.06327
29.260267	-38.892315
-2.2509825	-44.572926
6.1274257	-63.772255
35.439426	-3.8744016
46.21356	-20.354385
60.844643	-34.03301
-13.810695	-57.45705
50.580845	-49.31309
33.04384	-14.21602
14.342965	-70.545784
1.4983944	-15.318501
64.18085	-21.71067
53.34642	-3.7796779
44.140224	-54.18557
12.898738	-25.980072
72.17058	-25.033344
75.15924	-27.729462
53.94174	-41.021824
38.872204	-39.538754
32.482067	-31.973001
-0.3648999	-80.45226
19.399942	-7.3008256
66.43805	-20.96128
58.062946	-8.63226
45.86548	-42.512337
23.707582	-26.596972
39.90087	-36.76434
-18.191109	-61.04682
5.6293416	-71.68657
-7.5988245	-72.84677
21.17859	-62.61492
89.00205	-7.5236135
-26.669708	-43.129528
23.52985	-20.751331
84.56481	0.33577034
76.849976	0.73283833
47.924187	-35.073494
19.833818	-16.490791
11.414843	-57.950733
46.950027	-16.487877
-9.190799	-71.536804
-15.74061	-73.89271
21.428865	-22.768448
4.525303	-48.252403
31.27046	8.005892
80.04711	-8.428378
48.830433	-34.8955
23.231483	2.6521828
54.109474	-21.223623
64.202354	-7.556395
32.908222	-43.86291
2.4917982	-47.651234
7.084839	-80.430046
3.3408277	-54.047
48.054718	-15.412928
65.664566	-15.250342
6.620021	-38.603203
36.175808	-13.793976
51.316357	-44.597565
41.73162	-12.5599375
46.474716	-58.31266
-11.188298	-63.204533
61.473934	-38.37282
42.879543	-59.086384
-6.790969	-73.1445
2.6603782	-28.833391
4.316556	-81.623886
28.378424	-28.177446
-9.633592	-61.43185
95.67378	18.056974
28.679958	-51.771812
15.453927	-25.987041
39.06556	-41.30475
51.69053	19.904749
-43.13105	-67.495674
-19.384865	-69.27919
26.69103	-36.343895
2.9610982	-54.904972
3.6160276	-80.2414
22.978836	-35.08165
41.90382	-34.243412
3.5251467	-80.01547
40.64089	-27.27018
24.03608	-37.465645
27.408543	-69.70391
19.797094	-67.09112
82.56401	-5.385698
19.23739	-34.14739
34.886032	-25.270573
4.9220157	-26.360567
38.751625	-54.856857
19.460754	-39.4425
75.629295	-16.476894
42.253414	-60.598354
17.592628	-17.939463
9.621341	-45.832867
14.43199	-39.688206
-5.013545	-76.94229
11.092409	-10.087274
36.31965	-49.551216
41.467228	-25.92991
61.402176	-0.84082735
-4.571819	-76.944466
10.479527	-50.897617
26.853386	-27.102915
7.6177526	-53.514183
39.635273	-45.288868
0.002618285	-56.04572
84.24239	-0.55440176
10.606043	-65.047485
25.877293	-49.85234
22.739845	-28.243437
34.782146	-17.685408
74.019	-15.678762
20.629059	-74.77696
42.993652	-35.72246
-0.041652948	-45.03759
46.71318	-26.957441
12.851647	-70.90716
32.54411	-41.017788
78.591606	-20.697094
23.666399	-26.596262
26.170082	-60.97525
32.03528	-26.079395
19.40906	-26.666473
33.222267	-9.833709
36.86165	-8.506525
32.216343	-36.700436
27.534443	-44.74376
58.50666	-38.301643
11.418393	-52.179
87.16231	0.43574795
17.734571	-74.70163
69.96976	-16.310404
32.838207	-32.3581
26.853283	-20.958944
-12.252011	-55.9566
34.90727	-11.708709
19.647354	-45.33165
62.265224	-34.51859
-7.7928734	-40.954254
18.994566	-49.308746
29.122168	-42.19429
64.83138	-4.567659
12.622863	-71.01756
27.978083	-49.29332
28.945732	-64.32821
0.9320277	-56.86181
35.25171	-22.360542
72.01	5.3829455
35.304085	-53.667675
2.2828746	-65.12121
54.29775	-14.343949
50.31751	39.08136
20.993973	-59.646286
32.820496	-36.0535
-12.875514	-51.18607
23.94542	-15.996923
39.308357	-62.70042
70.786545	-16.631584
34.864204	-29.571333
8.262728	-42.35617
8.7392845	-20.646482
75.91326	33.618725
17.376774	-68.7529
20.935543	-65.1536
35.134766	-15.220554
54.634808	-17.815819
17.709518	-76.144905
12.857423	-25.536404
-20.231907	-78.25031
24.088085	-51.129547
14.559712	-21.788061
20.942516	-59.675816
71.654106	-6.673612
-0.48760277	-29.810944
71.21484	-14.057964
-17.76043	-55.19862
0.55427796	-50.697716
-11.933823	-54.529266
-16.281097	-76.79059
23.128109	-35.275665
55.983486	-10.019221
15.71519	-52.181927
25.328024	-67.08557
53.1773	-1.4605095
40.342655	-25.721727
43.57123	-33.44818
67.25438	22.631569
66.807106	-12.214428
15.622269	-58.862076
-4.8408523	-55.574562
45.90325	-8.848834
3.7551572	-80.72823
15.368038	-26.151464
15.704344	-39.78192
29.635303	-23.651588
29.88039	-50.089653
41.385906	-37.465374
-0.5156825	-78.37686
86.65862	-17.053154
77.98956	-22.699144
56.67968	-46.920242
95.639786	-10.351486
57.064175	-46.083862
26.493193	-50.994465
51.592293	-30.343067
16.080122	-44.70831
53.678406	5.0939274
62.514156	-34.390785
78.82634	-21.425692
13.532131	-61.21793
69.43058	-31.805874
48.630535	-58.294315
68.42606	28.423992
39.96786	-5.018841
30.705181	-33.077988
-26.069584	-69.91547
16.203716	-64.17991
24.348392	-71.15564
27.178835	-31.214838
66.230896	-9.780264
35.6592	-50.210415
15.459184	-64.702736
9.252368	-74.10431
53.237053	-3.460046
77.38265	3.7136703
33.62752	-57.803337
65.29088	-14.268367
32.20361	-28.431032
18.425962	-7.174327
-7.3904796	-37.30468
39.57644	-5.510763
30.332432	-62.224106
24.648844	-30.189308
8.061422	-59.39659
36.616253	-16.241737
38.50264	-30.688932
23.735138	-36.02109
13.277413	-31.94333
-9.094502	-41.374065
33.87296	-45.032013
6.5981865	-43.555958
77.23765	6.6287065
42.477684	-11.648425
27.724398	-16.110723
30.011585	-11.27311
20.827559	4.8442473
52.927505	-36.546047
64.650276	-5.2413893
18.172653	-47.38694
52.094044	-10.313841
80.413895	-3.4764826
33.604767	-13.519695
87.4663	-22.428684
52.516148	-23.99061
57.275246	-18.05053
23.704514	-25.513712
73.60075	-18.284311
78.78874	-12.840404
45.992626	-8.489262
22.051056	-77.540634
38.029713	-26.022482
30.965803	-3.1913612
14.647598	-66.118355
48.51074	-4.9300976
8.54934	-38.706562
54.658173	-31.242064
-11.633782	-43.812973
33.9645	-18.759594
51.054146	3.4610353
24.678068	-23.919779
45.96614	-58.39208
12.040531	-31.681261
42.225662	-29.661182
8.923167	-26.220411
11.630832	-76.45272
56.745857	-13.373629
54.56178	-24.338968
19.562498	-20.197674
39.79336	-50.57875
10.964848	-63.576458
41.179493	-35.244606
-1.9036236	-3.5018187
25.55378	-43.21153
43.93254	-11.026212
-1.5263811	-69.114555
-16.448545	-52.118317
14.180356	-31.55118
-17.66244	-38.719303
18.579042	-36.193134
79.26999	-4.208608
71.71985	-37.741707
58.64456	-34.025776
19.707602	-7.2839627
6.897568	-71.63477
54.1675	-20.067854
11.733266	-42.220634
78.97584	-2.2422595
33.312626	0.9941508
19.591475	-35.460407
67.953964	-31.979149
15.959074	-77.95194
17.134737	-2.2340918
-8.830729	-76.41032
45.495403	-56.55806
54.83906	16.253168
14.33667	-72.4276
-2.7229664	-68.52448
26.060905	-46.110397
26.001457	-16.005398
1.459645	-43.01927
43.797268	-9.923588
-3.940471	-79.54729
40.20253	-46.080833
65.4158	-3.7127922
66.84932	-31.276321
-43.10929	-67.3217
40.459267	-58.773872
34.18114	-7.4012218
74.227615	-0.33102256
32.48559	-26.910671
25.780495	-15.036246
77.397705	3.7477124
-13.255587	-53.73627
76.18427	5.932615
38.180626	-8.865486
27.023027	-30.523996
58.823208	-38.97963
24.682112	-4.8809094
1.1325663	-40.7324
24.47987	-30.33265
27.723473	-45.344105
18.960093	-18.712715
93.061775	-2.2015157
-9.546457	-30.534248
-16.795385	-39.276306
30.109125	-6.4427667
38.15285	-61.381905
31.610437	-73.03064
45.413483	-21.540312
18.719198	-76.98914
32.367905	-27.975384
62.739532	4.606837
-7.2532587	-40.864788
37.664474	-69.94218
38.121284	-35.66775
11.16344	-9.729628
24.929243	-28.997456
-1.1778568	-25.401943
30.453484	-41.897865
35.322773	-28.925657
74.341156	-27.881544
7.82299	-43.929543
44.971394	-40.53693
51.30574	-28.92729
54.835518	-31.659101
20.95294	-7.3165593
33.768047	-20.016088
17.715824	-74.93931
-10.222235	-73.92124
26.029472	-64.848
67.44235	12.07949
75.027275	-8.766143
38.95647	-23.751945
86.631935	-16.98475
75.22842	19.014399
27.791319	-12.0834465
58.408268	-31.94432
0.05877341	-45.066734
62.47051	-1.7176061
9.347055	-34.51358
44.238888	-26.6751
-32.52798	-28.42849
21.319191	-23.601768
47.67782	-35.79836
27.892878	-36.81265
41.344357	-53.955765
24.454887	-16.55619
33.32275	-52.17653
71.28902	5.251662
-2.501807	-73.10631
21.86721	-30.144173
51.653687	-25.036972
81.15082	3.078637
26.132023	-40.316128
71.16745	-12.79418
48.581467	7.8906937
47.589024	-20.083317
57.71636	-20.310743
31.227161	-5.7900214
69.46838	-15.006446
75.02633	-12.787803
69.33274	15.98141
31.245836	-48.52229
84.59515	0.9073114
57.92272	-2.5916393
64.56725	-28.291166
-25.81714	-44.224583
37.614662	-19.03261
51.117374	-16.74282
26.255812	-57.854897
2.4322593	-27.202429
69.19056	-42.035877
5.890885	-47.964733
39.383858	0.3281473
71.19146	-21.070217
17.820833	-26.807646
10.454869	-51.05624
6.051809	-26.918678
31.728798	-46.92874
48.038086	-26.739132
47.48996	4.665847
26.773333	-56.822388
23.063759	-78.496284
54.92783	-28.339739
52.605316	-32.910946
39.68296	-19.837091
-17.466984	-77.83176
31.242723	-28.99744
40.647987	-33.729458
11.533806	-38.52186
-5.305635	-26.68788
42.056602	-29.825478
-16.142656	-69.724525
16.802774	-61.073997
-12.083174	-59.08987
62.895027	-24.91625
-12.648232	-48.990757
56.895046	-47.451103
58.349342	1.202379
54.584908	-40.93544
18.381346	-45.147587
37.023228	-31.647745
50.964733	-6.6679153
19.703861	-33.203037
3.0654159	-79.74767
5.8471775	-40.536266
39.858795	-41.847736
28.951332	-55.269905
18.522701	-18.874126
52.778656	-20.331255
61.69397	-38.369873
58.9547	-15.093998
2.122457	-65.12827
23.900705	-36.610245
38.1971	-52.248615
-1.3697624	-56.92546
43.72184	-54.22723
37.485565	-8.966553
77.75815	-21.053104
42.672264	-13.547833
56.41166	-21.32615
-3.994346	-29.503046
7.8629236	-46.211502
71.2527	-8.50372
96.36948	-4.4253683
50.520145	17.975033
39.811172	-42.292206
60.76902	-52.81537
55.530937	-33.36674
-15.993706	-36.692223
33.219448	0.9512083
35.41493	-1.251296
37.03546	-15.905915
30.262712	-56.457054
4.986643	-32.37547
9.569975	-48.706173
-35.710896	-62.132965
22.818092	-60.573578
42.239487	-60.658127
55.931206	-40.421394
68.48841	-29.92569
58.415085	-7.209892
81.748634	3.1725595
4.627525	-67.14068
66.54692	42.771378
19.12595	-18.314892
25.06109	-67.603195
80.86157	-27.77159
52.698948	-1.8043664
74.388016	-11.08763
26.60859	-20.239326
42.92875	-38.750523
41.761436	-8.438664
18.70467	-67.96511
8.628614	-21.91406
12.745981	-45.063873
26.80423	-57.10723
-3.066422	-72.07876
25.978245	-65.029686
45.39562	-12.161632
0.21743514	-54.903027
69.37366	0.22436714
21.971575	-27.685698
19.768496	7.1380587
38.738758	-35.613136
46.821987	-52.97198
23.10206	-22.75575
2.896628	-59.705463
33.265923	-44.870956
37.851086	-60.78883
47.795013	-17.24713
29.306746	-38.909748
25.499327	-66.32832
68.62207	-29.471573
61.13501	12.769618
7.460147	-43.191555
39.69229	-47.03847
-15.706519	-80.57014
51.368523	-20.056433
92.92566	-0.985848
76.3151	-3.0091152
-25.621984	-76.56937
64.918144	2.620995
-12.003176	-63.735535
-27.563152	-57.381687
71.220955	6.508158
6.6180277	-58.064888
41.556942	-18.936249
46.561417	-52.826637
18.735096	-29.279442
27.331013	-27.99974
29.945164	-22.214422
2.017072	-75.49976
-12.093187	-64.65744
-24.809	-80.369225
88.27715	-17.776428
-42.77927	-48.655716
33.897125	-34.432728
64.28589	-7.9664083
9.949589	-73.58729
74.38652	-17.85834
13.991951	-55.550575
-19.983072	-68.43616
3.5227625	-60.313652
32.52221	-41.029854
51.439972	-44.351284
14.223188	-39.445965
65.64438	-37.649197
-12.370984	-54.74269
52.609604	-40.909637
53.425556	-25.5653
18.809975	-25.779568
-5.804297	-59.397728
72.19494	40.356243
40.233906	-54.340633
21.592875	-27.687317
19.168173	-33.682163
51.156246	-10.0897045
52.482788	-24.45194
-15.87163	-37.937794
74.67732	-15.479119
16.510754	-53.916485
43.036896	-7.9729047
29.804258	-10.892788
30.407347	-62.45816
80.42332	-8.925908
-3.7063553	-34.93226
28.068514	-69.83731
20.678585	-74.70865
59.543697	-16.74854
31.039614	-36.06141
16.053663	-48.38159
46.346134	-13.458724
36.82822	-25.767813
29.3011	-64.33207
31.928202	-32.239643
87.03135	-3.4927769
33.904564	11.289076
17.158	-2.260285
51.20432	-45.22254
-8.019806	-77.38497
63.831432	-27.682703
78.68237	-8.950024
62.66214	-17.746235
29.823402	-74.8002
24.369919	-71.14019
40.912045	-25.77018
29.41987	-37.413067
47.780167	-28.47649
82.54077	32.6573
9.165845	-81.179924
-13.583513	-47.27277
9.090388	-40.293053
90.50835	18.10632
-6.9374123	-73.14584
54.340916	-17.883057
38.541172	-26.595558
71.63922	-38.63765
-1.2152857	-24.18275
38.890865	-34.632763
44.15285	21.840479
72.57741	-13.445852
24.4499	-42.287476
26.384308	-30.337288
50.550964	-23.50418
74.29978	-27.894604
17.788427	-29.28399
23.355902	1.5830717
21.030825	3.9987035
27.063692	-8.281899
66.37715	-17.621157
25.312895	-34.529957
17.067259	-54.787167
35.395733	-25.724546
3.0224965	-54.542664
59.431087	-28.39531
80.40077	-3.6841247
30.494081	-33.083523
23.272102	-33.896965
26.608753	-40.406075
82.33646	-9.033599
15.978046	-44.81452
54.940155	-26.67696
39.6227	-1.3174226
13.622101	-31.426537
62.792202	-17.878859
8.7036915	-38.639904
3.415472	-66.40723
36.299824	-36.238667
-3.8996403	-34.927334
39.237854	-11.025793
33.502914	-12.803275
82.49536	-12.455924
15.477896	-14.0700245
-12.36117	-69.50224
83.10879	15.54565
69.0732	38.89161
28.665628	-55.327072
47.27196	-22.58021
49.99041	-46.128468
22.673895	-65.686935
-16.359606	-50.792156
61.611988	-30.59811
-16.442661	-76.47231
42.044544	-41.828808
41.896862	-11.489607
21.497066	-52.846504
42.024475	-3.452203
66.610985	-37.365517
34.59784	-29.94052
49.9441	-9.895705
53.816547	-34.898136
68.284996	39.40814
47.14362	4.3036623
19.457047	-41.495064
1.7819198	-57.906837
30.096613	-16.904108
-15.694529	-75.00893
6.8073335	-53.219025
55.764805	-21.656923
3.948918	-22.71099
45.985626	-19.26414
50.61593	11.926936
81.80886	-5.2732425
19.255905	-45.266468
64.42013	-8.541051
22.208857	-48.385975
39.621304	-16.282104
76.49975	-5.87329
43.207726	-11.686847
59.403694	-26.467737
67.73272	-32.4209
-0.94705737	-61.721294
24.576952	16.434774
21.98357	-77.42546
76.85142	-5.806407
32.523308	-2.7771575
24.719099	-27.459175
77.68656	6.4589696
62.064568	-0.78229576
51.28952	3.9624374
42.407467	-8.6213255
30.998524	-15.92854
15.194866	-64.887276
43.337418	-26.429098
27.68887	-64.85479
29.875977	-24.419949
87.71101	0.41540384
68.97905	-31.850286
28.405745	-31.62453
57.854637	-32.086678
4.1225395	-26.487808
49.040802	-29.430212
72.711205	9.486921
22.523172	-20.905668
28.361567	-1.2635317
11.269716	-32.250824
18.741793	-41.4351
25.470007	-33.401867
27.430557	-31.801714
3.4083812	-46.22422
30.332283	-45.58741
59.469784	-33.243065
10.334487	-81.79837
57.724	2.94997
2.588341	-59.14899
25.081776	4.270575
50.830494	-6.812627
42.53656	-23.648603
46.777515	-16.46727
4.42063	-41.123745
65.65956	-3.4118452
35.16095	-41.076115
56.97827	-41.10111
33.62315	-11.198351
53.337406	8.8713045
78.89032	-22.20052
59.608017	-17.463078
54.816944	-28.813412
37.75837	-18.31268
12.013817	-35.14892
42.11607	-57.436977
-11.483487	-78.813644
32.1135	-23.609768
1.8683907	-26.712246
57.370884	7.6741886
10.452206	-57.49691
44.91055	-46.45242
-1.0804936	-86.13511
0.8095618	-76.20123
45.296204	-55.505486
31.289074	-56.968327
47.28835	-26.867092
-15.776486	-75.03926
25.86131	-50.581463
-22.032867	-47.242676
73.18815	10.626648
11.208883	-63.956394
54.376053	-35.00354
25.569025	-25.606918
69.06237	-42.11631
50.028408	-3.4970977
50.927452	-3.8585172
46.444473	4.8509555
57.14193	-27.175976
49.958088	-23.793995
20.344393	-18.413214
52.657043	-16.062702
53.277996	-17.907593
4.3291364	-42.17
32.479546	-46.364326
32.62743	-36.70493
52.27851	-28.634432
10.852535	-48.43189
32.434242	-43.885284
20.55745	-41.009857
60.97687	-3.2721744
46.313652	-20.240088
9.437336	-53.387096
27.999462	-54.878345
40.13943	-62.811424
61.509533	-30.24205
15.857378	-59.412926
-0.5427517	-55.65194
10.979055	-75.95425
42.577194	-41.760582
34.012962	-57.720764
10.151724	-71.90875
8.243521	-67.98969
-16.486502	-52.44248
34.912846	-65.56357
82.45273	28.361645
0.41481006	-21.024347
72.26237	22.834856
68.23518	-45.586002
62.13708	25.522696
37.66783	-69.94538
16.737797	-55.80752
46.622383	-12.421427
56.178272	-12.640654
-16.329504	-51.103252
57.80453	-2.903135
10.510763	-63.196518
39.71858	-45.445305
-13.738222	-73.30338
8.575828	-32.71676
16.699835	-35.01368
12.141336	-41.936604
29.016838	-42.16483
81.71969	33.065117
14.495823	-14.777114
29.504814	-23.363266
27.911371	-40.224686
-4.074426	-49.067436
8.611374	-20.222124
73.02605	31.128721
28.169346	-29.474493
32.259003	-56.76677
38.66232	-38.950466
25.212639	-55.289097
72.94062	10.101515
57.468243	-25.958437
81.32111	-1.4467926
30.111523	-67.67688
93.193115	-2.239568
32.442287	-1.2820553
37.8847	-43.630444
17.017555	-54.62825
29.219397	-27.357702
3.9566789	-22.814388
41.458138	-23.74124
16.260094	-77.77625
80.13486	17.528198
51.930046	-15.173752
57.553528	-1.1430951
40.853527	-50.486008
58.59756	0.8868464
-5.424386	-50.07
87.94103	-12.160333
34.13685	-7.639109
28.069864	-48.275806
-1.177052	-65.04808
26.105137	-51.62176
39.082146	-54.60277
-3.8320372	-48.414677
-6.0297275	-45.831863
36.917046	-12.828867
40.852818	-23.79758
27.693516	-12.10193
-0.8858408	-60.519073
-16.054989	-60.40272
-5.385547	-21.545942
66.31156	-17.421967
15.692124	-52.320503
34.39276	-32.13616
11.948797	-34.869404
56.77158	-45.79458
15.620771	-59.05188
61.23925	-3.618899
-12.555407	-56.710907
65.94338	-26.385956
74.21791	-19.820402
20.686932	-57.94581
50.493183	-48.928036
12.237458	-72.14355
63.369278	0.09706019
80.3008	-22.635605
-1.12945	-79.70397
52.720562	-33.949974
-10.110704	-50.250324
87.45312	-22.442856
48.02539	-58.57652
34.87837	-51.269196
-41.16783	-44.092705
70.59698	13.795249
5.3230147	-70.71372
15.302446	-14.145294
63.17963	-27.568354
68.2198	-45.550957
1.7464038	-15.306174
31.098492	-34.8547
58.974594	-39.199284
22.078922	-48.819225
39.700764	-1.2718669
0.8356828	-15.343559
50.804344	-3.4765334
61.193947	14.519602
24.892199	-55.9077
56.941	-21.861391
33.274384	-47.45388
-4.787272	-8.791419
-10.305956	-72.67934
17.98446	-47.337616
44.421097	-18.641861
70.11728	-25.02878
63.012844	39.124947
20.533842	-66.18731
16.575663	-35.061035
20.984219	-24.402649
65.19486	-13.94249
42.60051	-61.077854
11.115439	-51.74275
11.476577	-78.12784
24.504978	-55.969162
44.11873	-23.242641
28.049376	-48.638603
52.423546	-10.902451
45.537018	-56.721825
34.901363	-44.389187
59.385353	6.1284237
48.02873	-58.95898
17.866844	-23.34075
-7.8413024	-33.25517
47.150192	3.520497
30.554447	-16.165417
21.776085	-36.438454
66.30924	-42.220314
8.832187	-27.708681
33.82662	-37.53783
49.245903	-45.96219
71.45145	-13.283854
20.998005	-57.272522
49.187466	-4.0216913
51.531616	-53.90514
59.33776	-25.316637
50.65232	-13.076736
24.409977	-5.4651093
22.252085	2.6177657
64.06377	-42.526756
36.423405	-13.748577
-15.494206	-81.45612
24.767496	-48.979877
70.446884	-20.87491
44.76737	-30.40474
46.52673	-1.6484244
34.300697	-52.042698
21.72218	-61.194477
19.009333	-60.95555
32.930878	-46.507225
4.388726	-41.98915
82.54389	17.602169
36.550446	-32.29053
48.942772	-40.737633
3.6476543	-70.67622
-1.3060286	-24.346592
17.253817	-33.219532
49.493484	5.5866337
62.128845	0.16553196
69.10817	0.54654217
64.85343	-37.102745
35.831966	-36.24446
17.222618	-29.198536
3.784471	-34.15613
11.826518	-76.508644
86.67416	-15.985564
42.104923	-33.021976
6.9120655	-38.81012
21.845139	-30.322926
24.39564	-60.85449
18.924019	-31.957874
-12.76421	-51.548454
-6.7800984	-48.37269
17.173403	5.816384
17.225317	-77.021614
66.121765	-37.58125
15.722107	-48.64899
39.200264	-33.50564
34.356174	-17.55912
30.965664	-73.86091
21.68556	-44.72618
51.54872	-53.901596
-2.7158728	-34.652485
14.517981	-27.681778
70.97558	8.376789
21.161285	-27.538576
27.649853	-45.62942
66.45765	-31.138206
17.85565	-13.235899
86.9925	-6.6927223
9.129608	-81.134476
69.114006	-26.297834
48.977608	-40.02473
35.281246	-17.92872
38.668503	-52.35875
70.40453	-6.5646996
39.958244	-20.169569
46.562748	-46.02469
21.762623	-53.691486
54.76391	-15.345245
37.674236	-22.37531
-0.19710334	-77.66461
15.139384	-38.385902
18.351452	-62.237484
67.83867	-35.122524
18.236507	-62.342995
46.39376	-19.994774
49.482906	-41.22171
0.8374291	-49.673195
64.52297	-42.31296
19.598957	-42.153316
19.998558	-35.684204
-25.884207	-69.62965
-9.234758	-72.54246
23.111113	-11.398494
20.768822	-64.00921
43.587162	-41.560204
25.705791	-43.55812
-3.1476753	-55.560783
50.899456	-28.533216
34.9052	-65.54728
10.927512	-57.78391
27.863356	-8.562979
0.54719555	-50.718838
2.517683	-15.291556
44.059185	-47.201805
63.917667	-27.866959
-1.2265146	-61.4249
-13.101874	-79.34165
25.632627	-54.754417
12.180913	-35.871647
62.02327	-12.342365
-16.09996	-36.532246
44.893826	-35.585144
10.412382	13.856487
-20.244576	-52.03417
52.27935	-15.271666
47.75422	-35.152485
8.815644	-26.877071
-28.615929	-57.67383
3.290026	-31.751108
29.984406	-39.36358
89.0308	-18.536695
0.21080615	-61.906666
51.6783	-32.797752
7.0925603	-80.51372
9.779037	-47.563534
50.51596	-4.636469
8.551316	-26.12045
63.65195	-33.566105
41.10254	-10.720535
38.558052	-52.31636
5.670289	-52.700108
1.0530273	-68.19648
19.65702	-3.7375135
21.095236	-65.2311
1.4239246	-42.968063
55.07352	-1.9617364
19.37013	-28.927946
15.967274	-45.98191
57.46561	-3.6245425
71.99055	2.72317
53.393627	5.0411263
75.04949	-32.756397
43.346714	-16.197758
43.49359	-48.008427
82.20123	32.764072
80.35509	-2.4978347
25.777287	-14.806087
-31.018732	-49.30124
30.832262	-74.00448
61.230232	3.8387313
35.556694	-39.7893
16.788559	-13.024223
39.188988	-26.547226
-2.517492	-59.8916
42.029114	-34.242455
14.520299	-16.05881
72.1653	32.362057
56.573067	-27.531591
23.066803	-54.569103
64.948524	-42.192394
-10.498812	-72.96389
73.332886	-9.867596
-1.1943693	-79.45641
39.05666	-6.2417803
16.687914	-12.750372
22.88742	-21.234797
55.743187	-19.439007
32.444458	-38.23661
27.790373	-69.68931
-16.08419	-73.14178
45.999763	-45.99906
55.47562	-12.481929
35.724392	-50.22602
24.302828	-42.082077
43.75941	-12.031562
11.773965	-72.54795
46.353287	-40.40622
18.473284	-41.381016
-40.85434	-69.667984
48.885826	-27.22127
40.44339	-20.14226
37.94385	-9.065593
-8.434023	-37.40712
45.72083	-46.082428
42.75329	-21.830168
47.19832	5.426486
