-25.782421	35.39722
-8.37868	41.533295
-7.862955	-13.938673
-33.426968	-46.15958
-38.069344	-49.091236
-34.65483	-1.5663536
-1.3797343	41.154675
-19.552309	31.844858
-27.417868	40.521713
43.408897	17.84117
76.06421	14.192241
-15.256979	-29.399487
90.19567	5.985653
-64.16205	9.109398
18.909933	46.687897
4.619811	51.088543
-42.910824	-22.288792
-21.24494	-18.115217
-41.060204	62.05914
-24.294682	67.88999
-64.8627	65.50231
-16.205534	36.50199
-29.702625	23.458742
-61.391693	-52.431534
54.21408	-14.12748
-43.106564	48.05207
-67.66227	-27.57584
-37.15261	31.556314
-45.776062	8.541918
26.18041	47.080093
-47.4262	-55.773617
-12.751829	39.607918
-36.83747	2.2482955
59.78073	26.259146
42.05853	36.09859
24.669933	29.890965
9.110847	56.365868
-46.368366	-30.382023
-7.630754	51.43132
7.4135046	42.551075
-0.8250379	60.714294
36.56074	39.73589
-34.451653	50.471577
-13.713228	-0.50570834
-47.695564	41.154415
-77.54642	20.627678
-23.535507	-52.224922
-13.992243	53.09788
-68.37726	-3.574597
-36.989944	28.910448
-51.697533	8.684947
-38.13219	44.84022
62.198555	38.899437
-60.07188	-22.637394
3.6364899	-21.622286
-63.002758	5.705667
15.717376	55.059658
8.422884	55.621056
-52.144638	69.97116
-44.873436	-2.9459286
-52.864433	-31.339684
17.238556	47.6922
19.162825	40.113556
-46.28369	-42.713818
-65.38777	57.82304
15.247179	56.590855
71.822914	15.255315
-67.04514	-21.06065
28.390749	18.288713
44.019424	56.20019
-43.84337	50.640377
-4.184587	66.34466
-41.45877	-27.127089
-23.775793	55.049305
-43.71971	12.133272
7.031157	-86.30831
-13.470395	45.28629
-56.338345	52.989353
-29.881546	-17.809105
-38.827602	51.43554
-41.130806	-69.91889
20.146093	65.329796
-74.4198	47.8806
26.350376	57.46665
-42.468155	-27.89342
-50.429214	13.953389
-80.040184	54.891113
-34.970707	-23.525324
-32.941147	-49.693554
-57.7859	51.914116
56.225224	11.0598
-18.672588	-27.248993
-56.075764	0.31851646
-15.066264	3.0517557
-8.417365	21.731533
-25.951523	-7.5334463
24.763958	41.467594
-69.214714	-21.710436
-61.077328	-14.761512
-23.248968	-1.7530248
-35.07019	-57.602474
-31.64748	45.698994
-34.529964	-32.42457
-49.524574	28.320024
-38.628914	54.54061
-49.105404	17.455692
66.13276	-12.89579
-51.220936	-1.8155041
-45.71249	-37.951176
-16.943031	61.014366
-72.30287	33.24374
-20.163872	17.975975
-43.315636	-60.254135
-76.10657	50.67676
-83.37333	40.364395
-0.43216732	20.19591
-27.67137	-72.99589
42.33974	58.565365
-59.082706	-3.3296874
-56.782036	-45.359814
-7.3851614	-9.659531
44.1844	60.56693
-55.418568	50.49675
12.391721	16.457071
-63.280975	5.035731
-85.42173	24.808636
-21.2498	53.294796
-38.375496	14.380992
-45.116665	28.836395
-48.798332	-43.385822
61.616714	10.108325
26.6661	-0.9447051
-5.9159555	-83.384346
-19.673475	36.649117
-6.080093	63.941826
-32.32643	9.016446
-70.83736	41.571625
-63.443157	67.74659
-14.996467	51.62152
-51.226868	31.712255
-81.0626	10.429288
4.2953196	58.508076
-66.28792	-40.41724
-84.599846	43.68951
20.16445	34.75161
-29.19743	5.3411865
-45.925556	29.415747
-51.523186	33.405342
64.885254	0.34637848
-47.559418	-29.052465
-1.2964925	59.99418
-28.735489	46.85113
-19.09083	-34.085537
-43.033173	2.3487303
-46.573975	-52.117123
66.24775	42.292725
-36.59035	-37.490646
-52.666897	54.04087
79.4634	23.531652
-60.851635	-10.980347
-73.41907	47.75785
-33.0328	-63.244186
9.72851	11.394432
-60.544353	7.657873
63.16272	26.802244
47.76932	53.431305
53.763515	21.956856
46.49502	33.332718
-54.142056	60.880886
-42.19198	36.811188
-22.956894	-18.081793
-0.7049998	24.535149
-26.759241	-27.948751
-28.422083	32.40033
-50.20238	45.209362
-31.633211	43.763687
-8.91962	40.932827
-2.3183358	-48.28403
-28.69044	-21.15387
19.198483	56.44942
1.1170546	56.812225
-17.007803	55.531277
54.765385	21.758362
77.17713	0.8814068
-62.19552	19.821238
-5.148433	-63.885574
-25.361776	53.54945
-38.01721	33.2043
-55.089672	-47.640392
-57.7991	52.195805
-35.3928	-42.95721
48.879467	41.634575
-48.711834	5.248799
87.89872	7.2354307
19.738083	38.724777
-50.80615	22.196596
8.71399	25.983387
-12.483032	-69.52475
38.144638	51.108635
-71.76934	3.509192
64.96433	2.6663957
-37.40862	-47.815117
-9.867164	-61.401604
61.391117	39.02178
-5.531012	-59.52198
-31.09066	55.211506
-75.44103	17.33756
-69.7452	41.53361
-29.133371	-73.11392
17.47552	41.702255
15.075619	39.454273
-7.957205	-45.770348
-65.92507	56.64733
-30.876562	-4.827471
66.60214	42.61065
-9.598897	-68.04947
-34.67945	-7.980108
-84.03361	40.10186
47.02247	33.344986
-60.79443	49.23067
-41.65075	7.3185883
-35.17642	-52.11605
-39.208454	17.812326
-20.053371	41.614193
10.234852	65.41521
-37.675213	-6.025712
-5.4856105	25.513924
80.1557	22.56083
-27.918455	-14.104657
-43.042423	54.76089
-46.0421	46.91456
70.321335	13.483839
22.509127	36.319603
-15.449213	42.130722
-35.504852	-26.503706
78.38262	37.45074
20.902168	64.8796
-17.801996	62.74644
-50.604004	55.07787
-66.49255	41.22144
-80.90524	29.375843
-41.52736	68.48878
-52.518196	21.555058
-5.659326	27.140707
-18.159492	-22.277168
-11.027807	31.136108
-9.6462965	45.823612
1.8935515	60.71172
-49.160828	58.36504
76.471306	11.426554
-71.86074	52.145947
39.797707	46.19978
-17.447992	-71.9292
-20.170107	31.286118
-73.75578	0.84103173
46.292084	48.168312
-30.5303	-6.0661755
-28.73176	69.143524
-5.0601835	68.24703
-44.98018	61.394764
2.5830102	41.444374
-15.553534	-65.18474
-69.01179	64.913086
68.797745	1.1791188
-55.912212	-9.034386
-47.825413	-10.192038
-6.707674	-46.94959
-37.833492	-26.609127
-20.728203	-10.955676
65.722305	36.914455
33.251617	29.558374
-29.875845	-35.41539
72.97192	3.8995395
19.948895	45.11218
-31.009176	44.535275
-40.782795	-3.1306841
55.956905	31.783699
-55.274826	4.056532
48.634007	-13.959899
-48.61543	30.949118
48.473427	34.441833
-49.944942	-32.31581
45.497097	37.78984
-57.031704	-28.36815
-23.75859	71.29517
4.7611074	34.153896
-30.683914	51.88403
-36.696136	6.9978504
-80.514854	51.52327
29.55939	26.801952
-41.656647	24.780975
-10.729946	35.945038
-44.56841	-21.461432
-26.141176	30.754606
74.04755	3.7988205
13.639373	-7.334322
-6.823058	24.006535
14.347469	41.146416
-14.737522	19.534744
43.02266	34.24827
-36.06963	-4.2119036
-65.55756	-0.69073015
61.18195	15.129257
1.3180108	19.32822
-25.105387	-48.650272
-50.420666	-29.081667
-14.2216215	26.998102
-47.414253	-13.332611
33.68547	64.97876
1.2489419	21.211506
9.409446	14.8247595
13.2099695	52.330837
-54.107464	64.454796
-36.68004	12.753354
-9.358393	-32.835186
-71.06778	-33.715584
-46.686245	-21.024603
-33.904182	-9.986408
35.737366	44.371765
-23.19547	42.82929
-3.963802	-38.994934
-30.335472	-4.2558603
-1.854016	59.171574
-31.650927	28.944683
-47.535244	10.56191
-5.3247533	42.862537
-1.1679939	-28.73576
-32.757748	39.75449
-46.460552	-8.536568
-48.92904	2.8599498
-80.77659	46.326557
5.5727963	50.252426
-57.700012	-45.304012
-9.54844	8.465201
-5.4027643	37.02617
10.246159	14.892966
-41.524837	9.7273655
-71.492195	55.742638
-21.805538	19.755814
-18.639767	-49.52864
-54.22583	53.829296
26.16371	9.813659
62.26674	16.636747
44.9324	7.688696
-42.636353	-35.269646
-24.144043	-18.63547
-82.99132	27.800758
-39.683456	-12.89627
43.639977	52.15997
-62.005043	50.68556
-6.5085945	53.35381
-6.7229996	60.030685
-60.49797	-9.3199215
-70.13822	55.179096
11.324231	33.048664
-13.19897	-77.974785
-51.352516	-16.674368
-81.976326	30.269005
42.66528	56.15434
-39.128128	-23.090267
-37.283867	-50.786007
-28.732533	-24.536535
-36.783485	20.301455
55.628853	5.1277184
-39.1449	66.68029
-30.691612	48.797894
50.76979	19.369669
-62.006844	-27.192205
10.19954	58.929752
58.73728	12.83407
58.923428	9.8029
-2.1294813	39.056736
31.269468	53.198532
-42.801533	9.341299
-34.428932	-57.60629
-68.444626	31.218285
-46.797268	5.359608
-46.02948	37.043213
-22.574413	20.208113
7.4787807	37.39546
-53.778717	35.530247
-53.21699	-12.914637
18.932417	45.382862
2.3132775	36.8221
-42.36825	44.80995
-32.198605	18.471226
-10.710971	-17.070335
-22.535002	67.04997
22.455486	59.737
21.75969	44.446415
-56.612473	23.917784
59.393135	25.810238
-4.688253	-45.1547
-10.855047	-56.60763
20.49704	33.846577
-24.573006	-29.234438
-15.015269	67.44916
-24.083963	-34.203384
-32.9565	-62.273758
80.48871	21.243324
-29.540836	39.112675
17.79886	31.424116
-50.975426	-22.172123
-65.23345	46.510002
64.275215	48.734997
-11.382077	41.274685
-47.197334	47.266026
54.471375	-31.047775
-60.825783	-38.41131
-9.271074	8.644329
-15.600214	-18.230734
-63.276	39.376953
19.246078	2.7432995
79.69141	-15.5913315
-68.44146	-11.8973675
-36.907997	-18.118961
-32.27203	15.694904
-80.92611	0.6016584
-35.9738	-6.323591
-28.047752	6.995168
-71.90399	7.1534123
32.37565	45.78782
-46.659416	69.57085
-25.212017	64.27042
-79.577255	30.417105
98.65157	8.139518
-2.451402	60.54161
-31.9217	-79.70364
-12.008686	-84.324486
-86.19154	38.657154
-40.022503	-8.940294
-56.52781	45.170395
-18.083542	-20.760286
-48.313515	72.71671
-7.161337	23.654264
-80.69321	38.12676
-33.172268	44.053688
-60.92616	-5.6090107
-37.226265	-13.6952715
-46.082886	18.94518
-36.79291	-36.951115
47.37819	17.104555
-50.335896	-21.49563
8.421674	71.058685
-6.446145	-23.325583
17.389832	41.58636
-44.233875	-29.178432
-3.7988718	19.221292
-64.31925	21.231522
-55.37433	10.749523
-31.679632	-0.90603983
24.975739	47.132313
-35.366528	43.098175
25.12406	59.727066
-60.67931	55.765297
18.433487	-55.435837
-58.273445	19.82679
-61.002094	-33.401657
-72.012	69.03335
-31.287058	76.56581
-23.654308	38.075386
-71.540665	34.469936
-81.812065	34.62346
41.884796	39.817455
31.096876	24.398731
62.406506	7.706019
-55.603825	-20.714436
39.7786	32.82822
-49.149162	-33.302677
-35.626995	-18.528996
-71.56478	51.572506
10.295433	44.616432
-39.338024	-16.484594
-60.495674	10.593183
-26.860167	-30.756512
-2.6486304	-44.69549
-42.016098	51.100895
-50.261856	0.99258393
-56.27201	-32.45139
-61.52733	-30.3401
-40.123623	-19.271057
70.112305	-10.19627
48.089916	54.063423
-23.9919	47.82312
-86.236664	14.469673
38.82558	-6.453918
-54.20575	-54.4361
19.102371	2.635152
-39.325157	-23.75626
-56.45491	56.223633
1.6403644	44.62515
1.093364	42.251934
-10.768896	25.223944
-32.831326	-31.604708
-20.591133	53.46743
-52.515446	29.760983
19.560097	52.620758
1.9604373	60.709896
-84.01192	58.88975
-44.70954	-41.08293
-20.504137	59.08519
-20.824713	6.2594113
-54.54401	-43.9071
81.69186	15.115717
-35.14216	16.752867
-69.90466	39.017174
34.275642	47.838905
-11.412406	26.371431
57.538982	17.819101
-32.822426	-22.827662
-11.877877	-24.382174
-36.126717	53.92713
-47.570675	65.32561
85.31436	23.825539
-26.85886	-1.9801837
-46.833	8.081757
37.859894	31.441212
-5.7940707	40.275517
-51.100826	56.512943
-2.0061784	-22.483273
26.583052	-20.04798
-60.74549	32.444927
34.53337	46.943054
3.0436265	55.300625
-7.722173	39.35741
-22.047243	-4.0711937
-20.512114	54.41542
-24.68895	10.000025
-60.725117	-40.946964
83.80714	23.281736
-79.08598	47.14181
63.171688	10.124511
18.043158	50.7864
-3.3524609	40.016895
2.3934388	66.06324
-27.813679	-1.2774638
-35.960133	-59.10682
-37.892834	-22.390293
68.20224	28.295776
-27.177076	-44.014874
42.383095	39.69466
10.188399	53.073658
-33.77848	-28.498064
-50.536694	-23.903482
-62.469433	7.841914
-59.46761	65.601295
-74.1468	64.86647
39.8284	6.534937
-3.882352	-39.17182
-20.711456	-82.22113
60.86421	4.9191155
-49.623947	-53.647934
33.253765	43.555584
-69.38281	45.280567
-24.15004	-56.548466
-33.172626	-74.24311
3.523831	54.740032
14.634712	47.259895
-61.468685	-18.908457
-54.481094	41.81368
-46.544277	-12.025447
-73.25712	33.40127
33.664173	4.615515
-26.112427	26.308634
-44.86711	59.2485
-65.23836	32.518368
-27.144396	-59.16288
-31.463852	-52.47434
-23.321642	-22.93149
-22.976883	70.97392
-76.1352	41.131157
-64.474434	9.398808
-47.282642	9.407802
-5.9470243	54.493984
-60.93359	-20.285648
-8.312975	60.04431
-31.68496	-12.855283
6.486218	49.795277
-20.790459	13.555334
-34.911198	55.307426
-30.675674	52.192696
10.609029	46.530624
-57.370537	-35.51941
-49.04023	12.897534
-18.993998	27.461777
-58.70938	-19.827158
-30.697077	-36.74562
-39.727196	54.29639
-28.830212	-27.807587
-41.062622	-41.612934
-38.988636	34.132744
-38.206432	26.784761
-0.21431646	38.60561
2.5610685	7.2751985
9.6548195	44.441994
3.9290354	32.105686
-46.22987	55.14018
-41.802155	-3.62191
-54.07645	-31.159113
-1.8834618	32.92388
46.70743	20.829031
-19.785896	-64.56833
34.8502	39.598827
-68.64889	-39.76175
-40.150616	-20.647903
33.71721	59.647346
-1.4500831	38.122566
70.14105	-10.160645
79.31043	27.656338
-26.866533	-63.370583
-27.838102	-1.896463
-32.368675	17.789719
-70.02076	50.149704
-44.859196	44.761642
73.188255	18.000765
88.6071	1.6994939
-34.207703	70.738815
-45.150814	-32.61111
-56.567223	20.434778
-41.3931	55.76794
9.359448	48.833508
-58.61469	9.313515
43.326424	45.787346
25.389132	37.330063
-77.406456	43.83467
-73.584465	-11.811854
-77.577484	55.423817
-43.042294	-27.787603
-44.87753	-21.189955
-46.86218	-20.99454
-85.8562	48.068478
-9.6180105	32.72746
-64.74279	-7.1515174
-38.545338	62.099495
-60.73324	32.492695
-11.18655	30.93242
-2.495809	38.20552
34.69467	46.571613
-57.925976	-19.340528
-57.65034	28.566557
-75.42515	55.612717
-32.4754	15.567224
-35.441906	-27.016146
-41.911304	65.88125
-20.825197	-59.165806
76.87898	18.437195
63.27753	28.328411
-32.419487	-74.86281
22.9847	43.462418
43.539352	25.389942
36.531372	19.440527
-32.58797	-25.757843
-10.0710745	-56.068623
-58.875042	15.375115
-50.31047	60.93272
26.173632	23.871843
37.40604	40.242317
-59.56384	69.03698
-1.176964	-41.06036
-22.256811	-82.1105
-49.736275	-49.46979
-17.166628	55.29822
-39.131927	-29.74748
26.287903	54.629642
-51.49547	24.075558
2.8996465	55.370815
-25.182108	64.333145
59.061993	13.491951
-37.424522	42.80098
-23.350395	-12.991103
-45.235134	-32.544888
-58.34461	13.911669
-55.506756	-55.917236
22.648178	46.79564
-65.12845	51.220005
-46.542946	54.5659
98.04682	9.747398
-30.619576	-11.336952
-34.16527	-3.8135989
23.642395	33.48775
-59.010845	39.104454
11.197773	59.12189
-61.1314	23.587936
22.320086	-60.51599
-25.474648	-21.719738
-16.796764	4.5098314
-55.983227	55.7398
48.996487	26.469534
2.398888	57.03166
-37.47198	-34.79417
17.52434	20.455204
10.9464655	23.059319
55.344128	7.325526
-2.4962053	-2.1673
-4.229017	51.84656
-7.576131	48.42345
-36.349823	-24.465334
-43.02685	45.456074
-8.2323885	56.212357
-28.007978	-14.419694
-22.837944	38.98457
-61.025024	38.18189
0.06083444	67.04137
-62.232525	42.885857
14.648549	42.76608
-60.433376	44.54573
-17.535833	4.7434363
-39.015873	-0.81217796
87.36035	4.1861587
-60.35109	6.598299
-48.994667	61.916374
-30.755947	-43.99694
-30.858208	-1.4801842
-36.363457	7.4242253
-22.89368	-60.071102
-37.705215	58.091213
-49.63484	37.098095
86.60046	27.783335
-43.666504	42.936836
-73.77669	40.788105
16.06392	27.888683
4.448355	61.015186
-10.420012	-56.72121
-46.586487	2.9398918
19.477821	19.654455
-48.22258	30.083664
-31.680563	-12.9642
-70.08399	24.074562
67.94669	3.3787577
-37.66976	32.476772
-14.275745	42.274254
-73.39552	0.22526333
-28.570871	58.927685
-42.69628	-44.75584
-5.384709	26.305948
26.327978	27.882032
-38.830242	-61.346924
-60.181644	41.061634
3.524884	44.71345
-60.002693	-1.4029728
17.297766	23.54249
-35.224125	-38.511562
18.794725	30.159012
-73.495255	27.749794
59.786724	53.91392
-18.448933	-46.294548
-62.44075	-51.066338
4.3063316	16.695192
-19.566523	41.826797
-59.627274	52.111805
-74.78909	42.464645
28.997168	36.086655
-4.590351	48.219288
-16.002287	-80.260414
14.573011	42.558662
-61.833717	69.61972
54.175842	48.292053
20.609488	39.910774
-32.96581	-56.63903
-48.122894	-34.97923
46.063454	29.031246
-57.58615	-13.778378
-71.05424	36.26255
-35.35941	6.0467854
-19.805723	-46.276203
-36.44449	-31.815268
31.332987	-62.99146
-19.087118	-50.93534
51.613014	12.852436
76.73496	15.884319
-70.72259	41.396812
-48.460014	51.77787
5.7353354	21.04259
46.249184	39.52459
33.879494	12.253088
41.955772	56.16195
-56.05091	34.376972
-60.811825	1.6348729
-50.10648	48.91367
-43.372253	60.026134
29.687162	22.419777
-43.917534	48.285484
-53.75895	73.07179
-18.782846	-34.661243
-19.617973	-57.34512
-41.71721	24.741474
-63.14417	-14.661338
-40.96528	40.00178
30.249126	32.590214
-32.08979	-79.71832
-21.24521	41.666252
-48.244083	10.787382
37.70503	12.060282
-26.505657	-23.67268
-31.41352	63.61779
-24.352142	-10.709102
-39.435093	63.97265
-42.28015	-7.3927326
-34.710194	22.006004
-29.101221	11.177099
-44.66705	-36.84016
45.172157	39.203026
66.94926	-6.2539687
-15.657336	18.703913
-45.31846	53.936943
52.549503	29.078781
36.064335	44.311977
-53.409336	6.1491537
7.3943114	42.99108
-2.5283167	35.445824
-56.47473	35.217827
-32.410313	-26.12905
-37.36404	-38.647163
29.49953	56.617302
66.84464	23.373676
-48.937664	37.665657
-14.612961	-26.877186
-15.357443	40.132484
-18.498007	-12.461407
-71.96992	38.694164
-31.96121	26.355501
-0.24838577	14.867972
-60.098316	-50.811172
14.42352	19.965996
-40.622395	50.219505
-21.362196	41.66988
-55.923084	31.23977
-83.37217	19.800346
63.99279	29.893982
-23.318003	-63.320496
-26.335842	26.460995
-77.282974	58.568058
-47.382683	-24.695282
2.024718	27.597929
48.258358	55.094997
-70.27545	53.825195
-74.38667	55.90887
49.101757	30.46196
83.827	23.784868
-49.172737	34.74032
44.061684	26.198807
-26.453646	65.3938
-24.627907	34.842033
-44.56854	-24.243979
-24.647806	-28.996689
-63.26517	-31.861559
-1.1633447	15.10447
-24.273117	-46.33931
-21.253605	14.864884
-28.731903	-51.464043
-71.78526	60.391457
-29.31619	-40.117043
-28.210598	-48.032898
-1.8252114	64.626915
-36.694374	1.700966
-23.632113	61.16891
-15.7911	10.978956
-3.97526	-39.982224
-6.387226	-54.381695
-70.812614	4.2546663
87.43773	10.153606
-37.212517	-5.2139654
28.065264	25.29435
-17.26205	-7.2412515
-46.719337	69.521706
-40.214127	-53.880775
91.18276	23.896112
-52.28187	-13.474949
0.55727524	20.20926
-33.923573	67.791855
33.39213	17.417362
37.289692	50.502914
-62.865273	54.431168
57.1185	-0.44306913
-9.584523	55.957954
57.37988	41.130493
-61.020718	-1.4005277
39.763344	54.573452
26.569687	13.474957
78.8378	-19.63377
-53.811844	64.70176
5.629921	-72.3472
29.591812	49.85428
-7.806519	51.555893
-74.60382	64.83719
54.8948	32.333927
-33.724297	39.392067
-0.020856623	67.00039
62.542656	-16.384054
-56.906437	22.785059
-54.629986	-15.848265
-20.879246	-16.604475
-77.45945	43.858
-49.06993	37.529358
-72.5542	60.86504
-38.10262	-60.20254
-13.482266	67.76177
-63.66973	34.718533
-42.54211	-4.2970777
36.666233	4.027661
16.911995	31.431675
-55.998264	-9.338995
84.2731	-9.016551
51.30433	25.594326
-60.714527	-5.209521
-36.695232	-37.955967
-70.10022	39.037506
19.916452	-58.555283
-35.146915	-55.206833
-41.068016	-9.170387
26.636684	20.80167
-15.616896	-40.835125
31.242739	2.989651
-43.804382	68.25278
19.078691	15.828993
-51.75799	-35.35808
-64.27865	-45.40222
71.898445	-25.000162
15.694828	57.07558
26.55189	32.214108
-24.603254	-9.173731
-27.806723	51.29785
-42.085724	59.853756
3.7412689	64.43776
-73.91933	66.131454
-56.941143	19.916739
-39.92617	60.073826
-63.113358	56.763226
-54.7047	35.8259
15.171414	46.289093
-61.673096	55.88315
-44.73537	35.312305
-56.440174	-18.047918
-21.779001	-24.277662
-15.974145	15.581872
-37.23874	-46.537933
-32.47688	-63.45488
47.80457	-11.018515
-17.536652	-55.17303
40.500656	23.417686
-2.2603562	44.486935
18.374733	61.80516
-22.157087	7.698627
-51.095192	43.435333
56.087845	44.258484
-23.903444	71.41487
-35.952724	62.37834
-22.170673	59.486134
2.2206142	18.603336
-19.396206	34.02088
-41.286835	40.280155
-33.988144	-18.053364
64.49994	35.23021
-3.7648475	-78.654434
-26.727842	37.797718
-36.37563	51.185696
-21.633003	-21.232094
-27.655752	49.3762
-14.232797	16.277067
80.58864	19.69521
-68.89324	-20.39337
-42.644707	41.99492
-62.356606	-22.148325
-22.26326	25.23102
-21.918205	-40.551697
12.575014	53.944664
-76.81518	55.454994
-35.919235	11.61054
-36.080746	45.74584
-37.597008	-4.714674
-43.00662	-24.238304
-26.233898	16.625364
-50.14728	43.94087
-60.710148	-10.06717
80.05214	20.745358
-53.76758	73.071365
-28.260653	42.889584
-60.590305	1.0775946
-2.1133623	-1.0809897
4.5088253	-67.29798
-8.671768	52.826366
-43.05278	2.6750426
48.411057	25.901073
-49.992744	49.39289
0.10672721	-66.16947
-40.79156	-3.1917613
-69.08552	18.077053
-69.74826	-4.1313753
-42.484108	48.291687
-73.71664	1.8627357
-71.84843	3.738973
6.511931	47.19496
-38.551258	20.779306
79.44424	-0.65039873
-20.523918	59.118114
-38.348778	38.040375
-68.84919	18.829817
48.70918	4.1737943
61.417526	-8.533534
29.94668	14.764928
4.2754407	-48.185764
-61.64221	-14.603892
-32.179886	66.21134
-74.84667	47.438137
-60.93357	22.587086
-12.06749	59.041237
-36.049156	58.096508
59.2992	35.42445
37.137207	50.369045
25.615772	38.80397
-33.325542	-3.0619144
-58.076996	67.9325
-38.699005	37.122597
16.682945	-11.782589
-47.46934	15.6347
-33.818523	12.066374
42.46824	59.148808
-39.546707	-55.0832
-59.563477	-22.928526
-35.194378	-39.43359
34.909718	26.342289
23.864416	-57.510918
-42.044426	-12.790067
16.311247	60.933422
-52.454453	51.304394
60.15864	-22.829315
-9.342611	16.317852
11.270598	47.231503
-44.083504	33.286613
-62.900814	36.511898
42.110622	1.8784256
-46.137558	-30.427528
87.773834	8.362763
-32.866417	-75.88032
-25.789732	-49.3252
-36.94943	10.765284
45.20296	29.884243
-39.188908	58.108997
-23.362991	-13.049066
-69.08711	33.10454
44.2242	60.589565
-63.628616	53.61622
-16.542429	43.78562
-9.517311	3.018975
-61.460476	59.477146
-57.39981	-13.300898
-29.094965	-46.539722
-24.295155	-61.467617
14.316188	20.894077
9.004506	25.886967
-33.787296	-57.096836
-18.99052	27.428501
-13.305872	37.02719
34.577953	65.63555
74.30405	7.7472243
-15.8145075	10.981936
31.721088	45.34539
-78.73032	34.585766
68.893776	20.173243
-12.81301	-30.798965
15.563466	18.799496
-26.180737	34.933502
-45.060177	-43.55626
-4.196614	20.6489
-85.102356	33.115356
-32.925484	-2.5393345
-19.6637	-2.993021
51.47769	25.663952
-13.004812	-41.71581
-59.5475	-0.23452893
-81.05137	10.435396
-54.949448	7.2184215
-52.931812	13.387394
-35.93835	-20.910538
-21.717299	-30.608385
-31.415945	52.638973
-38.634026	-29.873976
39.19409	45.153553
-62.512173	47.59417
-51.10585	30.921354
-53.26928	2.2694616
-21.19166	-34.093204
-33.90628	-9.943606
13.208582	51.87135
-30.295618	48.894356
-62.142735	30.02526
-33.50667	-3.0691993
7.9645905	29.287825
-37.71414	27.271366
-20.116192	34.552036
-5.777785	54.177837
76.03036	14.061879
-63.875607	-19.369614
76.0728	-8.785096
-64.26275	49.75118
-37.413723	71.27005
-34.26948	32.80281
-7.2446146	-59.571617
4.1547437	47.721516
-0.10667603	-40.109737
53.915775	49.227085
82.81837	22.466507
31.578217	45.24201
-29.798351	-11.21001
-13.804607	27.121017
-47.02615	-27.165375
15.220937	13.617102
-84.36442	48.47796
-47.711704	20.45937
-56.29805	30.9705
-3.9831076	-64.043884
4.3368597	60.33273
8.083367	-59.70795
0.22567827	-53.887615
-36.492336	40.87575
40.04379	28.53287
-71.52165	28.53335
-78.37124	22.747719
21.29367	64.79993
28.579754	5.3776126
10.886625	15.051413
-75.44805	15.890394
15.924969	29.21199
-61.372948	26.748098
-66.55485	37.96031
-69.88241	50.297966
54.48954	11.470184
-26.318102	34.35657
33.635532	56.366154
-34.00564	-29.22729
41.920685	-21.96097
47.455193	33.321033
-56.862915	40.51151
-66.3889	5.662514
35.88481	39.439056
-44.910027	-8.352178
-16.587639	61.36429
-8.794507	8.9365635
-30.840012	-56.56087
-59.903534	18.802023
46.32285	12.244489
62.49528	-15.2331
-49.15722	41.968517
-21.521109	-7.2649846
6.2978354	21.709705
-13.747405	-47.61903
-30.494133	30.003597
-63.81084	32.517742
43.03341	46.93988
-39.293064	30.104015
1.3338293	45.95255
-53.464622	13.411752
-69.062035	55.452755
-47.376686	53.593056
-16.231937	36.601345
-38.075966	-69.438194
51.00398	31.176529
-48.421093	-60.062088
9.738665	35.60993
-49.36817	-19.627304
-61.98868	39.140697
-46.96441	11.036583
-5.1759243	27.537794
66.47415	-23.242601
-7.9486284	-63.4404
-29.833948	-79.594986
-27.967419	-64.7245
-22.555307	-75.07521
-33.997902	33.11151
-20.007965	14.555913
-44.748314	30.17588
-48.83858	13.376448
15.522304	46.6725
0.28990364	23.336584
-58.799393	59.95957
-85.41373	24.823103
82.4192	28.360518
24.535583	40.725445
-5.143545	48.890743
74.53686	38.911293
-60.067585	35.394337
2.2196453	-58.4665
-38.278904	-9.176879
-29.156422	4.9470186
25.616573	50.50851
-51.720734	-11.954895
33.640408	-10.396646
16.879658	51.097595
-61.25139	8.404234
-15.081404	30.879372
45.82887	46.643276
-38.012566	20.378063
-65.71926	28.972399
-37.785835	27.441011
-60.324047	54.327553
-49.19488	-9.816909
-49.70571	-28.462086
-58.745388	62.877605
-49.45278	-25.79387
-14.532146	-58.2347
53.054626	37.0063
-56.34986	43.82428
-59.285076	3.3523912
-36.81288	-55.676163
33.953358	40.09574
-67.044464	24.745874
-54.753273	50.085266
40.32874	39.74078
74.75022	8.2670555
-27.655157	60.097973
-16.407507	-23.125528
-31.280767	76.57015
91.08206	11.230157
-64.451675	12.607372
-26.787092	56.41733
-37.7609	44.412518
48.936512	21.843784
-82.467476	40.670628
-36.715508	-13.384051
22.008844	26.2903
-39.199844	0.7295939
32.73789	12.346973
44.09961	33.948624
-39.374973	76.36338
-16.505083	-24.837029
-56.714108	44.38054
-17.13176	39.318417
42.98259	0.81155837
-12.269296	48.389267
44.967293	19.344625
60.009426	-22.82475
-40.224354	-54.39294
-70.1064	22.780634
33.238876	43.961533
-86.15737	40.00939
-61.606827	-22.145365
-45.47478	36.164173
56.71902	-12.126765
0.23711748	20.257612
40.895714	55.902435
-55.223587	-24.017681
-64.78213	63.0545
-56.87215	48.042286
53.74212	6.0335374
-64.57979	58.363647
-66.604416	54.10264
4.126227	-33.071053
-52.218742	37.56696
-48.357517	72.28555
-14.212259	42.58709
-44.75624	-54.721447
-4.674736	54.55417
58.611732	37.021866
-20.854338	35.75582
-50.202583	3.9451044
-2.278668	44.427914
29.203026	56.66516
-83.82632	48.761665
-38.01065	15.424465
-60.241516	46.10455
24.611855	40.507168
-38.015324	-32.140987
-12.375657	26.885067
-1.0525435	-48.106277
-54.467453	60.720264
-60.69965	-33.148617
-29.5839	5.7824216
-74.65678	36.683598
-35.859554	54.255505
-58.21805	56.099632
9.724013	43.7295
64.005394	29.685488
-69.539154	21.012058
-41.79873	-53.780666
-76.81423	31.25251
-56.990887	21.191614
-63.332947	14.446535
-83.77929	58.98424
-12.526569	-63.584866
-45.036636	-16.236525
57.25478	35.60578
5.3489194	45.801292
-80.47483	24.647394
-73.85083	26.448753
-42.333904	36.354424
-61.01414	-35.030094
-54.404156	-4.9808064
-64.03297	13.327497
-43.79852	-8.9064865
-19.17635	-44.13974
37.418327	23.180063
-60.48138	10.387782
-7.042968	64.51578
-14.39939	56.082787
-52.449165	-13.966673
58.647198	35.857887
-58.562607	-40.364506
-38.429165	34.345863
-35.474583	-42.989426
-26.160732	-32.42477
-40.42927	-6.995737
-10.814496	32.738785
84.54061	16.62685
17.943909	51.66602
-54.391796	-23.690844
12.798054	25.96017
-72.63504	33.356617
94.02777	19.666662
-6.0529466	39.674934
-24.171116	59.739334
-33.13036	66.70527
2.3171113	68.11359
-49.014133	31.720758
17.41985	23.556639
17.329458	51.07306
87.61432	13.111345
-63.31222	31.20406
-49.228043	17.573872
-65.72758	6.845564
18.290102	44.545677
-28.34713	-40.464134
-64.5748	18.641525
-59.972218	49.519
93.95606	17.430435
-27.240389	16.179659
-28.173193	-52.14342
-86.24374	14.446894
45.50903	37.65704
-28.071516	27.38007
-44.82079	23.893797
-32.067883	34.33933
31.94068	39.85279
-40.335876	10.223648
49.267548	39.311134
-42.730988	36.10396
-23.552067	-31.680681
-20.868687	48.47056
46.214363	45.973648
-56.150787	0.41576326
20.504782	50.97182
-53.81213	-39.423172
-40.30718	53.99561
-45.813847	23.193062
-63.70763	69.87786
14.087545	-58.55068
-53.92857	27.305696
62.125687	19.93469
-9.71356	46.52852
11.460506	55.071545
37.69241	28.521053
-15.082236	-34.697853
23.823696	17.236874
-68.579895	-39.76963
-23.399282	-62.662624
15.038078	43.303257
-21.995007	-28.103151
-5.32955	-81.89954
1.317831	36.29099
12.914604	37.664795
10.505163	60.72708
16.87656	53.564816
49.43394	54.90322
-32.092796	36.39039
-59.849888	70.56533
17.84589	61.803078
6.5762205	29.19783
-54.606087	-35.0859
-57.85137	3.626667
45.387318	48.66883
-0.9529527	32.644405
18.410023	32.641426
-55.886997	-31.733477
-32.66291	26.760105
-30.282005	-19.905964
-44.947018	38.47487
-22.177002	-1.1017281
76.32184	-34.162025
-68.03451	3.1345992
-1.7557912	-61.42225
-84.572235	58.706196
8.648362	11.32101
17.108519	11.129455
-68.08516	3.2624907
-60.405617	46.71618
-62.790012	-22.147198
67.498184	-11.568102
-39.002262	45.13142
-44.831577	34.168056
-0.8316592	-55.364502
-15.034246	3.0621088
-73.399254	63.101894
-27.261162	40.609146
-56.861885	22.784616
70.45378	24.883577
7.9428434	64.775024
-27.455288	51.36428
-52.48614	65.72082
-79.2362	15.810432
44.288334	-3.4069812
-18.146349	50.5317
8.104002	29.758678
-20.205761	9.5687275
30.485756	6.9162264
40.42703	55.980404
-28.512249	-28.983833
-10.776655	59.247234
-33.799507	-39.23117
-22.226624	-27.650963
56.120556	37.187187
-54.968014	27.645174
-37.506386	-31.543962
-52.12814	67.47791
-32.724625	-21.402592
24.535892	47.98889
-66.77837	53.77968
32.487232	47.860405
-29.32527	16.011065
-36.85342	1.4856168
-50.36473	-44.08781
-35.948708	36.95413
-26.421444	21.205194
53.491535	24.600887
-26.58837	-65.64684
-32.79809	45.241035
-25.37341	50.685368
-58.625645	-26.57099
-44.41708	59.75675
-66.45407	41.219414
-65.97658	17.458921
-58.61434	38.623833
-45.265663	-7.7217116
-19.525108	22.565634
-45.254585	44.724762
-26.455309	30.57619
-29.206985	-18.526985
-37.521072	59.535553
-83.07827	40.495
-71.61677	57.077404
-21.216822	-42.263077
-41.858013	28.062395
-27.153294	-13.229121
-42.193657	15.712821
55.21571	-24.738873
-14.074347	-30.665823
69.66075	28.994747
-38.98744	-23.423126
-21.11009	-72.987785
-59.626957	34.92671
-66.56016	47.98161
-44.35925	-67.35172
-43.87735	20.824495
-24.454536	-78.880905
-80.17048	26.53693
-14.4712	-35.910927
-49.41258	28.582253
-46.64884	8.500644
-8.756139	-38.155666
-79.79339	25.518682
42.194813	46.7564
-69.2873	17.90159
-48.51512	31.947948
-14.058079	32.916912
-38.39533	7.884601
-34.18269	47.84906
-3.8921916	18.849033
-25.727903	69.52167
-45.1293	-1.9924368
-39.258183	-61.805435
-58.63755	34.11172
1.9197286	-33.601936
-2.2780106	54.828827
-4.5350614	-27.762163
2.9493597	-47.91463
-31.9507	-66.98083
-63.38545	18.479288
37.939964	30.935846
-78.63638	35.037518
25.013083	24.18563
-41.297653	-57.558453
-16.696648	-41.727097
-66.032364	16.558718
-73.81684	23.185219
-65.263916	45.64809
-49.288776	34.197704
27.129684	51.028538
-72.0965	53.017033
-56.3645	24.724712
-46.7645	-2.6337628
3.7670927	64.40552
-30.870033	-79.605225
-64.80306	-7.035849
1.7935749	31.544859
-47.13947	-15.492034
21.498947	57.75622
-68.15927	-14.364196
63.79746	7.574005
-52.672066	20.677095
-13.940764	17.50431
-41.587826	-70.1341
33.766502	42.49161
-57.5858	-14.796076
30.604204	7.141795
-57.088192	16.015257
63.449047	40.285778
-14.866958	57.726673
-54.185745	-27.730375
36.587692	-16.711153
31.038889	18.028374
-78.56445	23.316
18.779428	39.34732
-6.757262	-14.17696
88.628235	17.562983
35.336105	16.876043
72.39151	-0.66541487
94.13293	15.339305
65.140076	36.57719
38.25091	39.78159
70.163445	-20.76605
68.70677	-6.3696866
-5.2398167	51.70157
-58.380066	-20.782835
-37.18667	20.257837
-6.7079563	55.83174
-20.740408	48.558743
-25.278597	31.75175
-35.198032	51.114037
-1.5727441	32.839184
-12.64268	32.73916
-54.880714	-34.938366
-33.013004	64.15907
6.192117	-43.77769
-5.283528	-76.845375
2.5516636	68.43769
24.790894	29.78458
-44.2721	-51.94169
-29.467434	-40.081768
-30.175407	-11.2219305
-59.32605	-38.324142
-4.3127446	55.214417
-23.74747	-32.376194
-59.94949	-32.83963
34.771633	59.29551
77.88895	27.284267
-56.908527	0.8539325
-30.728323	-32.28496
-13.283016	-37.94323
-38.086536	-23.952394
-42.415955	-1.4392505
-5.046182	-27.382269
27.516176	63.13008
-47.06317	42.002014
72.48705	17.12215
-45.3619	28.054813
-50.609596	-41.259933
-68.77895	-4.1461244
95.222046	-10.228656
-22.870811	45.462578
-68.92557	65.56419
-48.51316	-60.497597
35.687477	-1.3907508
-32.33308	-32.64669
83.12977	13.980848
-47.742207	-35.502316
23.229908	43.30451
28.69528	40.81055
-0.93042713	-40.8497
-12.896948	-66.95697
58.245293	14.768493
49.694756	43.658306
-80.49895	46.226147
9.989308	25.854729
-20.947247	6.8565755
42.939163	15.510331
17.342245	39.251167
45.45568	11.5770855
-34.8691	22.23886
-83.49723	46.87642
-43.453976	20.063137
86.26404	14.846021
-48.66544	-61.2032
-30.776825	-57.300556
43.604675	19.1678
-72.62411	30.277643
-54.03469	-48.66421
-13.91843	-67.10627
23.039917	38.938984
-19.60645	-38.33543
-12.274719	43.813747
28.130518	52.504326
13.754449	43.77052
-54.263973	-30.917149
-47.21326	46.10539
36.179993	38.151756
-50.440487	-29.138498
-29.263079	-18.505947
-4.785325	26.742466
49.092495	26.767515
-68.76002	-16.490753
9.751881	15.86055
62.120106	-10.019167
-14.307548	-48.84725
-27.003084	-30.584652
-56.80926	8.660086
-64.538216	-36.526096
-65.19136	24.310047
-37.359745	71.07214
78.58741	23.816034
-26.622444	36.599136
-35.627415	-59.70287
-41.686996	74.80771
60.19479	-18.204437
-41.955795	15.0364895
-66.17945	62.863865
-61.14174	-33.904408
-15.849291	-55.59875
-16.103802	-16.854996
-22.667547	-5.616717
30.417547	38.09302
-60.97886	44.34878
-69.48611	32.944065
-30.551388	-1.719461
51.95962	33.995193
50.34649	31.036207
-39.839947	30.700932
-55.96232	-27.247444
-26.095575	-38.253727
10.159764	53.60851
32.944725	52.868507
-15.327047	-29.476648
-18.907785	-14.346716
30.382109	33.016094
-8.360882	-9.234982
18.566143	2.2657127
-81.09605	40.56079
26.5624	39.125633
34.623844	12.773792
-38.194225	72.99671
-69.40115	44.62544
-30.786755	34.67573
-75.02096	40.682396
-69.84755	27.123522
-85.430824	34.084404
-67.30102	36.79963
-3.71152	31.79788
-72.468124	-12.904939
-58.952404	53.87666
-52.024857	52.18851
-52.24195	-35.071487
-2.2286577	34.238678
37.671356	31.747833
-15.52168	40.36521
-41.92404	-39.275238
-4.4812837	38.739597
-77.87754	-4.6374474
-14.682867	39.193214
-69.0813	66.57236
-34.118866	47.780434
-57.789593	-31.205585
-8.034711	-37.2947
-59.458534	29.111712
-47.838116	-15.918675
-19.429743	32.959805
-22.587015	25.7202
21.771069	48.736443
-74.61686	27.558933
15.832867	61.762802
-77.14104	58.378933
60.925327	31.355711
-33.09544	14.621369
-18.739439	-33.338177
-60.48318	40.801662
-64.92443	65.60154
-11.311538	49.370506
-74.60261	2.5756364
-43.012478	-68.32687
-39.13858	22.777903
39.130672	11.189249
-16.181314	22.258152
81.84826	-18.162146
-42.31434	18.890982
83.991325	4.5833
-51.106575	13.775633
-50.29264	0.846343
-71.01084	-33.614815
71.30224	6.277727
-73.27829	67.80975
-11.277568	-36.123142
6.433047	60.576126
25.062546	44.22055
-49.59144	-19.961357
-51.57219	33.56831
-59.711464	-51.304028
-4.043348	42.993404
10.892693	65.67322
-32.995415	56.333096
-45.76621	3.5570672
-29.994879	-67.610695
2.6489463	26.779945
25.482285	64.437904
27.397875	38.910336
-58.843796	38.961273
55.504196	11.667574
-22.829185	-1.221556
23.511696	39.69132
37.033257	28.012741
-30.871464	-72.72669
-67.70998	-27.604488
-22.718813	64.799866
-70.023056	25.00726
-22.340567	62.005302
0.26197675	27.20568
16.168283	50.886406
23.475016	17.449015
-78.53706	57.411285
-47.409626	-51.00384
-28.971363	-58.71314
-42.015526	5.300959
-33.348003	-14.460213
-58.77588	-3.5545013
-8.383368	44.807903
43.440083	34.069466
-51.569878	39.710037
25.310751	49.709976
9.079274	28.903006
36.539173	32.52035
55.35555	12.528653
-76.43801	19.981947
36.054886	32.882545
-61.433773	-49.227066
-29.47963	24.048843
-1.8135403	-0.5949617
45.07879	21.457006
-40.976273	75.40946
16.507656	-48.046738
-1.3269081	37.810493
21.352436	18.47941
-61.833107	-26.666546
44.7268	8.352687
-41.58593	-7.0573378
-42.023987	9.220782
-77.201225	59.03473
-63.17007	27.435019
44.84408	11.609739
-63.024048	37.68557
21.507904	25.586031
-55.435917	20.70426
-43.374283	60.633057
3.332409	-52.129154
-53.40957	28.973776
-45.19222	27.159779
24.884262	-4.0610657
-31.177555	-25.344769
-32.100998	-21.544508
-64.226135	30.208706
79.473694	-8.417405
-43.570805	-3.2021854
-81.14141	33.20546
-59.755207	-35.934437
61.17882	5.4632916
48.053154	-25.672903
-44.28101	-8.475813
41.948036	35.697144
-18.379023	-20.649591
24.512085	53.074924
-77.88033	-4.6354866
59.569374	46.82536
-54.082798	-21.366385
-42.69306	-18.952517
-46.749245	-9.07138
-43.99627	67.897224
-63.858498	34.57387
-9.393694	-5.713771
-10.464176	61.293415
-0.39227203	49.235214
16.73291	20.464502
-66.524895	68.30715
66.89467	-1.3563143
-27.460464	59.40268
-14.54587	19.83577
26.613062	20.764126
37.129295	4.2984157
-43.742626	-22.415514
12.4323845	16.419313
-42.32689	21.033966
-53.428135	57.43465
-43.587997	-5.8081555
-31.907072	57.350487
-49.535057	-27.041597
17.38321	45.573456
50.81363	16.149418
-23.129549	25.675703
-54.8121	2.4042838
35.029484	26.521715
74.11707	38.827644
-64.19336	18.750566
12.411516	53.875168
-64.27687	-10.275717
-51.563675	52.98861
-25.110252	-78.85598
-82.66966	27.944551
26.190111	51.183434
-40.916874	75.53622
-36.187252	47.55595
41.68003	0.63152486
-55.869858	-5.329154
43.770844	39.581867
31.904184	-9.864527
-61.141254	65.81201
-54.19154	-8.269939
-28.110243	-52.657597
-29.380585	0.68779457
91.83814	24.61366
26.18656	58.065506
-25.357801	-4.9679885
-18.827785	-12.361568
-45.84801	-31.451792
47.159798	21.963598
-79.447586	54.273884
-35.567646	-48.75189
7.159745	37.053818
4.567164	39.359108
10.427972	39.599182
-70.03053	-32.67828
-1.9054378	27.584774
-80.85736	0.33152685
-56.950676	16.04866
-57.32842	-8.239213
47.638603	48.655228
43.371037	24.566061
-40.151806	48.58892
-62.757298	-29.842823
-71.24296	20.829403
24.26373	44.251633
-30.997171	29.638561
-66.33119	-40.37913
-51.30441	24.273031
-16.572681	-41.192562
-33.076237	-49.03556
-20.039402	22.00268
-35.193775	-1.582851
-80.70124	28.494984
-48.35196	57.5293
-78.907326	47.332188
-41.93288	46.430923
2.4085338	42.08105
-51.320908	9.142271
-19.68083	-57.653584
0.122534364	53.486042
32.406513	49.322075
-82.8345	38.195076
67.55246	32.590992
18.33426	30.832798
-26.592203	15.074602
72.86003	27.279444
-1.9989674	15.394771
-54.645977	36.754326
53.474194	15.511841
-73.11191	71.13967
19.453259	40.019264
63.226196	19.70286
-55.00873	39.328278
-38.05214	-8.637715
1.1401982	36.626446
-52.582058	71.021545
26.434088	55.65711
45.68314	46.287712
19.701534	52.599888
-28.812841	-47.379215
-40.54056	42.98958
-35.105217	-17.035442
43.62919	52.0323
60.666985	2.772639
-34.372314	-36.365086
-11.34585	-78.76725
2.1764724	56.75506
-41.579857	-59.70326
-33.973846	52.572975
53.842953	49.51703
0.9995842	56.81766
-62.32238	71.331154
-44.68599	16.542933
-21.347107	-29.842447
-39.007736	77.43854
39.505302	16.251625
-56.288273	34.953724
-11.69098	-85.71445
30.17292	24.629187
-9.86477	-29.492752
-35.482834	-6.9301596
-47.482826	-41.841194
-77.15215	49.818623
-36.53683	-13.2826185
-19.898157	-59.15431
35.915436	48.15454
-71.93118	7.9419417
-54.124897	73.75735
-4.029696	65.13155
-56.2478	7.5929475
-44.841568	42.540314
-42.894924	43.747135
-19.64443	-2.9871895
-70.53159	33.147793
39.82769	16.091646
43.326443	47.21513
-42.03742	-33.14115
-38.4375	-0.35670975
-62.19597	55.54836
-48.391014	-24.405718
-69.30474	48.470165
10.050878	11.087409
13.866798	-58.23532
-67.37357	-14.506048
-52.473118	-13.7155285
-8.4805565	41.224815
-47.17778	49.14856
-33.05954	60.78763
78.35747	11.837502
-53.229313	71.88001
-52.168983	10.196953
-71.7081	11.086862
-26.820858	-27.949934
-62.146923	69.80604
-43.550144	54.309593
-47.517788	40.745125
-42.315	59.965797
82.16871	16.749977
86.62673	15.486395
-63.92732	53.897995
-52.607338	21.979755
-35.584084	51.22647
-20.75554	45.29772
-22.600067	-47.96951
-42.63545	28.790482
-54.042973	-44.144386
26.52222	59.12314
-13.349776	67.78462
-77.16529	30.586666
-24.919052	-4.679395
-37.153908	-63.7575
18.480537	15.158284
82.16877	-18.202581
-57.27037	-14.412362
-38.959564	77.57982
-29.43443	15.957998
-5.7251463	-67.25886
-73.610634	43.60436
-57.296246	-31.695757
-59.240047	50.95172
38.94839	26.612585
-30.666649	-7.511297
-71.36551	40.302067
-6.48658	55.746746
-27.086359	31.98484
-39.692738	-10.9211035
-45.263832	-52.665127
-1.7069463	-25.78687
-81.68338	51.05627
-29.623346	42.22838
-60.895866	27.161577
21.8713	25.750782
-6.4665356	34.530495
-27.839684	69.66196
-64.26371	-45.42133
-52.1114	42.53258
98.685074	7.9164386
-1.6932633	44.852047
-8.8958235	45.213284
30.684866	5.2160306
-33.948048	-50.128754
24.593618	58.633762
12.645289	26.261602
-36.277416	26.644602
-26.880293	35.410446
-22.429106	-22.964933
-68.95988	64.79395
69.817635	-2.136815
-47.73475	-35.734035
-18.830954	31.712677
-63.32359	40.01313
64.1752	14.564448
-45.6554	23.555305
47.650215	40.61064
-38.620323	-33.615612
-65.316154	43.188675
-40.748795	55.852955
-10.937647	48.924274
-15.622461	-65.03728
-43.416336	-15.209358
-51.00154	42.92519
-12.096026	-35.71629
-66.92418	48.724236
4.853346	59.634426
-12.331045	-38.771706
-48.032917	-24.64343
-77.86502	61.249676
-16.434328	-25.020292
-23.923634	-65.771736
-30.04255	37.991005
-16.698112	-39.714077
-37.723866	34.76209
-62.721058	36.321564
-40.16701	-20.41453
-55.852493	56.93472
-30.53239	54.99722
-32.446156	-4.250355
-62.64542	52.326138
-65.767204	46.926395
-50.54975	-26.43685
40.185547	22.906013
24.727085	46.873016
-44.876522	-35.326412
-30.65032	-7.1728134
-42.72779	4.10074
-31.930172	-37.361835
-24.941086	-33.086754
-72.1339	-12.552005
-15.130381	29.41472
-2.2398558	60.01093
-30.351871	-31.495657
15.630129	18.796572
4.7717037	33.93992
-17.678892	-21.944857
-26.305656	21.300322
-33.579197	27.636206
-24.069302	59.33309
-25.072712	-8.113869
-51.313507	30.947393
-22.605762	2.2371583
64.62452	-20.913519
57.619217	20.283781
-9.987164	-28.78091
7.697437	55.121147
-27.934504	7.214948
-48.245667	73.10716
-29.539412	-37.28675
-5.789799	-83.08027
17.348448	37.164825
-16.154121	15.674529
-36.777164	-56.269215
11.373578	49.051994
-29.883125	55.742126
-32.367783	64.35233
-62.95001	43.0538
-76.24181	29.594696
-44.170177	42.521973
-29.546104	62.57863
-6.178323	39.301956
-60.165565	-1.2216727
-29.229279	-58.103153
70.54245	10.206092
-44.606472	58.506474
-60.526253	54.161327
-15.289768	-11.606108
1.0991663	45.44552
-64.6234	51.909344
11.111779	-73.34927
-49.05886	58.37239
-5.250105	56.35899
21.126251	8.473023
-19.09633	22.908762
-83.37023	19.806505
88.79867	-10.8624935
-57.72447	-27.820795
17.51292	28.108686
-34.38146	-28.448124
-21.93183	50.795647
-3.201397	-2.4497445
-56.279995	-45.118732
-16.900995	-55.40329
40.1968	0.69965625
-30.338861	-32.802258
-68.494286	33.45369
-42.740364	-35.224426
-26.408298	-44.934696
-66.17993	58.71796
-63.30682	66.78742
-21.097486	-18.338903
-23.861155	-54.96634
57.393135	41.395473
-14.043008	53.00166
-27.68516	-4.3670006
21.0449	30.826586
-38.324917	-26.121231
-24.835962	5.7321815
-4.782518	-43.940895
-37.647606	61.571507
-79.46998	36.161896
2.9943757	31.692556
-10.937679	32.626667
0.3201725	23.322462
-48.79555	-61.6367
-45.70144	17.825798
-3.6208467	-43.571796
72.71709	3.6845274
-36.48927	6.7530994
34.561836	54.059647
-27.161459	51.890537
30.067171	31.61137
6.369792	-57.87099
-1.3369055	50.215225
67.75993	-33.625416
-29.36192	53.66992
36.614147	29.678099
-72.6543	30.36844
-77.76187	36.030704
18.977926	-49.366413
-35.951256	-60.280804
-57.088253	-21.872866
10.212796	6.1520386
18.778162	43.04757
0.38297048	52.25369
-68.78247	-16.551731
-68.2576	12.558847
20.571161	36.64176
17.38652	43.596157
46.282124	16.19881
63.22054	23.292387
-66.835205	57.26115
-39.449764	56.03588
-61.367367	51.48532
-65.88717	0.9705277
-33.18875	-14.315375
64.322464	0.8048267
54.75841	27.949297
-59.94265	28.24984
-44.800446	-24.276506
-18.652945	-22.83924
60.127743	11.341585
-23.004992	-17.630203
-31.526653	-21.339125
-48.353497	-6.0550284
-6.201915	-54.495735
55.632187	5.2627516
-46.114758	-43.007645
-51.29952	9.443223
-42.09363	74.49808
-62.386932	52.12008
-46.309074	62.5334
31.335798	33.587036
-51.036175	15.738494
-24.655205	-33.016724
20.157097	7.6505885
-21.783909	-24.752422
-38.407116	37.874275
3.638828	47.439472
29.350765	40.883778
-3.7826939	30.763622
93.40829	7.1161284
51.336258	12.677477
-73.97734	43.35135
-39.62918	-37.23126
49.20098	30.538006
-58.623184	33.845337
-74.8008	42.723064
-73.99401	60.620136
28.08685	56.74269
-45.987118	60.845226
91.747185	0.938063
-39.99405	-12.697238
42.95066	43.815804
-45.70277	51.061657
-61.164352	-49.76601
75.21662	15.431539
-20.720596	53.54916
-61.771706	-54.93896
-5.9420333	-45.19514
-29.430994	0.22890452
82.085526	9.48407
-17.305195	41.827538
30.570154	45.236595
-47.123455	-12.977864
-38.146812	-0.42974988
-3.8897438	-57.190453
-6.2679734	-22.241756
-33.23939	-28.079544
-43.210217	68.88197
-45.620117	18.095097
-16.228096	-63.8625
21.884995	-49.10761
38.44167	27.784725
7.420753	54.884052
16.161724	5.905783
-17.105642	-24.852394
-23.159618	52.589367
-59.82165	70.822624
2.979409	31.644045
41.248844	39.795746
-31.766014	-32.527195
-53.10729	46.260952
63.55696	25.32992
-23.355688	67.36735
30.718597	55.40069
-27.093756	-64.6416
-18.30512	60.08931
-24.58218	-56.104954
94.16746	15.728884
31.841202	60.478256
-0.09305103	49.167683
-70.63447	11.168976
-32.59264	2.5610497
20.099358	34.47386
46.618492	10.108905
-52.439156	-25.36717
-44.49977	-25.436352
-40.5018	-8.611411
-22.44949	-37.753986
-26.506207	-27.468136
-55.27349	-15.662752
-54.347015	-11.438653
-43.70911	24.357855
24.446701	16.580423
51.905125	4.568873
-1.1521215	26.926003
59.61978	21.824469
-40.866554	46.529854
-38.85297	5.3492885
-69.57622	16.534618
-19.545511	48.9838
65.30581	29.604206
-5.538982	-8.963996
-57.372753	36.351746
-13.103189	-54.731117
5.2690783	59.549835
-26.35767	-10.370978
-17.735725	-19.17645
-50.48614	-42.092537
-58.71902	-26.319258
-49.242294	3.8609197
-19.387842	48.904377
-34.218166	55.919395
86.52854	27.509865
-25.777851	-2.7143571
49.33306	44.038456
-23.01256	1.9920034
15.34009	33.06111
12.624384	-72.91741
23.6947	50.86889
18.06583	43.357418
-27.301853	32.146408
41.485825	48.344097
-51.408283	22.327213
52.672787	28.282412
16.990747	39.012054
-30.67618	-8.238234
92.73445	25.338345
58.028248	18.719854
-8.700111	21.364546
-29.608551	-35.086758
-72.461945	45.37798
-21.052435	35.819927
-32.59744	1.8459873
-59.217625	27.351067
23.515219	41.00447
-60.179222	16.589474
37.43451	18.981586
81.461174	8.817451
88.99448	21.143602
-75.52303	-9.595906
-32.617683	1.4160329
-21.247595	64.331406
-10.652311	-41.41603
-75.02231	40.722736
-35.89543	-32.28104
18.98068	47.80669
-21.348534	-41.663204
-31.60291	32.858486
-35.432274	-1.6092156
-1.957546	-27.58736
-15.765432	-12.354148
52.720467	30.59189
-52.292194	37.965054
-10.4042	27.138634
-26.778643	38.09107
-61.955635	-31.754854
-49.754906	-48.58393
-61.154835	23.737324
-15.940538	-6.6321073
20.484495	46.734573
-37.58952	-34.51192
-15.037692	-55.51684
-33.737717	47.738377
-33.32207	39.63543
92.04124	0.69553024
-59.572186	28.941927
-64.21092	-10.250939
25.38439	58.79069
26.32551	41.70051
55.868977	20.791067
-53.78517	48.86981
-71.66094	18.0593
-56.257977	-8.75088
-59.1884	68.91823
-60.0546	-38.871365
-6.209191	-9.108208
-49.866646	-20.718302
-3.0868576	14.72304
-32.08616	41.83689
25.142752	33.020847
3.8432064	28.19562
-38.446568	49.169476
59.590466	21.05904
-35.658455	1.6750946
-54.264153	67.83234
-56.133335	-38.44983
-60.47642	55.917446
-54.800465	-4.8484936
42.83111	18.73586
34.33431	59.48733
-73.07642	-14.555345
37.63063	40.92613
75.94491	-15.345605
33.80905	65.08305
-55.880005	-24.210815
-72.48612	61.453014
-15.427609	-20.110073
-16.337934	-0.44157323
11.448523	58.97815
-26.452175	44.734943
-42.522602	28.553411
-59.378387	41.233887
-43.391632	54.509686
-74.68786	36.65309
-68.19218	-10.64126
-30.057741	-66.38378
55.46952	32.11276
-4.532023	42.968136
94.773155	15.949911
-78.37728	35.53255
-68.30129	60.26701
-38.179935	-4.3015523
-71.921234	62.351456
-46.009113	-7.348411
-10.388188	-48.88468
-40.238266	61.612473
51.78733	-7.5156507
39.897438	21.409693
87.91586	-11.350526
-21.159481	-11.462979
-68.7793	59.75128
-0.95976406	-39.08983
-62.609615	-25.785278
-48.438076	51.986645
14.263475	52.480125
-82.07407	43.362152
-8.40185	38.90476
-22.975023	61.88313
-44.70478	35.291817
-1.210153	64.28225
-27.639267	69.65618
14.786031	42.43114
-7.314522	-9.572546
-73.912186	61.716072
-22.200058	-33.177917
-48.953766	61.093044
-1.23088	47.481804
-15.676965	-0.85483927
72.8631	30.02957
30.8581	2.7057724
-14.713316	-26.816284
-60.73043	66.31611
-43.437393	45.956463
-49.084663	61.186394
-50.585587	8.347787
-68.136246	12.614204
-21.02926	-34.236217
73.31388	5.1175313
-47.820263	27.647144
19.44703	28.299042
3.1206095	18.112972
39.559	54.2412
28.08102	50.37784
66.76796	23.609474
-5.2061267	68.51772
-26.833195	-23.858343
78.53455	16.949394
-49.74579	13.56868
16.126528	60.823708
-85.95394	39.626114
-15.048538	-26.329796
-48.15866	-51.67945
-6.2567916	51.123898
-63.959698	43.745937
-16.493126	-6.921699
61.018513	31.287123
-2.2914686	54.797882
4.556144	39.374626
-68.8802	59.34976
7.1473765	-60.67442
-66.57624	37.616795
-61.38963	62.565582
-33.982944	-36.090786
45.6792	29.251898
-28.533535	18.238651
-41.025196	35.428913
-33.615475	21.086103
58.68992	41.258846
-30.014893	53.696106
3.1031635	60.65849
-22.322218	-43.983852
40.80568	24.053644
37.891727	46.989426
-11.354814	32.331608
-22.316736	-4.7989707
13.832516	10.170024
-9.6503315	60.028076
-12.727635	62.656357
60.904427	-18.63094
-38.847626	18.406261
72.59997	37.930447
-23.666142	11.240371
22.321001	56.769905
28.9198	23.936964
-37.238743	25.094105
4.4801345	16.480114
-63.40516	-7.8264484
90.495186	5.7609515
14.82512	60.49581
-64.82466	46.591736
-53.810802	-54.254585
22.30646	36.355247
86.73448	7.0373116
-57.907734	56.959755
-80.812256	0.07799377
27.974104	52.354057
-5.8662724	-44.626022
30.280046	39.681896
-28.119186	-17.902777
-51.779507	-6.9642754
-1.5376979	47.408825
-33.330517	23.728014
44.24959	-3.2966123
-28.518711	18.623224
22.507717	25.33318
-49.28896	-27.728495
-81.27709	32.4677
50.00669	43.533325
-32.105324	35.862476
-50.01439	-43.459812
4.2008786	25.791004
-56.833492	-46.27047
16.712067	5.8694344
-42.34527	24.542465
-38.696285	26.612228
-42.397095	-18.479628
-79.08294	45.2132
-12.385038	39.545593
-51.254036	-22.619022
-5.412518	25.012554
-16.44237	43.241318
45.850048	-7.605549
24.743763	2.611561
-5.27748	47.4169
-40.37598	-48.758068
49.91742	9.535143
-21.74844	-6.864645
-43.860374	-57.757957
-59.019978	42.170425
65.43604	15.343852
10.475825	44.718407
30.047045	30.613232
37.275208	23.407127
-16.5646	39.579872
-45.508266	38.653053
-61.407413	-28.879671
-3.9078364	50.164864
-24.06851	-40.519016
-70.55717	-8.859257
-47.97004	5.172718
93.48058	5.939464
-47.30385	16.723793
-21.86037	19.677126
-71.18592	69.36226
-58.550617	59.294674
-48.569546	-51.39662
-54.137913	-16.612093
-17.845078	52.480812
-66.25176	5.8082604
-57.64105	2.9627023
-40.68925	35.260822
-71.63185	53.782402
-46.607468	-55.6957
-55.04661	-3.2774093
-33.032455	60.116516
-40.473637	49.560986
33.703754	21.030062
32.140038	-2.8976426
-37.515804	16.055809
-74.632286	17.625032
25.721453	64.22902
-42.2137	12.030636
59.846794	53.897797
9.152944	56.539104
93.45675	5.7852664
-54.555614	6.904605
-17.49943	33.76549
-6.4892473	34.474937
37.42727	14.290336
47.19909	-8.120719
-26.144934	-11.522465
-37.651466	65.91464
-66.45152	57.388744
-15.600178	22.423544
3.3064826	42.324444
-46.715694	49.264217
-14.919848	-67.4003
-14.608223	-30.319088
27.877743	-0.9268385
-42.515842	11.343295
-58.63986	14.756403
-61.020473	-6.6666403
-45.656036	3.5680983
-75.04698	48.692924
36.15827	12.646666
-21.616734	-11.646078
43.53302	53.17423
-4.5532236	65.332
-10.734114	-17.061626
-34.376842	50.423065
31.994316	17.260256
-18.6072	67.732925
-61.776943	-54.974697
-42.72	4.140343
-23.434109	38.297226
-61.437664	65.7151
-54.199566	20.93779
-28.256905	-2.070055
28.239584	49.503483
14.614377	45.124878
-18.652758	-49.59733
72.20797	-4.6025157
22.381762	56.392498
49.8444	53.506958
-2.9366755	43.63436
-53.87763	-5.057385
-48.793236	-5.8506517
-47.33755	16.341812
-21.12677	-23.982891
-5.8425045	47.855938
42.79702	15.85304
-4.5234385	-30.753689
-45.72328	-38.36124
-2.6253786	36.088985
39.858536	34.08385
-18.909267	-46.125065
-52.66269	65.86002
-27.571278	49.79939
-31.449686	40.828236
-17.933306	34.112984
-10.400112	59.44889
-32.95523	10.208141
74.830635	20.333544
-71.04393	17.894667
-39.131195	63.05367
-42.464447	-3.9482932
-59.324486	34.59704
66.938995	24.730362
-3.8519921	51.395184
-39.146706	21.326403
6.1509585	32.99644
-12.08575	-24.14942
60.796753	9.705415
-2.8614328	31.945002
-65.33345	25.507729
20.627499	19.827755
-33.642708	5.529289
-34.2662	-52.355164
-38.451347	-75.08881
82.045456	11.102869
72.24743	9.132551
52.48229	27.165749
-54.652485	-20.184412
10.436844	48.72816
-40.0351	-56.285915
-65.52928	32.367508
-33.449127	33.46797
-32.932022	-49.292343
-39.789665	12.372077
-68.1278	44.11114
-56.69387	30.727003
51.932255	33.963055
-39.69608	-37.13852
-56.129005	48.58503
-48.48797	-59.54088
84.60246	21.061207
-44.570522	-24.211435
-15.444714	41.34764
-57.180126	39.424282
6.9864936	21.649284
-57.614227	56.55086
-20.6093	-8.263453
-1.9847529	26.515743
-36.795128	40.797386
-19.518549	-27.145777
48.573315	54.434593
-11.7983055	50.42849
71.20742	-2.1498816
-18.891558	68.10071
87.82147	12.9987755
14.486638	34.018005
56.492332	10.766676
43.917522	24.125862
-49.742924	-26.335522
10.6842575	48.62965
-70.06333	28.105661
24.304552	10.682207
-71.19238	49.76965
71.209496	-4.059216
-25.501345	-21.905863
-57.056408	3.9729738
19.232203	56.44118
-35.56989	8.760798
87.23708	-1.0700803
5.0357614	33.213337
-1.3393029	38.82625
58.52019	4.530461
-51.163074	60.96009
-36.30444	-19.554556
-27.000849	16.123632
-66.74368	48.22512
-70.38193	50.08779
-65.947395	1.2065036
-28.691288	11.309298
-39.8997	10.993451
89.13539	9.71931
-68.59035	-20.879107
-33.732456	-47.170654
47.96502	37.874966
-28.639204	46.94198
62.46962	25.695467
-56.674698	48.17119
-0.7383223	-29.377272
89.66188	-10.802149
-63.645798	13.961402
32.808994	34.632305
-44.905888	34.195126
-30.645424	-5.7387834
-46.50334	-3.6570923
-16.018509	15.5349245
-7.2547255	26.700878
-45.449883	-17.24903
-75.94048	50.590508
-8.529587	-64.26483
-78.59867	24.836884
5.89984	21.86631
-75.46173	16.103117
-52.293945	-55.751987
11.266446	32.832413
16.652111	35.53391
-56.170506	-39.006138
82.99206	12.005257
-23.642557	11.292825
90.199684	4.825856
-56.403767	10.2283745
37.970387	47.054688
19.319431	28.433338
19.775883	36.930603
-72.658585	60.447945
-52.67031	50.96669
-60.778934	57.4354
-83.9553	34.879967
38.921932	-63.081802
-15.007377	-1.209649
-22.36797	-67.486755
-51.11833	43.196964
21.382555	18.580938
2.6847336	26.89576
-61.83491	-25.16573
-15.50249	47.16423
-13.375496	42.09259
84.16801	10.881435
-52.837112	-15.834033
-21.884485	69.18084
-20.926765	-56.306007
59.08194	28.270987
19.668238	16.157175
-18.260668	51.514675
-20.051855	67.73053
-52.52879	-6.5584474
-46.51341	-52.102177
-76.27281	50.316917
12.767215	36.74442
63.501797	19.46932
-6.2578664	63.068035
32.918266	34.790714
-55.97777	28.116987
46.150925	11.695871
-24.693836	59.8615
-26.513128	26.57526
-52.607056	-54.327927
39.013824	57.79305
31.511963	53.18145
11.188624	41.408756
-77.513336	30.422256
-22.479368	26.05743
30.186136	36.519554
-33.637943	5.6161275
-8.068168	44.540745
-39.859547	42.653717
-52.01222	40.151783
74.64956	28.345884
33.94925	21.010216
20.949993	14.858584
-43.21821	32.496536
30.052874	30.428146
-39.6012	59.61691
24.254759	56.40662
20.645111	43.290756
73.95251	-17.87624
-3.950385	65.10662
-31.439783	41.461052
-17.63936	4.7072177
20.902319	30.763788
10.548143	40.9244
73.31954	23.725931
-65.141464	59.052017
-21.852488	2.656377
-46.219208	62.15293
-24.496761	2.5703468
-44.83632	18.634932
-62.033325	-8.435465
-82.06403	34.904503
-52.19483	43.675983
-47.940838	-6.2676573
-23.654554	52.320377
12.668615	20.271101
-60.95841	-35.902584
14.945728	56.039764
-55.2629	-26.873722
-53.32979	2.2698636
-38.210674	15.149289
-70.25974	11.06799
-50.023727	-39.17376
-32.198563	-52.5953
59.21704	8.924334
-66.65992	68.31499
89.33026	16.35455
-34.423668	69.942566
19.456608	13.277218
-51.68169	67.878845
-50.364418	-52.434998
45.235752	5.067576
20.105139	9.448617
-36.884003	-53.152813
-74.462845	53.453068
-26.545137	48.451836
-41.647312	-12.877375
56.276104	37.07341
-40.257957	-47.761105
-33.838745	-22.749815
-35.270767	11.807036
-20.404694	57.492733
-32.114613	-27.0161
-81.38311	51.132572
-25.892418	-34.446136
-40.59412	-16.586784
38.48602	29.499756
-23.20321	-60.314682
-24.701576	52.165207
-76.00683	20.194103
-63.448048	4.5398936
-54.782753	50.044582
-47.399166	-56.127567
-72.592155	11.047015
38.971302	57.884647
-21.708895	-49.36845
-15.75074	-12.154683
-74.05186	24.663696
-65.63958	29.086313
-35.84222	-32.231655
71.08626	-6.877823
-44.121624	40.85888
-43.83442	66.862305
74.44814	1.4648293
-72.52919	-13.273035
50.749035	18.096813
-61.34917	38.81519
-39.463173	50.945084
-44.818203	51.45419
-66.19435	63.21372
-55.05079	-3.3527906
26.665802	62.800827
-81.35531	29.601315
81.37966	-27.402273
34.25867	29.299156
9.956348	58.338726
-24.730192	2.6632917
-68.50821	-4.9621167
16.741312	35.34977
80.233345	-17.1054
25.624731	29.077362
-56.33989	-40.591614
-15.335742	22.57052
-25.971539	-23.384796
-83.54184	50.466656
-25.80421	30.266346
-71.1471	3.9337852
-18.950956	-13.948945
21.559494	48.41859
-82.75436	51.018753
-57.994843	58.41923
-58.370117	-20.154976
-34.334534	69.234184
61.69773	31.187727
-65.44862	50.612488
-69.64834	16.200895
-42.651676	-64.606705
-28.198778	-28.096489
-30.923925	63.13547
-0.9595124	55.585964
-3.0124154	51.540764
-67.9637	-20.980286
-40.521893	66.90271
-42.909454	32.265923
-49.06852	-33.381676
-50.501602	25.07305
-10.083625	-49.853992
-65.952705	24.966608
40.512207	31.471916
-46.223866	-16.198416
-50.975967	-13.838176
34.753044	50.529987
-19.428799	-72.840454
17.274824	47.58775
29.591043	25.981813
-53.32224	45.616474
-37.762154	58.63623
-68.9049	-12.080055
-40.611404	50.536057
-76.419205	31.663372
-4.4088798	-52.17203
54.51229	27.940649
-60.299767	18.395334
-50.581745	48.42533
12.113016	31.05507
97.70651	-3.9744866
-2.2623394	15.6055
-14.256843	-55.37804
-33.442146	-74.28633
-41.330063	-32.345184
21.834307	33.49876
-10.301223	-44.776714
-56.387737	-57.403812
-20.247913	45.14815
-35.950893	41.66906
-33.286648	-72.7076
22.128466	22.311964
-6.3871675	-65.572624
-64.249374	49.823437
-24.063452	-41.659943
-23.84697	-65.38409
-64.93825	18.92989
-23.98188	-66.33259
34.50896	48.1334
-70.04514	21.565268
-39.23186	46.038647
-27.744474	-4.4197936
-41.95005	-30.818958
-59.098255	-19.234087
-34.041195	21.751753
-41.07656	43.83193
-34.92776	61.318317
-62.398422	47.463997
55.69015	42.169495
-49.61958	-18.134941
-59.353462	15.712624
-59.77858	31.253754
-42.79149	-58.485844
-62.92151	30.979328
-19.72733	40.854523
-7.7692666	9.376373
-45.336914	-16.168818
-13.220627	45.07488
16.32092	60.015324
-62.427094	-14.529628
46.329216	16.224646
-14.726445	67.521576
-84.50294	43.69328
-79.321724	15.813945
64.279305	48.73051
-33.15382	24.49147
-85.31672	48.216404
21.58041	31.95722
-35.04191	55.1795
-82.08509	43.344067
-70.71757	-8.272313
-47.095337	6.1621995
13.677736	16.57645
64.96775	19.744808
85.39827	20.39725
-11.330892	34.234962
-69.558136	52.947506
67.770645	34.506897
-38.975098	62.403618
97.00551	-3.9007106
75.158646	-0.8329645
-32.756126	-33.344425
-32.356518	44.85904
-14.853379	32.601284
-20.838455	8.340792
1.7139704	67.33846
-38.723633	-16.20841
-26.813875	56.407692
-43.643475	19.926767
-18.51517	-27.254593
-25.124355	29.433931
-58.38221	62.56624
-34.490334	12.6589365
-44.462177	51.84599
41.09681	31.175436
80.7977	9.014988
28.470745	41.613094
-71.6298	39.211613
-33.93144	59.65766
24.847633	52.854027
-53.44098	57.481495
-45.64436	33.87845
-21.386791	-44.009975
-61.257572	-19.749159
-78.53763	48.03783
-11.172079	40.266487
-45.19132	-36.63698
-49.582066	7.4061685
-30.926023	-40.94282
46.08132	21.267511
-13.577879	-0.4621634
-37.969673	-60.667652
26.9094	63.10035
-24.497105	-73.215
-65.51861	36.877037
-59.7186	45.84598
25.565695	4.3595037
19.234995	13.245827
-7.1325917	-14.0502825
-35.913357	36.715775
-59.79456	68.816895
-63.183735	-27.768463
38.96869	45.36296
72.31635	38.607826
-38.565937	35.61025
33.639965	54.487625
-51.898773	16.656548
8.938622	-60.19463
22.09952	54.903236
-53.12347	31.86291
-33.432465	26.263187
-74.33185	11.607911
-80.156624	25.699202
-67.24532	53.251987
-7.8520665	-63.147263
59.694595	25.08789
-31.858767	34.882175
-46.181896	-54.935093
-55.374676	-55.740326
-20.212242	-54.769352
-63.536568	66.59779
-73.26129	47.679905
-17.335562	-42.28132
-34.700596	13.30966
-45.942616	-36.253254
-33.510296	-53.50124
29.741335	24.728004
57.530563	13.719918
-28.025654	11.789838
-56.54824	24.09392
-56.63484	-31.983343
-22.455233	45.649315
45.88018	2.4534914
-46.494354	24.6107
-25.21312	-16.975594
-33.397373	-22.356937
13.721828	35.18999
-61.652466	63.510887
-21.713678	-21.805107
45.912205	24.528675
29.786953	41.189144
-58.475384	3.9396243
-23.082567	-62.903854
12.195498	28.451008
-34.958282	-17.756704
-71.494286	-31.088484
-36.208282	28.521454
21.912445	33.49884
38.782394	47.552647
-7.82607	-68.80016
6.5443015	47.312332
-74.54196	11.63079
-60.703606	-40.907654
-22.064503	-82.03836
54.525356	16.517418
-51.845978	39.889927
-57.275433	-44.705082
-58.269062	-13.655302
92.409584	20.732428
-33.529655	12.396208
-56.351753	44.044155
-75.22735	52.80839
52.06755	37.77242
40.683506	10.336466
33.152626	-18.520855
27.525696	48.46793
86.00763	24.081247
-75.54993	-9.563347
-46.87389	46.719208
-2.798503	-72.62399
-37.21947	25.07939
-68.90703	-14.262365
-56.880608	52.569042
3.5716114	17.64641
-15.564891	26.342184
48.950363	34.81274
9.721876	25.16828
-23.768568	47.701694
-29.682661	-60.721046
22.58231	56.69525
19.743313	32.624126
25.684471	52.05104
-28.66279	39.736584
-35.911705	-18.735712
-52.15304	-6.823
-44.957317	-10.519077
-7.0711904	48.078384
17.140621	34.47614
72.79223	14.607113
-47.77657	64.934235
-44.195095	-21.374863
25.380226	33.015984
-24.475185	-46.205967
-12.983087	-76.74996
72.26112	31.113503
-56.482292	-11.12786
-26.515553	44.70855
-59.01475	-50.01371
19.729727	16.681154
-27.726551	-24.012749
-51.217228	-1.8171983
38.412483	14.985074
-61.744778	-30.126413
-25.837042	22.128468
16.490728	27.834536
-28.999706	-80.42572
-30.779932	-36.77639
-50.257698	-42.280994
31.629742	39.779064
44.50448	40.781036
47.74324	10.857439
-59.824997	-8.778961
-7.32195	-45.0865
97.48896	18.393047
85.099945	-10.00982
-44.726433	-1.5832458
5.423859	45.61185
-46.04719	-56.29229
-40.424347	-16.56221
-49.744823	67.8
87.95401	-5.673823
-41.45713	56.359985
-54.061924	53.852238
-15.513381	-45.05674
-61.52291	-25.180117
-32.57242	-21.706543
-67.93282	43.41975
0.5635128	53.627327
5.815407	50.145424
-50.232887	45.39685
52.29327	28.9738
-19.664654	-88.09738
-4.189948	32.084953
-52.45293	-34.53989
-38.885666	56.69899
-49.378647	60.142048
57.65254	19.343779
-38.59375	75.24179
-56.474796	28.140629
75.4037	-15.645049
28.317257	18.240479
-62.591732	64.18885
-56.864315	-9.3066025
34.907448	59.440086
48.903587	-14.620898
-44.76097	-29.656967
7.2972107	42.04607
-48.340084	49.074986
-36.626957	-24.144926
-2.1006792	39.919067
-8.952373	-68.994225
38.214573	28.510073
-8.742821	-25.891651
78.113106	27.43598
-60.658188	7.875051
-25.78547	-10.927601
-14.892089	30.157022
-2.8766117	59.779247
-41.383965	16.554464
-25.121721	-17.064552
47.148537	10.709265
44.810406	39.582455
-0.1109771	45.416946
57.044014	31.397326
-47.025715	-9.838774
-70.92501	28.393307
-21.598612	-21.705935
17.363628	37.16598
-20.377232	20.46369
1.6254632	46.438595
76.79477	11.350942
24.684826	49.900642
-25.369043	69.67113
0.8399759	49.167553
-52.262196	30.938643
-63.667965	64.07359
80.53076	-17.674784
-73.81688	23.443962
-47.32408	53.63705
-49.384964	-52.784008
8.29877	30.58752
8.536241	70.99557
-64.32663	20.717514
-68.37838	19.394547
-50.452023	-13.989281
27.974	44.50696
-76.394035	18.461891
79.60087	23.491043
-72.53489	46.20271
32.190056	60.117527
10.256084	23.582897
-56.353104	38.680527
-75.469345	39.70335
-63.795177	43.9491
-25.155499	22.824839
33.523182	29.491531
-57.37924	9.338559
-59.13068	50.869457
18.427881	23.634598
-30.058443	22.931515
7.7846766	29.142899
-19.754786	-61.077892
-20.661848	14.4151535
-35.04603	41.568146
-1.2647364	25.302996
-43.26361	11.862331
-21.162607	-29.656565
-38.747375	5.476968
-56.34979	-57.19675
59.355076	6.377187
-38.59076	-8.816401
42.815174	26.245085
19.960997	40.88802
10.162874	34.277523
51.178223	28.859777
71.81405	37.14302
-29.064007	3.7779164
-32.996502	4.749345
-26.102325	-0.28736302
-30.11587	-31.058134
-10.722221	60.979313
89.93514	4.8433266
47.963623	13.679399
88.20496	24.064123
17.747276	50.15602
-65.599594	24.903109
10.372792	39.865726
-22.430529	-73.17946
96.2542	1.8845832
-76.8012	5.3089714
79.4599	9.658682
-29.60554	-13.993445
-3.6508377	2.3565311
-14.141344	55.815155
26.017874	28.467155
-45.370934	-3.170083
-51.233707	53.078556
-79.68828	15.770405
-9.629403	30.41197
-49.44225	22.405748
-53.061825	-35.92107
-44.192303	41.535378
64.59242	-21.3843
-71.041084	36.039894
-30.870028	41.73703
54.178726	17.440023
-50.88361	30.34642
-56.56384	38.976025
14.914109	39.396935
67.839806	-8.415316
32.356167	53.024242
-61.67396	64.21437
-14.250309	-50.569153
39.209484	31.4539
-63.174603	42.659832
-39.833126	12.338413
-15.129893	-34.691883
-15.499299	47.188797
58.66629	19.139812
-37.228035	57.675224
-73.34	-0.551571
-28.74884	-21.106289
-11.34853	43.56919
-28.095602	59.212296
-55.793766	19.334951
-65.374374	-20.474762
22.180714	64.716866
-45.53659	-43.29653
-8.620682	-62.215187
28.675411	48.363277
-11.351761	-38.345955
-42.504658	48.079567
-61.96236	8.265758
-21.29109	7.62425
-26.15799	-49.24679
25.500814	37.043354
-12.704442	-30.865564
3.9249232	26.017246
28.963144	35.965977
-49.63699	67.7898
-55.09181	43.69768
-79.81644	28.575348
-57.772	44.37938
-70.875336	54.415955
-68.82373	37.878235
43.711555	14.1812105
63.276436	28.832813
-49.451424	-9.669379
50.890945	1.061477
-43.50103	-60.443184
-7.043581	60.014732
-59.263264	-0.2333444
-67.847626	17.25092
-25.118319	-38.5572
-53.949856	-48.725094
-67.97627	44.069515
27.972193	44.51641
-42.426193	-58.879696
23.239523	48.770775
11.918739	33.409798
88.0714	21.113987
-23.570024	-39.810703
31.94396	17.209152
19.033825	45.47186
-69.95929	47.621494
-85.73501	34.143845
-17.981256	50.293865
-63.17406	69.57797
-56.339603	-39.158546
-76.81694	5.3102813
-27.197308	-64.308304
-59.6007	30.065517
-72.58192	9.539936
-55.22924	3.3903906
9.38603	52.356487
-34.015232	-69.92658
-23.876255	19.879326
-8.939886	-51.887623
60.39127	33.814987
-6.7363715	37.95084
72.039696	20.216267
-51.34428	16.137629
-37.02401	29.636501
84.596436	9.664675
-15.429938	-6.3628364
2.4526231	41.047657
-33.42754	-47.542774
-73.36335	-0.30958068
12.830768	37.348766
-60.01484	15.610087
-23.083836	64.515785
-84.401024	34.881584
53.747555	18.329277
-68.459595	30.94118
-45.96219	49.743492
-9.57489	-32.355576
-2.6846824	64.67716
7.684404	64.93994
73.05378	14.103858
-50.609547	54.928402
-24.616869	-10.635621
-41.37365	-27.051722
-36.159748	61.762104
-57.324837	58.694344
-79.3043	25.181355
-68.55275	-11.410277
-15.728227	-17.704342
59.721012	20.666935
-26.199894	-5.9185457
-37.653744	-49.00492
-20.433428	-52.046436
71.43859	30.605124
-25.00714	-38.541615
-25.597374	-55.917595
-11.661334	-80.259544
-16.918581	61.148293
-36.1963	-43.88278
51.03437	6.410499
-71.09011	34.99597
-36.04548	35.356598
-20.04291	-60.844902
90.90689	21.932178
-31.866224	27.52917
-20.134607	67.71927
-18.833849	3.6127098
71.777504	34.179974
-48.486805	41.523647
-35.45178	-27.52981
67.70159	8.566601
-33.749676	67.5455
