-9.418954	0.45993555
-5.124411	-1.2970235
-13.399481	1.8930775
-11.478169	1.4436524
7.8626637	0.17519718
9.0366535	2.806295
-12.6629505	-3.3695505
-9.793617	-3.2641134
-0.846279	2.50082
1.2018714	2.0118852
6.7247233	14.896807
9.202694	11.433711
-12.262783	3.2770991
-9.429241	12.469536
4.133466	-11.038795
4.374863	-12.632855
-17.469538	3.0733292
-19.108707	5.124073
0.5755346	12.610901
1.9139224	5.922917
-18.327204	0.8435111
-17.865269	4.679008
0.7770703	4.252445
2.8283272	2.7036676
-8.22684	8.112096
-6.2741194	5.902848
15.917712	5.262162
17.016048	5.5149803
-1.4974146	8.361742
-3.4834766	4.17291
7.4192066	3.068233
5.728018	1.9149239
18.130621	10.525391
16.569756	13.270731
-0.9788599	13.42918
-1.6356821	9.624696
14.975405	-2.460609
12.575008	-2.150777
-12.344353	12.491067
-14.768578	10.381771
4.4557543	11.347091
3.938128	9.364136
-12.496068	7.594344
-11.837669	7.721801
-2.0237072	-3.3380997
-1.7946513	-4.286458
-8.725497	-3.0237951
-9.883704	-1.9688493
12.001766	-2.3801544
9.618603	-0.380718
-1.7646811	-2.6431808
-5.024975	-2.329255
2.617521	6.2918625
3.250486	5.1081796
13.21994	12.723381
14.032795	18.493013
-4.3170853	7.36833
-5.253917	9.187258
9.586616	-17.521645
9.788382	-15.709528
-16.655941	3.766422
-13.748983	3.8592749
-4.68453	7.8619747
-2.6974075	12.915972
-14.278891	5.364029
-13.521731	5.2899337
-0.90660095	-5.194713
-1.2518966	-9.309059
-10.786884	1.3625096
-12.317818	4.9548674
11.691826	-2.2486336
12.977453	-2.1571727
-3.141451	-2.9379706
-4.454566	-7.1234083
2.904908	-4.0417395
0.84010035	-3.2972202
14.040528	12.313249
13.34385	12.780373
-3.4152603	12.618119
-5.2076483	9.249111
9.286677	-11.108648
7.5737786	-14.920078
-13.3168545	2.3156934
-14.423664	2.4688509
3.4719427	11.704935
9.639267	-2.7774491
-15.308132	5.794164
-15.417368	5.4495487
-4.9600844	-10.675701
-2.8070934	-11.242067
-9.698854	-2.8978343
-12.477403	-6.434415
11.190265	-6.2061195
7.228326	-7.0045495
-8.562009	-11.158345
-9.880262	-7.0995445
3.4545746	-7.3690457
4.019183	-9.375862
9.153155	2.4435635
9.657097	7.2814846
-6.456615	10.010234
-5.7374697	4.0001807
10.213742	-19.530552
12.118742	-19.010303
-16.4426	-3.9952264
-16.864983	-1.1377989
-0.5448399	8.220519
-1.2232141	2.9426987
-16.331396	0.6833372
-17.261734	1.2537546
-3.1763082	-3.9280958
-1.0815506	3.9825056
-13.364695	1.7612333
-10.216466	6.4565535
13.691786	2.5477257
15.03667	5.895031
-6.6214986	0.26958305
-6.027122	0.17495978
0.03530097	2.451559
-0.14623308	1.607219
14.63871	19.562002
15.543366	22.32159
-0.9387264	16.873997
-3.8130302	17.06843
13.341064	-8.477364
13.344561	-4.9690485
-18.063377	5.6328125
-18.012398	4.1581297
-0.18426836	13.116985
-7.402421	17.429338
-17.59176	6.194827
-16.982382	9.432832
2.8272767	-2.8082278
-0.12211609	-5.133116
-7.801506	-1.6695405
-4.110019	-0.4737686
17.227055	-1.8701315
17.510906	-3.4142272
1.1297164	-1.9792306
1.9253646	-1.8368444
10.206799	15.081385
14.251954	13.410696
0.13601184	7.7835407
-4.138892	5.0592995
7.392604	-11.3904295
7.9432454	-12.472442
-10.957461	0.5075057
-11.710396	0.5022205
11.087582	-2.715942
-2.91461	7.007994
-12.752155	5.8733788
-11.836847	4.20025
-1.0915192	-4.9608154
-2.3043313	-6.429743
-11.8450775	-4.3019505
-12.130756	0.20180765
8.646628	-0.7762389
12.50669	-1.779099
-6.0072756	-3.2966142
-5.950247	-3.7670784
9.494814	-1.1569026
7.8514204	3.2704115
15.687675	13.54166
15.811468	15.576406
-1.4232032	12.490478
-1.0986083	10.507845
16.707935	-7.1845236
12.455307	-14.300358
-17.26707	4.583216
-17.81345	4.334689
1.1841726	13.33718
0.580755	11.3590355
-16.513481	6.543544
-17.357393	4.082862
0.06846964	-11.7061405
1.0996902	-10.02807
-4.72892	-6.2566805
-6.0080132	-5.6555943
8.560909	-7.4875684
10.06622	-8.923331
-2.4230413	-11.764654
-0.8312433	-12.475115
3.4521537	-6.1805787
2.3369963	-9.728018
14.097431	-1.44345
13.496349	-3.1408484
-1.7623509	-2.3724678
0.4205122	-2.1904094
9.672756	-17.2989
9.844862	-17.221373
-9.438899	-7.684393
-8.975235	-8.687025
-5.224995	-1.4750906
0.56611645	3.5277004
-10.185866	-3.4348722
-8.521288	-5.22043
0.14954877	-4.17667
3.9301724	-1.7337995
-8.19367	4.4992375
-11.081551	3.729578
11.5361595	1.0301919
14.5943775	5.1306524
-3.856442	-5.348652
-2.7111351	2.3298604
5.671899	-1.0507241
3.7518687	-0.44423056
14.140022	13.835657
14.431352	19.786726
-2.2945762	13.228875
-3.6154737	13.949
7.002733	-16.355515
7.929264	-11.613357
-17.543657	1.9198344
-16.654669	2.2364564
8.564652	8.457616
3.5851443	12.233236
-17.3565	9.425785
-17.844463	7.8397036
0.00625515	-5.796381
2.1549525	-10.206647
-7.768819	-3.0952315
-7.737663	-8.343242
13.583626	4.224368
8.475392	0.39880332
-3.17755	-6.1174936
1.4633021	-6.9770846
7.334135	-5.016746
5.957688	-4.464181
11.5893955	7.1085835
9.640482	4.6897054
-2.747385	7.3227835
2.4656718	6.105801
14.735147	-14.4534
13.950386	-16.171307
-14.687468	-2.5739436
-13.257877	-3.0066519
-3.5709581	5.562731
4.8144965	0.9623281
-14.462782	-0.008107185
-14.806715	1.6244092
-1.9192348	-11.913821
-0.6459304	-12.572289
-11.098246	-5.9472237
-10.467062	-4.3729525
14.345154	-6.8491263
15.348396	-6.7529182
-6.633459	-10.323045
2.3409886	-8.769532
3.140342	-2.8363585
11.152752	0.5969353
13.33024	4.677903
-7.0582523	-1.5275893
-7.3016815	0.6720228
10.361498	-16.764618
10.245943	-14.321058
-16.41883	-1.6175644
-15.6895275	-2.1315653
-1.4051502	-0.85719943
2.5694733	-4.225079
-15.283753	-0.2172718
-14.284003	-1.6731825
-2.2618718	-8.964055
1.6788698	-9.184487
-10.029197	-3.6758351
-5.7870173	-2.870307
14.978542	-0.47472548
9.776898	-1.8006454
1.8484517	-2.3943517
-0.78348994	-6.036883
6.0281186	-2.9220757
9.453146	3.0890226
16.35247	10.569663
13.181812	9.780076
-7.801241	-0.75213826
-5.483165	3.799799
14.097933	-11.0623
14.503981	-13.812548
-11.472219	-1.6264707
-14.277106	1.3909628
7.001528	1.7870971
2.9780169	-0.12462592
-7.9444385	4.945431
-9.966743	3.8217375
2.9611447	-4.0567217
-0.47985315	-6.0006933
-7.8962784	-1.9950432
-8.464022	2.8800323
11.563864	-0.12615323
11.665443	-0.7845159
-2.1179779	-0.36265385
-2.722532	-0.9523665
3.6566975	-0.3141173
7.445113	1.9965175
15.522978	8.342292
13.219414	7.763894
-5.4265018	5.196281
-5.7475734	4.8669353
12.187523	-13.770046
11.856365	-14.156128
-12.6001	0.5409747
-12.540821	5.599089
-4.6784325	6.942168
-0.7444842	5.419435
-12.3613205	2.703435
-11.847076	6.879077
-0.8022859	-5.762025
-2.4609046	-1.3409684
-5.742469	4.036671
-9.334239	-1.8779428
10.554206	-0.5709898
11.032228	2.3977447
-8.080449	0.31754398
-11.052357	0.1697644
5.326331	4.937234
2.573246	-6.710289
17.830795	14.092534
11.655972	14.768349
-3.1469865	13.393226
-7.1382866	12.458949
14.10014	-2.4720118
9.715771	-10.14114
-14.428831	7.141921
-13.981018	4.0880632
2.6390905	16.691784
-4.3873434	19.506382
-11.487864	12.769318
-13.582749	6.3681545
-1.9081728	-1.0213246
-2.7838726	-2.8271835
-5.386605	-1.3887033
-6.863557	-0.8579499
9.263678	-2.5507832
7.7527313	-1.7258353
-5.221563	-2.4783368
-6.6841564	-1.2186877
4.4827385	5.027304
4.01511	-0.041205764
14.389719	10.775524
15.319088	11.800417
-4.6184053	13.317678
-2.46956	10.559814
9.221491	-13.54777
8.42511	-10.5948105
-15.91917	5.097659
-14.731552	3.3766246
3.4363675	9.555349
-5.729899	13.592754
-15.461414	8.492583
-16.719975	7.984023
2.0661502	1.5954287
1.0853573	0.6048883
-6.507588	5.667373
-4.999948	5.546852
14.454283	-0.08544501
14.814644	1.5810049
-0.4574964	3.6929789
-0.6454675	2.8707469
7.375726	8.018457
5.196507	10.017762
16.030981	16.97833
11.360319	20.66389
2.7824779	11.644199
4.5539455	13.35762
14.344849	-6.067641
13.4563675	-11.093821
-9.29335	8.99988
-9.311787	4.9455023
2.324469	19.069874
4.695096	19.41216
-11.984949	12.821594
-12.94067	13.277782
-3.571175	-4.7510605
-2.9565985	-2.7361898
-8.860226	1.7976199
-8.692065	-1.4717954
13.43134	-4.438474
11.668154	-5.628898
-5.8754215	-4.578307
-6.1874876	-0.62899625
0.91640526	3.6699257
0.27515233	3.5979438
16.580908	4.7360616
15.250147	9.217269
-0.83815217	4.2461605
-4.9708233	9.589444
9.038876	-12.608759
8.859478	-12.350978
-15.765858	8.974511
-13.839672	2.0547032
-2.5841541	12.177658
-0.60641336	12.209259
-15.287338	7.420844
-13.279804	7.7051067
4.450847	-9.889137
-0.432729	-5.575097
-4.0725727	-5.6930237
-4.315138	-6.888886
16.108917	-7.712917
12.522608	-10.269571
1.134504	-7.4527397
-0.21097744	-10.220113
4.0266066	-4.190092
3.6807353	-3.7037163
13.522449	9.040329
11.6418705	-1.3803743
-6.8273215	-4.8300586
-5.168273	-5.60493
10.738438	-10.234636
10.401394	-9.640538
-10.46711	-4.9190083
-11.727875	-3.576253
4.5965967	0.74308825
8.467647	-1.3195264
-14.120766	0.7228608
-10.698217	-3.161541
-4.3803663	-4.119714
-0.52072227	-5.421255
-9.739623	-3.6940835
-8.551253	-3.4765894
11.224888	-5.2383494
11.93902	-4.996334
-1.6668844	-1.9284331
6.8523426	-0.83107567
6.6285934	-1.5644051
15.792324	13.09351
16.115864	9.188355
0.34300065	8.795636
-1.0779067	14.624023
14.119422	-12.898979
14.913717	-14.619291
-15.29925	0.24303257
-13.89422	5.8723645
-0.35427916	13.604301
5.755224	3.7447066
-19.33568	5.015472
-17.115753	3.7583642
4.0612183	-2.2611408
2.9443984	-1.0587044
-7.0732284	1.8543448
-10.705821	6.927461
17.570452	4.732737
16.174995	4.757077
-2.2315412	-1.4625809
-2.5908322	1.4850852
4.4700623	4.710286
3.9927506	4.387679
12.6266365	12.297156
15.0363455	16.458279
-2.2133946	9.837736
-3.5569835	14.31185
12.940678	-7.7271733
13.390414	-8.632198
-12.1713295	4.183341
-13.051228	4.654206
3.570043	10.601522
3.680354	13.417183
-12.018219	6.1200666
-14.106014	11.342089
-7.1379695	5.1834936
-6.704444	5.0099425
-12.283977	10.644018
-13.083068	10.151773
11.231606	4.3973613
14.5523615	7.321082
-7.427827	5.69798
-7.41967	2.1395614
0.71810603	8.983232
-0.4348414	8.172302
17.20089	26.53515
15.973374	22.146202
-3.7751992	18.630606
-5.431941	19.509209
12.073117	-4.58402
11.878347	-2.621296
-19.203087	13.266901
-18.024734	10.022381
2.12857	19.584719
-0.14972377	20.12059
-18.415976	13.257469
-17.023764	13.1909895
-0.8457036	-10.4446945
1.2394228	-13.926497
-7.91327	-5.2172227
-9.983493	-6.0881586
6.765608	-8.861842
9.075062	-11.809634
7.403304	-8.148178
8.207256	-7.116895
10.152413	-3.8836677
10.324858	-6.0024457
-3.1355371	1.2633644
-5.183277	0.4615395
11.8088455	-17.173256
12.577623	-18.617622
-15.080166	-2.7503803
-16.64254	-1.8930058
-1.0267154	-3.3384755
-5.6196194	0.6037445
-13.249886	-1.5078678
-15.484083	-1.5592153
-4.413308	-5.792906
-3.0246012	-6.4234543
-12.176804	-0.4911549
-9.652086	2.0859926
5.415551	-7.6258636
8.666954	-7.850954
-9.321564	-7.1663594
-10.0498085	-4.661458
2.9612515	-1.3810909
0.5456029	-2.278817
10.586328	6.0808787
10.569777	5.7595196
-11.066032	6.8881283
-9.631038	5.9524508
9.652018	-19.72166
9.022825	-14.925762
-17.74207	3.5219612
-16.552597	0.96997404
-6.604427	6.39991
-5.6859426	5.19083
-18.52523	3.2473056
-17.071728	5.9757304
-1.4508244	-9.097438
-1.1382555	-12.616661
-12.649873	-7.357561
-10.450707	-4.805177
13.266159	-5.151907
14.299622	-4.990627
-7.1387277	-10.522083
-3.8467288	-7.0256658
2.184587	-11.596373
7.324585	-6.3986506
12.558282	0.17198607
12.867462	-0.39482576
-4.2310424	-2.5944242
-1.6311398	2.7389529
6.895402	-19.511497
9.219582	-14.040913
-16.05067	-6.488396
-16.083092	-5.6868553
-3.7277803	2.2027264
2.2737608	8.479143
-16.7538	1.5851884
-13.292836	2.5952163
2.079566	-0.91969985
5.3586264	-0.05165933
-9.788172	2.6362715
-10.679127	1.2685821
14.161197	3.5090485
16.38705	5.869677
-1.681413	-1.3379931
0.4254272	1.3468308
10.519658	3.625403
7.1511173	3.3014905
17.986568	16.726898
18.3875	18.558826
-1.7731218	11.038595
-2.2573838	9.341725
16.747185	-9.649799
15.748424	-8.170881
-15.851941	2.876749
-14.859761	3.653132
-3.2705255	13.353506
4.9279017	8.437218
-16.7497	9.97556
-15.04488	6.8038435
3.2802289	-7.2928877
1.4566174	-8.36395
-9.948462	0.2382065
-7.495041	-2.3053527
11.643106	-4.4360986
11.382063	-5.999959
-5.381617	-5.1592436
-4.660026	-5.9351444
2.273518	-5.713855
4.9020424	-4.7701287
14.022722	1.449239
13.692438	0.79998475
-1.8094653	0.79429626
-6.8353767	3.19163
11.677137	-11.392521
11.145521	-12.611809
-15.462059	2.3409812
-17.463392	1.6154732
2.5348465	5.980001
5.469122	3.0274003
-12.816715	2.0535445
-13.106765	3.610852
-3.2439106	-3.3167772
-1.6419368	-3.0375676
-8.965601	3.2571154
-13.091829	4.2657223
13.385586	2.0582962
13.704956	1.2847921
-4.8151712	-1.2021697
-2.596975	0.41081905
6.444216	5.9620433
6.2601104	7.4909186
20.152864	18.602213
17.252462	16.782124
-2.684299	15.475068
-6.1910696	11.627035
12.619553	-8.368957
11.685566	-5.441945
-16.764896	7.206266
-16.364042	6.6360407
1.6131163	10.776914
-4.969775	10.399111
-17.623142	10.280462
-18.51212	9.90629
-1.3678099	-5.563543
-1.4481969	-7.189106
-9.544142	1.852558
-8.317557	-0.06422484
5.7293797	-5.4607897
8.990988	-4.8842225
-6.0319977	-4.3681107
2.458952	-1.9073943
2.8885915	-5.0000296
12.168663	6.8223596
11.039898	7.700479
-6.264508	5.8040557
-4.711234	7.222351
11.197932	-11.703707
12.128635	-11.786561
-16.437042	4.307169
-14.079489	2.34271
1.2402165	5.3001757
-1.1047323	10.540571
-11.093523	4.8278646
-12.818839	3.979398
-1.4583921	-9.054372
-2.2094185	-7.716505
-13.412077	0.1600236
-14.4959545	0.5552277
9.290628	-1.3587303
8.290202	-3.0966983
-10.043411	-5.336645
-9.721514	-5.2696896
2.0807652	-5.3610353
5.2139564	-3.0508482
8.619751	11.183254
10.082391	9.270599
-7.6576204	11.090739
-4.6600084	9.612594
15.354299	-9.9026985
9.868866	-14.427753
-17.87809	3.978495
-16.640375	2.5447302
-5.76625	9.309745
-5.758794	6.9011045
-19.494366	5.0737386
-18.597	5.000637
6.8692102	-2.509541
2.9807057	-4.64647
-0.9818915	-2.5245428
-4.8054533	-2.6856306
14.571459	-0.49817494
14.39267	1.8849108
8.822665	-2.1866083
8.316228	-2.67176
10.352891	3.587674
13.133951	4.555139
13.084205	14.120025
16.856451	11.765364
7.6935525	8.946724
5.4629173	4.810289
10.62014	-12.104148
12.069725	-12.12821
-10.430673	0.77367914
-4.8512435	-3.7102048
9.1473465	8.46207
10.46734	5.6262207
-10.777164	5.398432
-5.433151	1.223794
-2.3609207	-8.955853
-5.865087	-9.507665
-12.026964	-4.2170167
-12.881464	-4.0909467
10.548428	-7.7637644
10.113842	-0.24665701
-5.601706	-6.7057004
-6.51108	-6.403368
3.288949	-3.7215343
4.7772512	-2.7377086
9.400533	7.579287
7.640746	5.56899
-6.812279	5.213437
-7.31755	4.8429832
12.037764	-15.786351
12.578641	-14.6381645
-16.669403	-4.761077
-17.05526	-2.2119465
10.872459	-8.157543
7.9001656	-11.086155
-19.036396	-1.4246349
-7.221506	-2.8823168
-3.1210291	-3.8073688
-5.3085747	-9.04449
-12.552155	-1.652204
-13.207276	-3.3164754
10.693421	-3.319271
9.47435	-2.8460727
-7.967413	-7.8055553
-7.6352153	-7.4055634
3.894072	-1.309324
2.0791645	-1.9530803
8.430869	11.768368
6.56562	17.190208
-7.6358213	3.2578015
-7.49422	5.6345
11.940292	-11.419888
11.392685	-15.062558
-17.316805	-4.4611473
-16.385754	-3.062155
5.7142344	3.8388135
3.1869845	2.2289443
-13.150677	1.9272492
-17.405758	1.6184728
4.8957224	-5.265662
6.1146884	-5.1041074
-2.073422	-4.3971004
-3.5088892	-0.9078662
14.000494	-0.3505671
12.615724	-0.25004768
4.719765	-1.740539
2.3834121	-1.7237574
5.8009357	-2.4885802
6.399211	2.9990106
11.010687	7.441666
13.424476	6.9163775
1.763999	4.7567005
1.8201201	6.6123247
15.702016	-8.1747
15.485763	-3.4029014
-5.823723	-3.0137715
-0.55827606	1.4466288
5.9408627	5.917233
5.616777	3.879191
-7.1466937	2.808455
-4.779836	2.582862
-2.4368956	-5.555496
-0.90935946	-1.506943
-12.449476	0.11977178
-12.459448	-1.222467
14.397373	6.3111877
11.517107	0.33823252
-7.594017	-1.6998004
-2.5859134	1.6995348
3.410555	-1.2627463
3.5091336	0.7782297
11.581329	16.611273
9.025574	16.294428
-6.5415344	11.505164
-5.5331297	13.127422
17.009739	-8.4380665
13.331299	-5.0613966
-19.818083	-2.135951
-18.166822	-1.0219883
-0.18670958	12.088331
5.1279454	10.7855
-20.02708	4.73574
-18.444717	2.851882
13.170168	2.4088535
9.882147	-1.6587571
-9.956434	-2.6447995
-9.578966	0.10247576
17.516796	6.604508
14.960088	3.0861938
6.6354403	3.7649395
4.1184626	-0.39035863
12.31135	0.42491305
11.168812	1.6654344
12.0941105	12.283064
10.634748	10.991132
-1.7402239	7.6909494
-6.215034	9.259354
19.06196	-3.7106595
15.78421	-3.4584424
-8.474599	-1.7332959
-13.1892805	-2.789722
4.976543	12.480556
2.458915	10.598086
-13.09457	7.263852
-12.894709	4.933587
0.69235754	-6.3887177
1.370629	-3.8350112
-9.315338	-3.83852
-8.256032	-3.1919985
17.898354	2.0520632
17.242626	1.2954459
-3.6825588	-0.2622707
-6.8656673	-2.1567624
5.7648826	1.509955
7.8206472	2.8695333
10.147107	23.781101
7.7918534	15.370707
-1.7379572	10.112359
-2.3327956	10.818432
15.906425	-10.906648
13.250689	-9.926493
-14.4063425	0.30769706
-17.607677	1.45206
0.8122735	8.402149
-0.30742878	9.0259695
-10.865116	1.7714694
-10.007407	4.983336
-5.272603	-6.18226
-2.31336	-4.498666
-11.767039	-0.20570302
-11.725439	0.07074249
11.758399	-1.9715768
14.133578	-6.137435
-10.879124	-4.243535
-9.322563	-3.8319235
8.410465	1.8692653
5.317089	-2.5233192
9.417372	21.508783
10.148286	18.2608
-3.093461	8.239594
-0.9431908	7.9865875
9.343313	-12.493474
13.255669	-10.042705
-15.648205	3.1720004
-15.166466	2.3632398
2.1525652	5.1674376
2.710877	7.1416187
-14.161376	5.3083405
-15.584414	3.9036033
-2.8253446	-6.6361036
1.5233073	-6.619435
-12.9586525	-0.1634742
-12.96683	0.3615507
9.8794365	1.2076452
9.575394	-1.60337
-5.221666	-5.054124
-3.1307578	-5.537912
3.5659091	-5.541704
4.6459246	-1.4133451
3.565909	15.102683
4.3795776	13.04275
-6.174275	8.083771
-8.740736	9.011456
15.405777	-13.815767
14.768372	-15.270748
-19.164532	2.9614363
-19.379272	3.6387813
-1.8514479	7.5784183
0.33225644	13.35675
-20.579159	3.4310813
-19.050575	5.7569923
-0.61459804	-11.239686
3.714466	-8.380067
-6.023946	-6.4238286
-7.9638515	-6.196201
7.593464	-8.034479
7.417924	-5.705821
-3.7718854	-8.369992
-1.7371479	-7.3141713
5.204938	-5.7222123
5.843811	-8.7503195
8.426426	1.5431073
7.10083	0.3731119
-0.622082	3.4729822
-0.65190744	5.544718
8.698585	-18.925993
10.353398	-18.40051
-8.687229	-5.6024146
-7.9709854	-4.9225354
3.6779096	-0.055021882
3.2151237	-1.1988811
-14.50526	-1.8539553
-8.518492	-3.1889162
6.8303156	-0.28390068
5.9469414	-2.9679043
-3.1401439	-3.0024345
-6.6159334	-2.2905574
19.535515	8.069428
16.521975	0.9502378
2.5866175	-0.25112712
1.7409244	-0.7622644
8.4053955	1.449792
9.024569	0.75997347
16.276535	6.880429
13.2570305	6.1369433
5.247915	8.346743
6.025224	5.114686
16.879078	-7.7036896
15.539549	-9.208786
-8.731901	1.1910636
-6.599958	-1.2473972
8.645219	5.856702
9.9724865	5.5340567
-15.9272585	2.3831184
-15.235172	1.8515682
5.3688703	-6.454161
2.4738061	-7.1988215
-6.0295773	-2.3741257
-8.367298	-4.2060585
15.982781	2.182036
14.063946	0.1622075
1.5177761	-4.884634
2.501067	-3.0330186
5.1094875	-1.2902222
5.633243	-2.4122148
12.10491	9.5334215
10.213217	4.231376
-3.0692332	7.033252
-4.9739194	-0.9169204
12.159681	-8.981574
13.496433	-10.009966
-8.409252	-1.0370471
-11.705368	0.46031427
5.984051	9.614486
2.3222947	9.874573
-15.235241	1.2274764
-14.316285	2.820655
-0.54988927	-2.576817
-0.0918442	-3.980538
-10.570969	0.48311192
-6.702742	2.4882941
12.053148	-2.9827254
13.90974	1.2332487
-2.184947	-1.0177417
-6.7115064	1.1794482
2.4498699	-0.46803236
4.3536825	-0.70054686
9.251707	15.755335
7.9071546	12.831103
-3.8460622	10.512645
-3.2416043	7.9419584
12.026228	-6.3657756
13.355767	-1.4742193
-17.949749	3.1931434
-17.251925	0.97709024
8.531523	11.974302
4.0221047	8.09009
-17.242325	5.2566695
-13.164707	5.939005
1.9314597	-8.151305
-0.06480217	-9.785186
-6.534602	-1.2138213
-7.765765	-2.1116495
10.789921	-3.27672
11.90765	-1.8149364
-4.613164	-6.395068
-4.6412897	-6.491587
3.9122434	-3.9780173
5.0523176	-1.832407
13.408486	8.061283
15.384977	9.509411
-0.41792026	1.4742534
-0.45688856	2.2409654
12.814294	-15.979176
12.36117	-14.942681
-11.676836	-1.4466054
-12.016199	-3.1971297
7.366472	0.24248251
5.0573525	-0.6143302
-8.064334	0.87011415
-11.683193	1.5985878
-1.0984101	-5.611309
-0.9181211	-5.517144
-10.681646	-0.090951145
-11.380498	-0.15107566
11.661179	-2.0619943
10.642113	-4.0039372
-5.6533556	-4.649641
-7.841463	-3.2327037
1.7846376	-1.7659497
2.9965398	-1.3094838
8.924709	10.514641
5.7624035	12.165064
-5.5607586	10.004446
-6.345678	8.476525
15.366642	-11.0798645
11.291943	-11.836952
-16.611965	-1.5861404
-16.97497	-3.4043016
-2.7092633	3.9921603
-3.9498918	7.8507886
-20.426792	3.298256
-19.63081	0.83924484
-2.584692	-6.5168724
-0.06212616	-5.5298667
-11.469531	-2.4635286
-10.677883	-0.39473498
8.617213	-6.2255
10.521811	-4.502283
-7.084357	-8.387656
-3.1763785	-4.720064
6.392065	-2.3446953
3.6148798	-2.0812585
5.284501	8.250347
7.4897585	10.495628
-6.29753	3.4021578
-6.049451	4.0843534
8.070648	-15.849682
10.644677	-15.2158
-14.691399	-2.5911393
-14.954784	-1.6723094
-7.838571	2.0707643
-2.219224	6.4291105
-17.191715	0.24535799
-13.756475	0.15082407
-0.4453292	-4.221433
4.0160484	-0.74631315
-9.83061	-0.26868033
-11.421265	-1.1399145
17.415457	2.7311463
18.157948	3.7964807
0.5461206	0.3084786
0.78285295	2.0812263
11.786165	4.1621165
10.746873	-0.01584363
13.698222	16.394094
15.883583	16.637848
-2.1776595	10.377944
-1.7022127	10.141832
11.935875	-9.511391
16.836647	-8.704269
-17.161589	2.3214226
-13.012083	0.50757396
6.411375	9.227386
6.468391	12.542618
-14.531637	1.4247773
-12.645596	4.655115
-2.3874044	-8.209596
-2.188297	-7.3397865
-12.884729	-3.4113533
-11.068899	-3.6711197
12.585972	1.1046474
12.863279	-0.4761372
-3.0309525	-5.979203
-0.93005866	-2.4360714
3.8326745	-3.868848
3.4823625	-5.366871
4.9211187	4.855624
6.225893	3.7924376
-6.611637	2.169641
-7.5578227	4.513414
16.240847	-10.87906
12.59949	-13.313886
-17.36603	-4.803183
-18.697931	-2.3536277
7.549409	-7.9357405
10.25305	-8.662823
-18.764061	3.475897
-18.192778	2.613103
0.7307861	-8.6766815
-2.8793666	-5.1699967
-14.825011	-4.7537394
-13.808707	-1.6617535
13.575953	-4.389121
11.060161	-4.482313
-7.6110125	-2.6021047
-6.811632	-6.166074
2.9742322	-1.2574453
1.4317303	-4.020929
6.1237087	14.24381
6.4039125	15.098856
-9.956623	12.151387
-9.056086	8.483838
11.631693	-14.589977
11.988581	-15.479696
-16.590351	1.7340944
-17.18074	1.1048543
0.9436575	6.366855
0.467612	6.8616095
-18.595142	4.385762
-21.862907	2.8996344
2.448691	-8.295785
3.373056	-7.737795
-10.673002	-3.6869488
-9.621106	-6.3616567
16.8176	-3.357509
9.992164	-2.7872388
-3.4806926	-7.2870703
-2.5480893	-5.3476067
8.916805	4.603124
2.3076315	-0.5345657
2.8000066	5.3011174
3.9521132	8.195629
-3.95961	4.9528008
-5.61016	4.642197
16.045715	-11.432485
7.72824	-16.801125
-13.917604	-3.0080981
-12.635105	-3.309949
4.997218	-7.2200766
-0.9894846	3.9250846
-14.906435	-1.8906965
-14.035356	-0.37290382
5.37879	-8.709067
6.5187926	-7.0644407
-7.49708	-6.458057
-5.219802	-4.0474076
8.594494	-7.7097607
10.91882	-2.7289798
3.8895016	-6.075892
-0.751751	-8.731898
4.887661	-6.8818874
3.4839046	-6.725964
5.88087	9.743139
9.977501	14.014333
-3.5584	3.1527379
-2.4806256	4.9222107
12.420789	-17.260761
12.712809	-14.462753
-10.773705	-5.9268885
-7.5932446	-2.1180077
-0.8063482	3.8972895
2.319972	0.7920738
-9.0232315	-1.0880651
-7.7492385	-1.2509227
4.5817776	-7.736576
3.74466	-5.352645
-14.578938	-4.732591
-6.5109754	-1.8988596
12.935758	1.4399614
15.406326	3.8815827
2.1282902	-3.032485
2.210621	1.6707616
3.716649	-0.19462961
8.295661	3.6153033
12.596258	12.531641
11.807885	13.579552
-5.339174	6.5225816
-10.057667	8.780881
15.5874605	-7.7217727
13.890198	-11.6251545
-15.204269	-4.0693774
-15.647139	-0.054573298
7.415731	6.8228917
6.8492355	4.838854
-19.342308	-0.12958479
-18.056135	0.90580034
7.111248	-3.7679236
8.965551	0.27179712
-6.368249	-2.1257894
-9.858922	1.2988203
19.893902	6.6338077
21.661753	8.245816
2.418908	-0.42141056
3.6282444	-0.8755031
3.9794312	-0.15223569
5.0894084	4.553961
15.283489	7.8518662
13.3114805	13.03751
-1.300396	11.930635
0.4900999	9.25162
13.623442	-8.999325
14.114227	-7.9755406
-13.804499	2.3636212
-13.055664	3.2772148
8.628126	8.353369
0.7510919	10.18433
-15.136614	6.844951
-16.21518	5.756773
3.2015836	-1.3889053
3.952696	-1.6633465
-9.926161	-0.78245914
-9.445961	-0.6546167
10.911919	3.607717
15.776344	8.720368
0.9432888	-0.23639393
3.079749	-1.2873249
8.605829	1.0918944
10.205119	3.8577926
8.924222	15.168513
11.145817	17.968555
-5.0735016	9.016934
-0.92631304	8.218878
13.885563	-9.015068
13.63586	-11.350794
-14.675248	1.0452845
-12.461365	0.04084921
-7.189829	5.8951488
5.796803	7.2454324
-17.870663	5.96843
-16.230333	5.9804235
6.950711	0.19049764
1.4337862	-5.823919
-8.887206	-0.15459907
-12.249442	-3.987575
13.192991	-3.415045
15.226401	0.88781357
-0.9040768	0.10237789
-1.3985164	-4.4075794
2.0082026	-2.9565456
3.2939296	-4.7578263
9.168237	14.145459
5.694748	10.6408
-3.756986	9.783598
-8.139817	6.4099813
11.662382	-4.8823028
11.313542	-4.5436697
-13.540281	-6.714179
-14.475927	-2.579519
3.8375053	7.3288994
-1.6569208	4.0666924
-10.46792	-0.016594887
-10.683325	3.7822938
5.981302	-4.022004
2.989803	-2.4365523
-12.034546	3.8472257
-11.530043	5.599647
16.795189	-1.7601638
12.269632	-3.6139224
0.47239256	2.055708
-2.808339	0.8101554
2.8680935	6.612857
0.95361453	4.5589037
12.039406	12.420094
12.830431	12.454212
-6.6307573	11.14275
-6.500495	11.859439
15.123284	-10.581401
9.99792	-7.9676533
-13.116407	6.4423275
-12.858195	6.88938
13.56669	15.329951
10.29686	12.099702
-16.642704	7.953575
-15.833165	10.064014
8.548179	2.4018679
7.436167	-0.22293153
-2.075653	-0.4726541
-2.7425773	1.4790158
19.077238	11.786858
16.505589	5.5925317
3.872118	-0.8908891
5.184316	3.5119576
7.752632	1.703173
9.245289	3.7001972
20.307846	15.260293
19.020542	13.733706
2.4567482	6.423874
0.7815027	8.826132
17.99085	-6.771074
18.230452	-5.1974854
-5.970289	4.8352394
-8.788779	1.5679584
10.875784	9.461998
8.685659	6.7370615
-8.843454	8.433833
-8.031374	7.2005944
1.7014625	-9.122312
3.8449543	-8.646364
-7.108534	-2.935361
-6.8318844	-3.4832766
16.360294	-4.1314383
13.334345	-2.502224
-4.161665	-5.650894
-2.314149	-6.147243
4.65351	-2.6287646
5.3662744	-1.8914065
12.2579155	8.531871
6.6950064	2.2759333
-3.445761	0.56790555
-4.5971284	1.417451
9.319538	-14.153866
8.856437	-11.02527
-12.688382	-2.3773377
-14.792878	-6.3108206
3.2674825	-1.4421161
4.803034	-1.8609267
-11.624153	0.8951485
-15.876031	-5.3999476
9.542451	-3.6211367
9.882473	-1.8507272
-0.064974785	0.85153466
0.79554605	0.3439809
20.279852	1.6156411
18.971466	1.0751816
8.591362	-0.93357563
8.981176	-0.3796624
11.998904	2.8119717
10.947538	1.974365
18.529337	7.4119887
19.379997	5.472935
6.3404007	4.372181
7.467995	3.99587
21.371403	-8.546876
23.477255	-6.398009
-1.0721396	-1.6508167
0.4078764	-2.1952634
8.783355	1.3787932
9.679327	4.950446
-5.830008	-0.09769678
-3.6992433	-0.49181056
-4.6249275	-5.9707217
-1.2831085	-2.6604164
-10.237041	-3.234564
-8.44333	-4.5707116
10.445637	-3.6540058
11.238001	-1.9696553
-2.968722	-3.4944658
-2.5445151	-1.0099204
1.4639152	-2.480852
1.063553	-2.7891738
9.750262	15.290741
10.28278	18.63924
-0.5944965	4.7624493
0.94668746	4.9725313
9.090208	-8.299947
9.833736	-5.97003
-15.694401	-5.585377
-14.154598	-4.147011
7.3348355	3.371698
11.6630535	9.505486
-9.525176	6.553088
-15.46358	2.5597963
-3.8170242	-0.5041894
-14.224777	1.6857355
11.100174	4.289161
-5.6588745	-0.70117307
4.270105	4.8192987
9.90586	16.390387
-3.7575464	12.533121
12.337509	-11.687267
-15.688907	-0.21658471
4.9760666	11.637705
-21.588095	6.225494
2.4156065	-3.2940872
-7.883278	-3.4720602
14.270243	-1.3096247
-3.1954002	-2.1131845
5.1585693	0.80463874
15.974937	8.590378
-1.0270629	5.4193206
12.914964	-10.0982895
-15.695339	3.269534
3.0846834	5.724493
-13.89105	6.7513385
1.5967268	-4.7780504
-10.960177	0.26065326
11.893436	-0.6352896
-6.2354164	-2.005815
5.723632	-3.4487314
13.429293	14.737311
-4.9506664	10.572044
11.463803	-11.528172
-16.29992	1.6183906
4.336711	3.55329
-16.436409	8.05303
2.6496506	-9.148348
-6.724908	-0.34865975
13.194724	-3.9760814
-1.9872652	-7.317769
4.778045	-7.5627155
13.089296	1.4398578
-1.428965	2.5983682
10.615482	-13.203369
-11.403095	1.2015011
5.259036	6.4596715
-8.941699	3.224204
-3.8816476	-4.329068
-13.146188	-0.13824248
5.060703	-2.5712783
-5.66735	-3.9511075
3.5077295	-1.3359563
11.255138	7.6668024
-6.066112	7.8125234
10.694412	-14.033224
-15.952106	0.83223933
-8.113876	9.078552
-15.661582	4.3569016
-1.6116271	-2.619295
-6.683441	0.9880839
12.533947	-3.0499773
-2.2120156	-4.351775
5.693291	-2.2658315
6.0372434	10.034853
-1.8590337	7.2670765
8.115955	-12.793093
-14.69963	5.471266
-3.3443222	6.444431
-17.107931	2.9704738
-2.4972377	-7.6626096
-11.965406	3.1360683
9.492361	-9.226223
-10.550997	-3.9070182
1.5621711	-1.9353067
10.905544	10.824194
-5.135839	1.0529752
9.742692	-12.070239
-16.368452	3.9772863
-6.288642	4.882559
-19.090569	6.609922
-2.286355	-6.1544013
-11.012359	-4.1342006
10.461591	-6.8791375
-5.6390257	-6.068472
6.0644016	-1.1313316
12.166435	7.462925
-3.4152076	8.001637
10.499612	-10.809066
-15.558461	1.2699257
-1.97661	6.801841
-14.653965	0.9888377
-1.0408382	-5.6375256
-5.7186985	-0.7985618
12.572896	-1.6932056
-4.5292044	-6.9494543
1.3944266	-2.5311718
11.496681	5.425484
-6.858285	5.427096
12.928522	-7.4743032
-13.952104	-0.14716041
1.5159101	0.5155606
-16.187729	4.073156
0.49165535	-3.2159982
-6.4118495	-1.1837395
9.699803	-3.5809698
-1.4114771	-2.824282
7.8231688	5.6640925
16.580847	16.585066
-0.94772804	5.7795267
14.1285515	-8.19423
-11.818197	0.6566924
5.3081107	11.679444
-6.168458	1.954685
3.6097698	-2.5311024
-5.16487	-1.1944976
6.910701	4.6556797
5.3768635	-0.55104685
14.607901	8.968138
1.0515246	6.9055214
15.64631	-9.325368
-11.424772	0.2591246
-0.56280506	12.305262
-9.776209	-1.3012227
-0.37837577	2.97877
-10.532946	7.1864614
14.032003	1.9386783
-5.094122	5.2030697
1.2781171	8.369723
19.95976	23.439756
-1.11766	12.297939
11.308695	-5.2847104
-11.749964	8.231013
2.344226	19.76214
-13.249525	17.708183
-5.00523	-0.8436204
-8.820206	-2.4716787
9.985136	-2.5143926
-3.0746226	-3.0595696
4.914906	-0.37118387
17.048471	11.479334
-4.422502	3.0009134
12.511307	-12.63509
-14.088558	0.7731441
-7.244976	9.5324545
-12.17177	3.7047317
-2.123813	-4.492342
-10.39471	-1.6316016
12.274894	-0.8073406
-5.2204914	-2.978098
3.9304857	-0.19806808
10.285517	8.314537
-2.6743202	5.76062
10.069119	-13.658395
-14.076378	8.001044
6.1038237	-4.0989723
-13.489561	2.5947855
-8.031485	-4.9331822
12.312695	-8.942436
5.3286486	-6.1844487
12.431711	5.7430553
-3.1070375	3.3684156
-13.335665	-3.003529
-2.280104	3.3948882
-14.0852375	-1.1756907
-5.259258	-6.017726
-12.369889	0.5262634
14.951567	-1.838834
-5.8447394	-6.7846394
0.9278128	-0.3036274
15.120458	10.976956
-4.5390153	3.0423768
11.812807	-9.088802
-16.353897	3.9080389
1.8300396	2.369363
-19.227486	4.375776
-1.5970894	-6.3445034
-10.270875	-5.383218
10.1435585	-1.0320921
1.8491681	-1.6770152
10.391858	10.276664
-4.648103	0.7772565
12.5559635	-15.539081
-13.8903055	-3.1224458
9.568522	-0.80699325
-17.544155	1.1913676
-1.5996506	-6.4452057
-11.768943	-1.5734658
13.891544	-2.6815126
-5.388669	-6.951242
0.63477325	0.90881866
14.0071945	8.43507
-0.18754816	4.6574326
10.379262	-13.773417
-16.000668	-1.1419961
2.7173958	-1.2812328
-15.312433	4.45237
0.42284214	-6.687511
-6.608714	-2.3467474
14.633638	5.1033554
-0.97566664	-4.094516
5.73108	-3.97406
15.361057	6.4780602
2.688475	5.3402953
13.153289	-15.434198
-13.493567	2.0035617
-1.3553922	10.57054
-11.932461	4.9203835
2.2076259	-3.7277417
-7.916541	-1.0031
16.924782	2.441716
3.9035103	0.86349446
10.385555	1.9851341
13.035788	8.514143
-2.6228042	7.62653
16.953331	-9.284185
-11.22918	3.0791798
9.808287	7.9654837
-12.006376	4.696935
-4.107401	-2.2058742
-10.597962	2.774283
14.894976	0.31730998
-2.4834313	-3.667432
3.326259	6.7016335
15.165846	14.0948
2.030779	9.929541
9.975718	-10.861327
-15.654032	4.7740936
2.0841146	9.830952
-16.973969	11.420616
-9.3442135	-1.98578
12.67716	-3.898273
-0.5381312	-5.92649
12.230028	9.212698
-0.6263528	3.533564
8.581463	-17.514362
3.6789727	6.372938
-16.976894	3.6888895
-1.8280337	-5.525804
-10.628703	-0.4034531
4.5591307	-0.02508974
10.925409	5.320606
-3.1607442	3.185625
11.613857	-13.630966
-12.206456	2.4260101
-7.575817	5.7186637
-13.142622	8.004386
-2.580925	-9.653372
-9.765406	-5.2268543
7.6263633	-11.001948
-6.803518	-7.3223233
4.303442	-7.610422
11.730293	3.1422997
-2.8458056	0.57819605
7.3000402	-20.802856
-15.154245	-1.6577868
-3.168879	-1.3635354
-13.228888	-1.2598588
-5.9986234	-8.174486
-6.621715	7.104048
11.491064	-10.306025
-12.535571	-7.5972137
6.787735	6.8101087
11.592108	11.758488
-8.379697	9.569684
5.7044277	-20.682587
-16.086412	0.53217596
8.423093	3.9549215
-15.515022	4.518103
-0.9816333	1.0550773
-8.4678955	4.3148007
12.497599	5.5027094
-1.5732042	-0.9047637
7.336254	12.533739
15.628723	15.249899
-1.7115762	12.140722
13.191057	-6.6643934
-10.580581	4.8997793
4.599975	8.338583
-12.416178	10.164046
-4.017723	-5.3099256
-11.712912	-4.131506
10.537073	-4.0822306
-7.880563	-7.9785023
-0.15727267	-0.82785857
12.862386	14.162061
-7.8282943	3.6083434
11.362202	-12.214805
-17.13052	-1.646138
-0.35325584	3.5273247
-20.299896	0.28994322
-4.7192583	-4.129968
-10.424279	2.6739836
8.656744	-3.1925392
-6.6631517	-3.3156085
3.7224002	5.985612
15.503712	13.257218
-2.0049417	9.523976
12.140747	-9.415456
-14.456316	5.062064
-4.6523337	7.626991
-14.262069	4.277323
3.0390213	-2.2678404
-6.3042645	-8.855076
13.653872	-8.330523
4.941982	-6.7025285
15.4205	5.685648
-0.6843064	-1.1570716
11.306938	-11.87307
-12.455004	-5.2585173
0.5780128	-1.505019
-11.68873	-1.101675
4.126996	-9.042006
-8.213407	-8.349742
10.119368	-3.8926654
-3.8682342	-5.003097
6.146859	-5.4369373
11.798818	2.0464568
-3.5009649	1.7598952
12.6370125	-19.396599
-13.451559	-3.012048
0.8481686	-2.2074988
-7.3654494	-6.949649
-11.493152	-3.180667
9.990116	-4.2019014
-10.916732	-6.558923
-0.81204545	-1.0071293
5.4031773	12.319619
-10.914824	10.438433
9.473447	-17.980148
-18.481878	-2.0010173
4.5414076	-0.20440865
-16.683163	2.5133533
-3.4694893	-11.396198
-9.072811	-9.474504
6.990141	-11.370864
-4.985074	-11.800487
-0.62008667	-11.124843
5.202442	-4.0281506
-8.726936	0.11476731
5.348739	-18.779139
-14.499398	-7.40312
-5.111738	-2.8070438
-17.28872	-2.548606
-3.1949413	-7.73378
-10.675658	-3.324432
8.307319	-6.0462017
-4.1882987	-6.967461
3.0431616	-6.800565
11.1411	-2.9419131
-2.588975	2.1331291
10.763916	-16.589016
-18.123398	-0.6937995
-0.03475207	-0.98788476
-17.57452	0.87582827
4.4401255	-5.6871386
-8.102183	-3.9230113
18.399055	-0.50308573
0.22254038	-2.54891
5.8535705	-5.1691256
16.808077	7.686238
-1.9626796	1.9257096
13.703621	-13.452791
-14.789241	-3.2660012
4.4646215	-0.014416456
-11.383972	-0.049905777
-0.36934686	-10.299264
-13.195303	-4.9626737
9.069979	-2.3590794
-4.113366	-6.7275043
3.256812	-1.3975856
8.330183	11.553112
-4.418646	9.489706
11.226833	-10.970089
-17.533033	-1.732424
2.4082127	3.5193706
-19.116148	3.2798555
4.0584364	-2.0896292
-9.098776	3.1157503
17.389729	9.334213
-0.10588217	1.8805782
9.097704	4.83744
9.887705	14.263102
-8.8859005	12.756088
14.837631	-7.078851
-15.704162	6.3836675
13.705659	-1.5472202
-15.738041	8.063501
-1.5987126	-3.8956516
-9.817633	-3.3996243
12.098295	2.1615222
-3.9589648	-7.767119
3.9641397	0.9518146
5.5541096	12.893211
-6.12108	4.7247076
10.551611	-14.301832
-14.319599	-4.2563596
7.4776	1.930347
-14.53926	3.3117023
10.106811	-9.020704
-5.230312	-3.1766455
15.990351	-0.9883795
3.3332975	-4.4210663
8.750994	-6.8474846
10.494831	1.6167147
5.9462514	-0.06411579
12.596641	-13.147692
-10.425021	-4.3648434
2.1669455	-0.89473975
-13.547273	0.73918104
2.5534155	-0.69712776
-8.935378	-4.9186444
18.470789	9.192313
0.9135177	-0.019979358
8.908102	2.7678208
12.485684	13.704309
-8.129949	1.0763001
15.135053	-8.247443
-10.262795	-0.85101604
14.243118	2.1094148
-11.338074	3.8264122
0.3549435	-11.307654
-10.976221	-7.33623
6.170544	-9.054276
-3.330855	-8.465442
2.4743564	-7.362267
2.9470565	4.3823247
-5.1374025	1.4846556
7.1645	-17.69814
-11.821711	-8.551973
1.5129528	-0.7784698
-13.802831	0.3050952
6.2092247	-3.1627998
-4.6849766	0.7521653
15.667513	5.692881
-2.6767364	-3.1201198
3.9973252	-2.328375
12.174639	9.040273
-2.0606322	5.002914
16.041113	-9.510454
-12.561405	3.6314433
7.794352	8.504236
-11.652403	5.8536963
-3.8327498	-4.828718
-9.837323	-1.4098405
13.165952	7.12895
-1.6984296	0.6540037
5.4312053	2.3117292
7.583185	13.429371
-8.142753	6.367429
18.050928	-5.7034683
-14.072662	-1.8939116
7.761825	8.7111635
-14.512346	9.613289
3.4688563	-1.6291803
-8.9819975	2.6960416
16.833166	11.366834
6.235946	0.18139088
6.366765	6.0145407
7.091302	16.083986
-2.7723866	11.060688
14.734628	-5.1635275
-13.371157	2.0851808
-0.4694196	2.5364108
-13.0732975	8.109667
2.2086215	-12.288477
-11.660193	-4.7556157
10.335039	-10.829265
-3.3825302	-9.018004
4.297297	-3.485549
13.599758	3.1138422
-3.85162	2.532535
10.927795	-18.573479
-14.674504	-5.7293124
3.9318762	0.06275892
-14.785252	-3.134575
-0.5564382	-5.309264
-8.826323	-1.9426711
16.236279	6.656314
2.3286762	-0.9103918
3.7877731	1.58711
9.462372	9.337276
-7.6708937	1.0324391
17.865484	-9.87446
-17.40287	-3.7167108
2.6560802	6.110033
-12.653757	3.885007
-0.9394555	-6.3424506
-11.361036	-1.0158812
12.613028	0.3307736
2.9093313	-4.3826714
1.3131933	-0.7770978
7.917165	11.046774
-6.9815826	7.664171
8.620487	-13.040619
-17.914974	-5.281384
-0.5082802	6.4987054
-18.564362	-1.4741836
0.40880328	-2.4169242
-12.327425	4.730121
14.076187	1.408173
-1.0795217	-0.31921303
6.2966404	0.49498552
9.873749	10.352871
-5.4922934	10.518221
12.663217	-13.831578
-14.24547	4.22622
0.71298873	6.251956
-14.829107	5.6165905
3.8844774	-4.080551
-5.842578	2.9113069
14.080282	3.3238373
-0.038356066	2.6045213
14.047421	8.543752
7.9520273	10.825784
-0.8901632	6.912629
15.784174	-4.296255
-8.100165	5.589538
0.43995717	8.495593
-8.883713	7.2074223
7.4828587	0.38634163
-10.24169	7.239504
14.666372	-0.29426175
0.714066	4.7297654
8.459044	5.9145465
9.12431	8.794498
0.54949903	9.095393
16.698994	-5.9193788
-13.512073	3.870083
6.415055	6.0112314
-11.186148	6.0006742
5.321242	-5.6796775
-8.975592	-3.5079973
15.617041	-0.25227225
-1.8533707	-6.52439
8.765476	-0.74104667
11.777294	3.5588973
-2.9565308	5.479574
14.308364	-12.650478
-14.30847	-0.7173327
8.929586	6.4295344
-17.202372	-0.9316292
-0.16605496	-3.7644615
-13.489255	-4.8984213
11.044443	3.9968288
-3.7044787	-0.94360924
1.666673	6.2572665
5.9469175	11.965142
-4.0246024	7.652896
13.695683	-6.2784986
-18.004751	-1.3939822
5.8580523	0.81194186
-20.006317	2.4978504
-0.5483867	-6.9240847
-11.399983	-4.8682766
10.155325	2.3482428
2.2104917	-3.4296224
3.8062935	-3.4394674
1.50718	10.455254
-6.635623	0.21326184
15.044649	-10.407163
-15.118372	-3.8724692
7.935936	-2.5345316
-16.720013	0.5272076
2.4626737	-3.3181112
-12.183984	-0.5494857
14.2412405	0.64561856
-1.5391388	-3.4386082
7.116685	-1.1434435
9.814423	7.4968314
-7.8915405	14.627421
18.224365	2.6110578
-15.602322	1.9476247
2.439269	12.752065
-16.171925	7.5198245
5.301358	-8.58145
-0.98944044	-3.4273634
12.160958	-1.7207537
-0.6159657	-6.068197
7.338524	-2.5219643
10.750081	2.6461952
1.3977424	2.802479
15.84708	-9.85843
-8.534573	-4.588715
5.0134835	0.51409686
-9.013829	0.8958669
3.220761	0.008130431
-7.4083934	2.1653924
13.109164	2.9274383
2.2719023	2.8307004
5.0363817	6.0031576
12.35111	18.72803
-2.564457	7.1756926
11.491404	-4.650258
-10.943386	1.6603708
-4.0759225	5.718169
-12.407259	5.316274
3.8620155	-7.300314
-4.045409	-0.7263148
11.628326	-0.5173532
4.7417717	-5.0095625
7.4777484	0.39576024
7.336838	8.478994
1.4400584	9.471062
11.101615	-15.578535
-7.8191867	-3.254797
13.200524	8.7672415
-6.3342733	2.2108858
-4.6755457	-3.3384037
-11.557393	2.3930383
15.275402	6.0247474
-5.8866463	-0.8699049
-0.061724305	1.1442006
12.5125	13.555498
-10.20323	8.982744
8.029377	-14.171071
-17.227583	0.061562777
-4.2496047	11.547665
-17.913475	5.2340374
1.1257609	-2.5773287
-10.530358	-2.5853558
13.215914	-2.5657077
0.22602734	-1.0293825
4.4315095	3.8691459
8.784912	14.595622
0.59174895	7.3588533
11.723972	-11.8775425
-13.301022	-0.4909371
6.225252	9.284709
-17.611046	6.024136
4.5575256	-1.0563037
-5.7841606	2.973032
11.600473	-0.77449876
-1.4411135	-0.44323552
11.751156	8.492502
13.40327	11.996393
-5.202959	7.2051787
19.128477	-0.93987274
-10.844986	-0.84872735
7.6251535	12.450931
-12.932856	9.495306
-1.5085051	-5.508915
-9.78572	-3.8759296
11.146381	-0.7376776
-2.184044	-1.8366706
6.857134	-2.0386333
7.195145	15.03616
-2.354675	9.584535
13.769175	-14.120642
-12.986269	-2.7939677
6.939569	5.43028
-16.027464	-0.7309489
-6.6534777	-5.1460676
-14.589823	-0.027679447
12.053682	-0.59728974
4.985624	-0.011424184
7.0888953	18.32469
-6.632843	11.173954
12.43797	-12.322967
-16.641026	-3.0553067
0.18616813	5.4189334
-18.92868	5.372138
3.1292434	-6.0092583
-10.486321	-4.4371896
16.369728	1.6161101
6.183926	2.3498187
17.520798	8.14234
-5.544937	1.9440099
12.439672	-13.690098
-12.832987	0.04162419
2.0935097	9.236355
-14.046635	7.9423356
3.9645224	-8.158745
-10.195889	-2.701663
10.397851	-3.3167183
-6.4792404	-4.499681
4.8709183	-2.634464
13.127655	13.357382
-3.244062	7.7169404
13.5756235	-15.20753
-15.901575	0.5879877
8.617176	9.410366
-14.838083	6.893748
3.5879626	-6.821271
-5.8908777	-2.7113502
12.532189	-5.5710287
-1.1595333	-4.18344
5.6057262	-5.3371716
15.403267	1.5770385
1.1388335	3.2461743
10.666407	-10.418449
-11.9397135	2.7839231
6.346052	2.3489563
-9.834791	1.8516016
-2.576819	-3.8660917
-12.57172	0.40896878
10.826153	-2.386395
-8.8438	-4.2932615
3.288296	-0.46300417
13.135985	15.6593075
-5.3691306	9.971948
11.472438	-13.247324
-17.075855	2.133067
-0.4659032	7.656556
-18.305721	3.1175172
-2.7997818	-5.5633006
-9.639878	3.3917055
14.759813	-1.4783763
-2.054479	-4.456053
7.5337324	-6.4307375
8.236264	13.1331215
-3.1308403	13.579125
9.847928	-13.501448
-15.153677	4.848986
2.3066282	5.183664
-15.843513	8.712424
-3.1652236	-2.757966
-11.870426	5.327958
10.826229	-0.76011413
-9.410095	-3.5782757
1.6581073	4.8654175
12.183477	9.830466
-7.8760986	2.854574
14.331875	-14.0577345
-15.749163	3.6728895
-5.595813	4.6263356
-17.35042	5.175453
0.25388503	-7.4036975
-13.232002	1.0516187
11.603866	-3.4531915
-5.2824054	-6.451775
6.201666	-0.14621812
11.563201	9.912997
-3.09838	12.951599
9.697839	-13.412319
-15.227106	1.9837928
-4.630488	10.938925
-14.427904	4.4382052
2.2891543	-4.549741
-6.316351	-1.5304927
11.915997	-0.2379857
-5.834007	-1.6719117
3.082573	-2.990316
11.556765	10.278948
-5.675426	4.612008
12.443393	-9.73443
-14.555805	3.6150348
0.66619647	0.14731622
-16.931421	4.115505
1.3934051	-3.55044
-7.8844705	0.09830797
10.943686	1.1318495
-4.9092984	-3.160686
8.117594	5.217382
14.315069	10.418417
-3.6426163	6.7454944
10.745349	-6.1103754
-12.69565	-0.5842259
5.306182	9.108607
-10.88036	6.1897573
2.6003947	-5.016243
-5.685242	-0.25987935
12.284367	0.47414917
-3.4122322	-3.910045
3.9248624	2.1642277
14.63014	11.968867
2.8220835	6.843829
14.078646	-8.827807
-9.726879	-3.3207011
4.85918	5.291442
-12.731461	2.122339
0.5646397	5.85167
-8.821388	6.8191214
13.074976	3.0565777
-1.5536602	7.726515
4.129197	12.623846
19.497957	22.729681
1.5010624	13.7227545
11.287746	-2.0447383
-10.135651	13.316401
2.7288387	16.266573
-14.6487255	13.8315735
-1.3787401	-5.113619
-9.814155	-2.822863
9.574476	-2.5963988
-3.4969501	-3.7222176
6.2845626	1.8737732
14.395074	8.310143
-0.40255737	5.4754
13.974357	-10.860456
-11.4066515	0.58593047
-1.7202687	4.7984495
-13.575674	6.133388
-2.3069978	-5.75636
-8.809365	0.8774748
9.730816	-6.5548315
-7.6656322	-5.4598427
2.4849687	-3.6330097
9.860474	9.426191
-8.394144	0.5470047
11.249348	-11.420689
-14.487982	4.9723773
3.9336052	1.6315442
-14.2731285	5.1447687
-11.063722	-4.7623806
11.173656	-10.245056
6.3384466	-6.654343
11.468272	4.20575
-1.5487041	0.52556586
-14.008104	-1.433138
-5.1812325	0.6260557
-15.465481	0.8196044
-1.7150213	-2.55108
-9.964931	1.9611566
13.50836	1.5537524
-1.3847785	-3.0962813
4.1061926	0.55258334
17.392492	15.5752535
0.37395525	11.1739235
12.617199	-8.169002
-16.108435	2.9876914
8.851008	2.260521
-17.867937	7.2270083
-3.4346604	-9.778644
-11.725188	-4.23527
11.94896	-1.5164682
0.3389786	-4.5438523
12.092661	9.416661
-3.9485676	-1.1840391
12.817398	-14.465326
-13.525442	-2.9317446
8.118084	-2.878674
-18.1988	2.5918763
-4.2651334	-6.6481695
-11.736102	-1.085244
9.611192	-5.467419
1.3792204	-1.0159707
12.731709	6.3936462
-2.4739988	5.010033
10.309103	-14.973305
-14.789408	-0.0137887
-4.735722	4.867419
2.2316155	5.5442896
0.47752512	-8.2771015
-6.188102	-2.6663651
11.321624	-4.425659
-2.917142	-3.526607
6.475497	-2.7449117
14.699869	5.7369614
-4.49745	7.0316877
11.880096	-11.362468
-11.02185	-2.3283792
0.5503125	6.8243527
-10.141157	3.150903
7.291634	-1.9125773
-4.3963447	3.711927
14.432039	0.8931374
1.2046397	-0.44199038
11.855452	3.368195
13.828649	9.983338
-2.1450267	6.889721
16.296034	-10.271761
-12.227808	4.919114
4.1532984	7.578107
-8.570206	7.1504245
-6.1776633	-1.409632
-8.262746	0.9661374
12.116621	1.2932743
-5.248193	-3.7234635
2.5780694	7.3932214
16.991436	18.29647
1.6272736	15.888582
12.590943	-13.685693
-14.710116	3.488524
6.174943	7.2305202
-16.547096	10.176804
-0.68144226	-8.842738
-9.374588	-3.7267208
11.317534	-6.6692133
2.4782608	-3.7437086
11.646982	9.2995615
-1.833879	1.313108
11.626793	-13.627889
4.3267336	2.4726543
-14.752509	5.2322764
-2.078745	-5.015305
-8.806532	1.300168
10.565543	-5.903666
4.6069946	-0.3155477
10.739822	8.792849
-4.5914683	5.1043377
12.457703	-12.253187
-11.105673	6.476597
1.2906029	1.0498579
-14.614761	3.8422308
-1.1490883	-10.966047
-10.088686	-8.30274
7.3151712	-10.670731
-6.8463593	-7.8951273
4.467912	-8.145361
11.695309	0.48748475
-4.7506776	0.6748278
10.257255	-17.995253
-13.376055	-4.0024714
-1.6359484	-2.850822
-13.796147	-3.6937633
-6.310299	-7.6847773
-14.030902	7.349189
12.488095	-12.717791
-11.82494	3.3896558
2.1482124	-4.853849
10.628185	14.121309
-6.744218	2.411531
3.7482648	-19.4884
-16.949678	-1.6416662
-4.764804	6.483843
-19.319984	5.8185554
1.0529034	3.5459445
-3.784943	3.2165666
13.019378	3.5519576
-4.463891	1.6005032
5.406667	5.312069
12.854539	20.911617
-1.6045742	11.997645
8.063986	-11.313344
-14.30655	6.1487393
-2.317079	11.02898
-13.164901	10.274078
-4.213781	-6.959239
-12.263856	-2.871292
11.578348	-10.855871
-7.3509173	-6.247364
1.8235674	-1.2380841
11.999233	10.44429
-8.354031	2.419498
8.811875	-14.059241
-17.796778	-1.6597831
0.8829783	2.0127118
-19.664564	2.0261698
-4.4228325	-1.3110492
-6.586053	3.2325463
9.360565	-0.28421608
-6.2886086	-0.6325611
6.0550833	3.8378472
15.972229	18.810215
-1.5498304	14.735875
11.345171	-9.440216
-14.835103	7.887574
-2.6253247	13.12056
-12.552454	7.313176
2.1729336	-6.798255
-10.058007	-5.4462757
14.437852	-6.5508327
3.0125413	-6.1918535
16.33659	8.903775
-4.9400554	-0.07124257
11.112984	-11.046425
-13.858221	-5.5818043
0.7210927	-1.0944674
-12.376221	-0.18956947
-0.026269436	-11.187914
-8.710699	-6.7579374
12.271711	-4.4681735
-4.011689	-7.4096084
4.432794	-5.6389093
12.117107	3.465581
-3.2611535	0.23330581
12.783177	-18.567856
-15.401827	-4.2275248
2.1548257	0.6714015
-3.1149173	-9.351115
-9.642811	-4.1314387
12.491686	-1.7221731
-7.3441424	-6.8669763
-2.4064815	-1.3390195
7.5116196	15.116359
-9.957671	10.462246
11.291483	-20.732513
-17.854033	1.4529368
5.248347	0.00954628
-16.64215	3.7322783
-1.1970553	-12.860603
-7.296002	-11.095491
5.854422	-10.497197
-4.986503	-9.825964
-0.20037365	-9.650136
5.1771126	-2.4378088
-6.1486826	-1.7683284
6.0284185	-19.730858
-12.092253	-7.3478737
2.5331895	-16.54399
-17.307259	-3.4961092
0.79452205	-10.034646
-9.751506	-7.621008
10.09554	-7.9645114
-3.4951103	-7.780241
4.402953	-7.440882
6.7612753	-3.4365664
-4.7100563	-1.557514
9.769342	-17.49067
-15.74964	-3.3856463
6.3089633	-8.590631
-16.057518	1.8999958
3.8374758	-8.457052
-6.3801084	-3.6910772
16.183567	-6.4312787
-0.9495026	-7.607671
7.95435	-3.5328872
13.939428	5.872857
-3.2984815	-1.2349482
10.863522	-15.453339
-12.38106	-4.4665837
2.0158412	-1.8695645
-11.32889	-1.4117126
-0.94886804	-9.093746
-11.131205	-3.030264
7.865349	-2.7222197
-2.8277633	-4.427818
1.9204597	-1.9187598
10.331887	14.682149
-2.9051485	9.496245
11.734072	-10.508944
-15.268028	-0.620108
1.0630554	5.527792
-15.520927	1.6063745
2.6701705	-4.5278163
-11.364687	0.45939508
16.677258	8.120597
1.2429624	4.6264553
10.172139	8.301665
10.328585	16.729696
-10.956928	11.91632
17.19703	-7.1302824
-17.912699	3.867546
10.613417	9.255072
-17.345669	8.09173
-5.2629104	-6.131591
-9.592455	-4.523844
11.506392	1.2876933
-5.7473154	-5.2649984
4.138427	-0.28095526
5.793457	13.07844
-7.850239	-0.44570112
12.47916	-9.612098
-14.052346	-3.9311953
3.6281316	5.2089596
-15.164984	0.2889905
4.9100547	-11.373983
-3.4473019	-6.152832
18.301945	-2.0577369
1.8117256	-7.1692805
8.319028	-8.568063
9.434251	5.982014
-0.99913013	2.0664895
16.107063	-12.808769
-8.264129	-7.6101413
-4.8760076	0.9275384
-11.982813	-2.795767
2.6729126	-0.54314554
-6.7098546	-0.8549179
17.082424	6.64266
3.7637506	1.0529386
7.9805274	-0.6766058
15.269602	12.366829
-5.0964904	1.8662779
16.26943	-5.3331923
-7.038219	-2.8847737
8.82666	8.664269
-6.441338	5.5032015
0.93780184	-13.72049
-7.7809153	-4.7203364
10.186872	-5.978525
-2.4764628	-7.9027514
5.837206	-8.684908
8.240053	9.367902
-4.0649514	5.4188185
8.68233	-15.9543
-14.185827	-2.9245205
11.808294	-0.99369097
-13.780991	-0.4671142
4.632145	-6.534391
-7.97282	-1.3206947
12.705937	1.5652578
-3.4238133	-3.2566519
3.8710382	-1.6954728
9.833576	9.018141
-4.067958	7.1859946
14.691023	-13.901518
-12.143743	3.4778883
7.7636814	5.155771
-12.588291	7.848341
-0.48494816	-2.3186836
-12.356396	-3.8221803
18.740166	6.8491573
0.8218217	-0.70037425
7.28445	3.9426713
7.540933	10.88944
-3.6787918	8.688527
14.290655	-11.687836
-15.113651	2.1710756
17.899168	1.7966442
-14.23978	5.587062
5.8189154	-3.2037795
-8.741747	-1.2787406
15.464703	9.137135
3.3031402	1.5821146
8.799691	5.9520283
6.5277014	13.815886
-6.1358833	9.089289
16.93304	0.21364427
-12.041327	0.8798666
2.2703598	5.2981553
-15.593755	6.1876664
-0.110323906	-8.576998
-11.958215	-5.554768
8.412325	-10.756768
-4.7466593	-10.866538
2.4553218	-5.268232
9.562822	5.1500344
-4.7449617	2.0570693
9.717929	-19.932808
-13.296888	-4.4059377
8.702015	-9.2402115
-15.671434	-2.9455485
-3.1108532	-7.0883384
-10.384496	-4.675239
14.713942	1.9030083
1.3665682	-3.8898046
4.259386	-2.4418592
9.790772	3.5973153
-6.5243545	1.1163825
15.4793	-11.229524
-19.06974	-1.7421737
0.21896517	0.04797697
-13.689808	3.5147977
-1.7471504	-6.202279
-7.942381	-3.3137183
13.847971	-0.6937811
1.819408	-3.1408772
3.81312	-0.7826187
8.608507	6.4430676
-4.5405393	10.535922
10.322592	-14.24621
-17.370232	-1.3160591
3.3812861	4.5870447
-20.175753	-0.16212773
1.9341583	-1.7631575
-9.343097	-0.9951831
12.835393	1.0362692
-1.1198528	2.0541472
6.066722	-0.15272456
9.748613	11.550608
-7.795053	9.820571
12.281456	-11.204628
-12.751881	-0.91671467
3.5894794	3.8473177
-16.696156	6.9592524
5.855163	0.3813585
-6.7307415	4.5646152
17.696335	7.7324767
1.1667013	3.650746
12.936251	8.730697
8.582576	18.820621
-2.5389667	10.007132
14.197681	-2.9041953
-6.506708	9.037959
1.4506533	11.526794
-6.7541595	10.629523
1.8231283	-2.5908017
-5.9302835	2.517253
19.71986	2.8119366
-0.7493677	2.2662714
8.630442	4.2287555
6.2906137	8.528293
0.97965	10.143076
14.757224	-3.9767747
-14.360589	5.296812
6.7099977	-4.395748
-9.963238	5.826001
3.7757297	-11.165704
-12.500341	-1.8329449
11.841789	-3.7425547
-3.7563276	-8.314315
6.8494225	-1.9660938
10.374454	4.43098
-5.2581577	9.023073
11.458273	-15.583685
-13.761456	0.6066361
4.6709337	2.1407027
-17.863869	2.0847166
0.05034566	-5.434742
-12.792406	-1.4534222
11.949964	6.1014767
-1.7931447	0.53567684
2.54704	1.4316496
8.949261	16.022911
-4.728241	10.773575
15.185427	-6.1967034
-14.101295	5.2001753
8.57687	4.1424737
-15.325183	5.4135194
0.7795216	-6.806534
-7.8808017	-2.2028196
9.51935	1.4477534
1.5920894	1.7580773
4.7273216	-2.423583
1.6917319	14.234306
-10.125038	0.28474128
9.363333	-16.719727
-17.647408	-3.3378317
10.917695	-0.70265055
-19.59952	-0.37715864
4.76131	-7.098126
-10.064134	0.9584553
14.378391	4.158499
-1.6564932	-4.33712
1.9981551	-1.6509792
11.027165	10.85717
-6.512301	9.429868
14.36669	-10.454612
-13.824149	1.5676305
3.9963374	6.1735897
-17.66324	7.059884
5.5617127	-6.2451735
-1.187002	-4.574432
12.792101	-4.1191974
-0.085172415	-5.6014676
7.40429	-3.492073
11.382985	6.1428137
1.5138681	4.0003552
15.471203	-10.961859
-5.312835	-1.5708725
6.764241	3.389139
-9.966341	-0.056804657
2.4727976	-2.3512938
-9.268415	1.1363533
12.040946	1.6907918
0.27289462	2.0418093
6.788777	6.918917
12.595838	18.557964
0.15418768	12.8705435
10.50334	-4.6767874
-11.953304	4.2715564
-2.4269881	6.880001
-14.116119	7.240059
-0.154701	-4.9660726
-3.6238909	-2.9768033
13.110733	-1.9302146
3.996499	-2.7203398
11.03703	6.824578
11.487696	10.679684
2.9099803	9.296639
11.872713	-13.554364
-5.9193788	-0.23977137
10.728462	2.9908655
-5.522037	9.434061
-4.0929604	-6.0181766
-12.652193	0.4838885
14.048543	-0.10441995
-6.8750043	-4.4253488
-0.5762265	0.5837359
12.169384	10.62148
-11.851839	6.6548944
10.369566	-12.974742
-17.465199	0.4429711
-4.7113876	5.95424
-17.967133	4.1386023
-2.0419414	-7.4115686
-9.217487	1.455774
14.426214	-5.453214
-1.083291	-3.8374653
4.417265	6.975442
11.19537	16.718191
-3.0281632	8.577113
9.295278	-11.3905325
-12.841226	0.2612189
10.253246	0.40390444
-15.594288	7.7410383
10.265308	5.386774
-0.25260663	2.9567006
14.741631	6.6793394
3.158242	4.857378
10.427795	8.349891
15.258308	12.570781
1.0004578	11.808919
16.674644	2.430367
-4.38795	3.4096904
8.756047	12.177261
-8.583696	8.4566345
-3.7116778	-9.329688
-7.77425	-7.672633
9.462344	-1.0164936
-2.4230115	-6.6606526
6.55756	-5.8128614
6.99222	9.865792
-4.7939663	8.1329365
12.215012	-17.592743
-14.107538	-3.5014367
3.2728126	0.17847878
-15.418647	-2.9141726
0.7434089	-4.8356433
2.9267106	-9.9103565
-9.881634	3.1343296
-5.6912203	1.1671075
11.327498	-2.1906848
12.9237175	-1.0920312
-3.3379545	-1.9786267
-0.7032794	-4.2724705
5.4884844	-3.0947216
7.1856914	-3.526997
12.165808	1.0987955
10.798168	3.871719
-5.568202	5.151711
-4.1687245	2.625296
12.288122	-11.987547
14.811069	-8.817415
-12.686558	7.120719
-13.47434	7.070382
4.165271	8.063433
2.4323988	10.452078
-14.43255	10.260933
-14.371096	3.6646595
-1.6202589	-2.6325634
-0.85300136	-3.776951
-5.05615	1.0668051
-6.090489	-1.1732547
15.771634	2.1702514
12.741158	-0.14511627
-3.9433298	-0.22944188
-3.2767742	0.51827097
2.28493	-0.3613438
2.7046378	1.0215677
17.491762	16.503315
17.56042	12.189794
-0.47142148	11.32749
-1.3250502	4.4142747
9.8104925	-10.427752
9.676207	-8.247906
-14.913522	-0.4225955
-14.401739	3.842138
-3.1579144	8.208086
-3.7296648	6.4532776
-12.221445	2.6552398
-12.01141	0.69274354
-0.09111738	-4.479801
-7.976496	-0.6717107
-9.48682	0.59180504
12.893539	-5.8813195
14.026873	-4.5522594
-9.364062	-2.2323012
4.144968	-2.113999
5.5946193	1.2364066
17.86403	12.360256
16.342695	13.363517
0.01327157	5.5027494
1.5267512	2.9858599
14.754269	-11.342781
10.313544	-12.590017
-13.846853	1.9791886
-12.013334	1.4581878
-3.8108811	3.4175262
6.5116673	-6.1432076
-14.774618	4.94134
-14.040958	9.62856
-3.2240362	-5.4132996
-3.9779487	-3.6490316
-10.26588	-2.2093956
-10.580545	-0.49919498
9.234018	-10.289576
12.579136	-1.9835768
-3.4253776	-1.0707655
-5.5846825	-0.4673357
5.2657123	-1.9522486
3.5732539	1.5373033
9.207004	4.258474
11.934723	3.0949986
-1.7655513	7.394334
-3.5734797	11.142672
10.30876	-10.595531
7.917309	-12.324842
-15.03821	0.023063898
-13.696396	0.5411873
2.9010046	4.0302153
1.3240291	6.278231
-16.207485	5.8508234
-18.654795	5.642538
0.9345981	1.9943479
5.0239143	-0.2601471
-8.987534	5.819795
-9.520096	8.484418
15.012907	7.3892264
16.110739	10.537603
-0.63686776	2.2908974
-0.33567142	3.520372
9.071304	5.0222692
8.166695	9.615023
15.673192	13.860493
11.214426	15.394301
-4.3360415	11.2976
-3.2683797	11.366001
16.787544	-1.6830864
17.697342	-0.6448765
-16.220032	4.202721
-13.701259	4.607167
-1.6767116	15.41505
5.719324	9.771618
-5.485016	14.313789
-10.511696	16.263004
-1.8029224	-3.2080672
-2.900791	1.1708329
-12.395147	3.661758
-8.9442835	6.9323
14.13224	-2.9750307
11.3753605	-0.46435353
-8.240474	-3.8304632
-9.9215555	0.88147223
1.2503767	0.9008452
-0.37366974	4.8267136
14.032062	14.0511055
14.979704	14.582601
-5.252454	12.373505
-4.825741	16.172037
13.816629	-9.53564
11.35055	-6.6457577
-12.456207	7.609823
-19.358223	10.154001
3.4742277	7.092616
-4.072675	12.112064
-19.176708	10.616407
-19.686172	7.1724033
4.0558043	3.4983656
2.9666777	3.9588025
-11.885052	1.9071107
-12.448239	4.9995275
15.989355	8.989329
14.659838	9.104685
2.489468	1.4987969
1.8451978	-0.20877177
3.2675514	5.760897
5.2689943	5.980115
18.44607	17.213676
12.688234	16.569632
-4.18529	13.41976
-2.6355739	11.818721
15.506618	-1.4652019
11.523345	-0.69963884
-14.176234	10.642362
-16.530224	7.3137846
8.220403	10.628139
5.343282	8.332489
-14.682544	8.935632
-15.125431	13.534927
-3.9152555	-6.089005
-2.9199023	-5.3998694
-9.311419	0.013223665
-8.597962	1.2592058
12.737495	-3.9065318
12.598349	0.5584875
-5.8283176	-5.3320446
-5.7509174	-4.236111
2.3123515	-2.8773322
2.5684452	-2.433265
12.251223	10.472124
15.080072	12.532878
-0.9165244	7.133566
-3.3934405	3.8279355
10.2211275	-11.312105
12.230595	-11.837063
-15.152222	3.7803426
-16.022587	5.96955
3.485373	7.774291
6.820509	2.8746347
-15.13011	7.4826903
-15.946104	7.50539
-4.857778	-2.6835306
-1.2037954	-8.162781
-10.3915	-4.3744707
-9.378381	3.3760586
14.434725	-1.1128602
16.489613	-6.28586
-3.2732909	-5.643261
-5.0935974	-7.081717
6.344289	-1.8950121
5.2061033	1.6307958
13.559639	13.381329
15.584993	13.460388
-2.6307719	6.4712734
-4.528303	5.537288
12.858753	-12.647963
14.06602	-8.692008
-16.66045	4.2455616
-15.743509	5.035795
1.2765223	7.4000883
6.0229173	1.1773931
-12.555067	2.9602594
-14.723051	8.399866
-3.9613156	-9.377023
-2.830244	-9.161521
-12.259142	-5.7555065
-12.410929	-6.090403
10.703771	-2.2222886
11.661534	-0.17646843
1.5728724	-4.9544125
0.56441677	-5.845969
8.996799	5.284962
7.8568335	2.142693
-4.209952	2.7082834
-3.970231	-2.8907094
10.107359	-15.10213
9.118776	-16.79996
-15.090107	-3.3921616
-14.596626	-4.8319726
0.64924204	3.9304097
-3.6476376	4.435832
-18.443737	1.1107132
-18.318565	0.68357563
1.9013876	-9.135893
-7.345386	-0.15769026
-7.6153955	-0.45060647
10.476795	-6.49734
11.553088	-5.6030836
-4.4740148	-5.190213
6.1169667	-3.3954403
5.4709654	-4.4969654
5.93927	4.723439
9.851587	7.8051977
-5.7636566	3.0611084
-3.2757015	0.346165
14.074799	-14.037443
15.655817	-14.88937
-14.373546	0.948558
-14.530757	2.9232903
-4.412112	3.7494478
-3.994084	-0.44240332
-11.767103	3.8904939
-10.676034	4.8214216
5.104597	-4.56438
7.0600843	-4.339534
-5.3364096	0.34665182
-8.383406	0.59187186
18.99135	1.464086
12.63011	2.4398594
2.43485	-4.5226316
0.43784213	-2.5478992
7.7744727	2.0249972
8.755928	1.9785856
14.736021	5.972722
12.216525	7.884536
3.995962	8.518352
1.1020012	7.9916487
20.675035	-3.8781438
17.141209	-6.6632156
-8.222524	-0.6172999
-9.088845	0.13557799
2.5673156	11.779993
9.801874	9.154274
-6.602291	9.955961
-6.4234138	8.809178
0.11299276	-7.6879134
-5.097242	-3.4779878
-9.792015	-1.0564564
-11.345262	4.3020487
10.31657	-5.740462
13.096284	-6.4408712
-4.4043875	-4.9070606
-5.1538467	-4.1458244
4.9985085	1.1180041
3.4793692	1.3952699
15.547697	8.751831
12.556135	8.073174
-4.011625	6.8149014
-4.3409815	7.0885286
14.490189	-14.46526
14.077703	-12.245958
-15.658127	2.1261628
-15.0424595	2.2689083
1.9393182	3.5654433
3.0586169	4.1765146
-13.978006	7.7597723
-14.700386	5.88993
-2.0984554	-7.868005
-6.0864706	-5.6386833
-8.966363	0.1287086
-9.630111	0.24392071
10.405025	-3.731896
13.1171875	-1.1648918
-6.445094	-3.8559535
0.5346575	1.3016473
0.61544794	-3.3362126
13.322213	12.703711
13.737035	13.676677
-5.5312095	4.198277
-8.005451	4.4162545
12.211088	-13.977232
9.919011	-14.454187
-16.05109	-1.0695107
-16.67188	-1.0503843
4.306141	8.280471
0.42806244	9.037853
-16.387	5.412665
-16.052193	2.1466277
-1.6699233	-9.718635
-14.39438	-1.8285689
-13.251909	-1.7994637
11.153681	-6.5488067
11.498688	-9.44512
-5.3593454	-11.949239
2.6015675	-10.3193655
2.5036502	-7.359133
7.214511	-0.7109159
8.727411	-3.1176631
-8.321957	3.0551524
-7.6898675	6.6586957
10.720964	-16.55365
9.188664	-15.987778
-17.679682	0.5849111
-18.080841	2.0148044
-1.8188452	0.11632967
-0.11041796	3.433652
-17.938725	-0.16218352
-18.552044	1.9336964
7.2579722	6.605339
2.2123373	-1.4629021
-8.132824	3.9930086
-7.5150695	6.1582794
16.93269	10.210109
18.353186	2.8280737
1.2427583	3.5901933
-0.8021505	1.0604732
11.012367	3.8412724
11.055788	6.6147637
9.944735	16.220837
11.664368	17.64043
0.86600196	11.797583
-1.295758	6.5910234
17.350647	-5.866188
17.311096	-6.4163923
-14.228615	2.25146
-12.615399	4.438596
13.293894	10.419418
13.956313	11.462145
-16.132454	6.116962
-14.38575	10.522013
2.7656367	-2.5096219
-0.5528922	-5.7296357
-5.423008	1.1823562
-3.3433764	2.4197216
14.794483	1.2998987
15.389603	0.43544883
2.2794912	1.8326507
1.7696425	-1.720127
8.814511	1.5243225
8.492878	4.854313
11.131016	17.869284
10.060915	16.015938
-2.01247	8.631342
-2.443852	6.9299984
11.72476	-9.410134
13.41659	-10.052692
-9.079127	0.9351254
-9.892214	3.4778655
11.280801	11.1795225
3.8598552	6.4722977
-10.5247345	6.279355
-10.5145645	7.2658753
-1.515007	-10.356288
-7.1305404	-5.0782747
-9.587196	-7.8340063
-9.783475	-6.712723
10.897687	-0.9174205
12.040995	-0.17616498
-2.573742	-11.757896
-2.7980747	-11.67935
3.8712583	-9.16544
4.0457206	-9.2900715
10.435182	2.5866601
10.771309	4.9344006
2.9628153	4.36457
-1.3500168	1.6883905
6.9259214	-15.126587
8.56686	-13.882655
-16.919704	-5.0278425
-14.758612	-6.962773
0.62412834	0.8751888
9.624164	-7.7415094
-19.407295	-1.2756686
-17.83219	1.5116038
-2.8839755	-4.3628683
-6.5103006	-3.156069
-13.574947	-1.3671988
-11.752953	0.628057
11.282409	-1.1927301
11.982424	0.023021366
-5.04725	-2.5971847
-8.795574	-1.2429445
3.7195601	-1.1019827
0.38995588	4.7849846
10.700573	13.145903
9.060532	15.981615
-5.370149	16.090128
-7.139028	14.38857
11.80277	-11.881405
12.136299	-13.198816
-19.186848	1.8844104
-18.545847	3.9260356
-4.954093	4.637197
-2.480917	8.319073
-20.984503	5.614301
-18.609173	6.361268
3.1275964	-1.018455
4.7379637	0.7504026
-6.202403	-1.1576633
-1.2874389	2.0325854
11.52898	1.0188497
13.258896	2.601135
1.2799226	1.3564309
-1.637015	3.41368
8.136035	6.1265388
6.2077813	3.889359
13.679054	17.287169
11.194263	17.042074
1.2388909	10.451582
3.1905274	11.030517
13.004915	-6.8191657
11.05648	-7.1545143
-8.319885	-0.19098598
-5.677064	0.07846123
8.968962	12.468947
8.915392	11.999918
-1.5031872	3.3654623
-3.9627173	4.098923
11.305829	4.37675
8.347248	4.6790957
-0.052268744	6.784696
-1.1196431	7.1134887
17.028017	11.047424
22.822807	8.584248
0.99344873	4.633569
4.0281515	8.939377
5.918413	7.293197
5.698371	11.74978
16.607012	19.266708
15.28488	18.57545
-1.3133305	8.610125
1.0368584	11.455416
16.265999	3.979498
12.10359	2.9703648
-2.2286088	3.3719676
-1.23064	7.5408926
5.9986196	10.785969
9.909348	14.222563
-4.6761813	11.734864
-9.9226265	9.207707
1.743619	-7.2766457
-2.0916214	-3.2997437
-11.242407	-1.985519
-9.023657	-2.1208892
14.678887	0.054992795
19.243786	3.6643124
-1.1017969	-3.2411718
0.22741318	-2.363665
6.877161	0.14075205
4.716485	-1.6027288
15.566682	10.503627
15.381067	6.979752
-0.37293887	7.0218296
-4.3344727	5.605755
14.34173	-11.549526
13.194277	-11.356783
-15.080948	-0.4216447
-13.894983	-0.16710055
13.446634	-4.432299
-0.44496173	7.1679144
-14.448441	1.7249923
-15.463317	0.93442774
4.7388377	-2.5446227
5.5787206	-3.459532
-7.8992076	0.68256176
-6.446759	0.6446399
11.259588	-5.935177
10.541622	-3.5869997
-1.5529559	-4.794769
1.1277423	-2.8719106
-0.61646104	1.201324
0.8332139	-1.4290285
9.596796	3.9038463
8.953811	6.2082224
-3.4457862	7.689451
-2.2934654	9.3538475
13.64379	-11.297424
12.580631	-13.81599
-10.652136	2.4062557
-11.612942	1.3137392
4.4945006	7.96939
0.34206438	3.934083
-11.556591	5.877584
-16.723001	1.7128749
0.73637414	-5.268283
1.4749649	-4.561918
-6.0412817	-3.5571866
-6.031107	2.427872
16.74033	1.8786032
14.559862	0.57021165
0.23644876	-0.20021957
0.29259646	0.5379979
6.767775	1.8447064
7.5878744	8.022264
11.765965	17.643232
10.263629	21.094944
-2.6297274	9.417166
-1.9274704	9.952305
11.780663	-7.952771
13.598192	-7.114771
-14.956148	2.4657214
-15.502095	1.0418184
7.7007794	7.229809
0.6254399	12.237713
-9.18488	4.5288677
-8.921098	6.053302
-2.1187232	-4.972559
-1.8965406	-5.5101323
-11.276342	-0.38017774
-12.2007885	-0.24649918
6.657239	-0.8819172
6.191066	-1.478053
-5.411416	-5.4506235
-6.988057	-3.2090194
0.3690838	0.91665405
0.5674538	-0.059268475
2.5872393	14.327479
1.8259377	12.644129
-7.505394	12.4251175
-5.6670537	9.662715
7.4890184	-17.26152
8.733976	-15.608192
-13.322848	1.5302343
-15.813417	1.3340384
4.1631594	5.025218
-3.2412825	7.5317564
-17.484093	2.6872253
-18.297993	3.617904
-1.7537024	-9.138091
-1.2667148	-9.294051
-7.106224	-6.079801
-8.547639	-3.182828
10.04488	-6.04247
9.925185	-3.8169987
-5.3484855	-6.89059
-2.6812735	-7.6252985
4.4751186	-3.6788962
5.1030684	-3.389202
8.861283	1.960082
9.649448	-0.71784765
-2.3277903	3.8274817
-5.6336255	-1.9003458
10.980708	-12.389063
8.721991	-15.375717
-11.975777	-2.6942167
-10.892004	-2.6687536
2.7075524	1.5563748
-0.25032383	1.6968468
-16.26169	3.7974954
-13.4008875	-0.9072442
-0.28447294	-3.1003332
-3.191558	0.39113256
-10.039197	-2.714189
-11.47714	-4.662701
14.395166	-0.47123843
11.522873	-4.327499
0.35925657	-2.7593212
-0.7264833	-1.8498886
2.263095	-0.28028345
2.606742	0.81567705
11.3983	11.843958
14.962314	16.420778
-3.086532	4.611326
-0.85580814	8.266515
11.36937	-12.333629
13.3586235	-5.5923347
-16.644302	1.2126579
-13.719366	2.823029
12.335116	-4.1097693
5.7789392	10.347806
-17.022387	7.544546
-15.070431	4.063733
6.5000296	-6.4695683
5.982789	-7.1475115
-4.7381907	-5.537592
-3.7813873	-6.9921374
20.375778	1.1737585
19.081615	2.3995466
2.42644	-4.835479
0.92954856	-4.966166
10.049144	-2.0737917
12.974117	0.46867287
13.609227	14.216528
14.471378	12.829467
-1.0584421	4.4878397
-0.45351768	2.3252332
17.832235	-9.184953
18.18608	-8.031
-8.87186	-8.129632
-10.25569	-5.207348
18.7627	3.061552
12.3514	2.6751373
-11.401297	-2.3432171
-7.534135	-2.0131521
7.217289	-2.325157
6.9055767	-2.8181121
-3.360812	-3.2847118
-2.2215443	-1.4661148
19.269438	-1.8957698
17.38203	1.581365
4.0737004	-3.8648708
4.450276	-0.8898692
11.8414955	1.3662128
12.319216	-1.8212695
10.504924	10.181147
16.454142	8.537606
1.6072265	2.1368666
-1.2087909	8.767891
15.150431	-10.428627
16.248493	-9.571775
-7.00117	-0.6899042
-5.9525604	3.1512594
11.43727	7.7216496
9.50139	2.4132771
-9.988578	0.68898296
-8.755446	5.1200075
-1.965704	-10.5496435
-0.73507214	-8.382181
-10.824045	-2.4904244
-12.405017	-4.8190413
12.474645	-2.4268177
10.195684	-3.5450828
-5.9106607	-8.758097
-3.769112	-6.849759
6.680562	-0.968694
7.570058	-6.194229
6.9051228	2.3354752
10.272938	12.65837
-6.1766453	3.638397
-6.687737	4.2770357
13.452638	-17.098145
14.462898	-13.865257
-16.783958	-4.997051
-16.629398	-6.1109304
8.456813	-11.398609
-1.1094491	-1.7374798
-16.392815	3.481014
-16.571932	-1.3678408
