-17.49966	5.5139785
-17.525574	6.206747
-17.99259	6.405409
-17.284336	4.855876
-12.566973	7.245412
-10.998068	4.5683618
6.2994967	-7.5014806
5.298254	-8.908636
-18.509693	2.7247574
-19.59333	4.1263185
-9.618249	-6.3289876
-7.9519234	-8.206966
-9.731506	-3.481382
-8.172746	-3.267591
5.3397255	6.132222
8.165069	5.3602858
5.6930895	4.1138525
3.251668	5.013588
-14.756843	7.045696
-14.405846	5.0106173
16.25289	7.3418474
14.0250025	3.789236
-3.1239552	11.716967
-5.912156	12.660827
-3.7128706	6.224793
-6.2904487	0.04078126
1.4734534	-16.449333
4.3985085	-13.624464
7.430988	0.4588773
11.835884	3.0486195
-12.506426	8.528258
-13.868418	9.897564
-10.440864	9.814505
-12.15944	6.103261
-9.093369	4.7289577
-8.851272	7.5842066
14.297662	0.30534506
14.409086	0.2817092
-12.722492	5.609015
-14.91974	5.5348654
1.4586844	-2.360011
-0.5372815	-2.800315
1.6108189	1.6753339
1.9977548	2.2227283
17.087967	10.82696
14.32306	10.275161
9.3716545	7.4118276
9.2232685	2.6893282
-8.058994	5.667009
-9.883879	6.4785743
20.77536	13.453907
22.226692	12.9632435
0.40068883	13.011123
-0.49215588	13.227041
-8.853996	7.844215
-5.87041	6.5091057
9.18825	-8.4400015
13.332493	-3.8012834
14.2047	13.7588625
12.498473	12.905959
-12.773915	1.4701709
-13.43985	4.841219
-12.5450535	-0.19571859
-14.512138	1.9751606
-12.639349	-1.3428607
-10.845069	-0.42413056
12.233785	-8.930083
10.126257	-3.154129
-13.592648	-0.8368609
-15.275244	0.18351817
-0.23200607	-2.6916332
-5.573703	-5.647689
-1.7402024	-1.2577146
-1.634753	-0.6942202
12.041246	3.612159
12.074819	-0.26518512
8.705773	9.297497
4.5516024	5.345958
-5.8451066	2.8937607
-10.583626	-0.4208543
17.317532	6.896983
19.3339	8.634132
-0.44664448	4.4510927
-1.5350064	7.766038
-10.546568	0.089497626
-11.107359	1.9636428
11.515109	-9.129783
5.448408	-13.571556
11.448599	9.731289
13.469617	10.741215
-13.793283	5.06977
-16.39867	3.0702012
-13.653257	4.360857
-13.037231	0.7420567
-11.676146	3.3593009
-12.335809	3.633513
9.917265	-9.104034
8.458356	-12.185312
-14.559106	2.8098767
-15.690939	2.4382944
-3.66051	-9.488941
-4.1001444	-12.174441
-2.2185647	-5.0810633
-2.3786962	-6.756081
13.71054	3.5966554
12.599438	1.0048196
6.592473	1.8165641
4.265813	-3.3541899
-13.880756	3.6553206
-13.709629	1.972242
22.798014	9.190471
20.593962	10.649752
1.5326357	14.543827
-3.072557	11.422005
-14.249165	4.585987
-13.046993	-1.8920432
9.610617	-14.759577
6.6966534	-17.55165
12.257294	3.9560463
13.699173	4.9167356
-14.760082	1.2126902
-17.30923	-1.9228187
-11.926476	-3.114877
-13.157009	-3.7820702
-12.010921	-3.7155323
-9.6131315	-2.0152895
5.679166	4.8598127
11.120771	-17.20941
-16.664364	0.032973766
-15.77894	-1.6631165
-5.145249	-13.681333
-3.9211495	-15.070305
-5.8099976	-6.693449
-5.192891	-8.26425
11.225096	-2.4721775
10.733751	-2.3313327
7.4672446	-6.787453
6.412672	-9.241142
-13.393993	-4.157242
-14.343729	-0.500406
14.937168	2.2304223
16.765175	2.8211133
-5.0996966	1.6614906
-5.0139217	3.7890854
-11.132541	-4.8133025
-12.492801	-2.5019093
7.604521	-17.96388
8.232326	-15.543448
7.690714	1.0026121
6.0123253	1.474571
-19.881058	7.8787355
-18.264433	7.5844517
-16.123123	4.8718376
-16.053883	5.858557
-16.260319	3.2867908
-14.453975	3.8507454
11.165342	-5.4687467
13.156363	-1.2781577
-15.194699	2.1412945
-16.267014	2.810104
-3.2200902	-11.109939
-1.8651319	-6.0980425
-3.2578316	-3.75911
-4.493984	-2.1399243
12.295418	3.7872527
10.333407	9.0002985
-0.44166893	0.9247941
2.2663226	0.26237938
-13.31595	2.1165247
-10.571726	6.216885
21.296146	12.8547535
21.943567	14.365899
0.049185753	15.572039
-1.0372868	14.684687
-12.81878	0.39796117
-15.313082	5.9044833
11.20969	-10.664385
11.157919	-9.084894
14.463923	13.2092495
12.683371	15.189381
-11.369905	4.653696
-10.017587	0.88513756
-10.993142	1.2613076
-8.0468235	-0.7818105
-11.3561325	3.0347087
-10.957024	1.8571608
10.621777	-7.364107
9.200119	-9.311473
-13.175915	0.22402692
-12.91124	-1.5388013
-0.7810836	-13.622793
4.0545955	-13.53093
-0.84377855	1.2407866
-1.618985	-0.46123624
14.403158	2.5838537
12.130684	0.40043044
3.188739	5.029114
7.0534897	4.50103
-8.902736	-0.83402425
-6.8457885	-2.4447558
22.161568	11.619198
21.30391	8.01904
-2.7892747	7.6379867
-3.7052708	4.4093323
-8.855497	0.5169548
-7.6043277	-0.62466526
10.259291	-11.588398
9.226161	-13.967283
14.694276	8.779654
15.527065	10.822411
-15.21471	4.3591957
-17.805407	6.345846
-13.297793	-1.2397238
-13.628086	3.9595952
-12.601139	-1.6972166
-10.870241	1.1915106
17.856167	-11.453448
15.264947	-11.288737
-11.526405	0.35533822
-13.3063965	3.9588423
-3.0588791	-6.535077
-3.4428346	-8.987325
-4.9797735	-2.5858026
-5.3739047	-1.6930707
12.674799	4.0994806
14.085178	7.0472193
12.193423	4.4734163
11.9837	5.643095
-7.256999	6.983904
-14.990585	2.0438466
22.880644	12.430775
20.573627	10.771985
2.942289	11.431062
2.5706072	12.820824
-14.89663	1.9341366
-3.7459683	-1.9002062
12.078664	-15.354208
14.800957	-11.959144
11.092083	7.791521
6.605019	2.9703636
-9.848108	-5.4338646
-9.247419	-3.610211
-5.7665815	-6.7750607
-8.351314	-4.6538033
-4.9635906	-10.097475
-6.3332834	-7.7391334
8.705889	-14.643524
10.991711	-14.982346
-6.0944204	-3.7194822
-10.491311	-8.456695
-1.7436512	-15.742769
-2.681612	-12.601614
-1.5369215	-9.525541
-0.16289222	-9.785879
12.346556	-1.1566483
10.612122	-4.58626
7.1121883	-8.962919
5.05515	-9.225148
-5.635312	-9.504309
-2.0332334	-10.339088
16.74268	-3.3840594
17.522167	-3.6589947
-1.042477	-1.0207255
0.4105748	-0.9722429
-7.9273324	-8.6614275
-7.8411493	-5.978693
7.709158	-18.033066
7.380574	-18.23078
11.924765	-0.8310188
9.979132	-6.3399796
-18.852308	8.733854
-17.386837	9.125662
-13.349747	1.5916172
-14.687019	6.112215
-12.600103	7.7652006
-13.910287	6.0926766
10.129689	-8.443057
10.593563	-8.9504
-16.720097	1.2059311
-14.060945	0.884251
1.9298679	-8.609352
-5.4291945	-9.665636
-1.2989194	-3.4300885
-4.2833652	-1.7744029
10.22285	2.1905038
13.002474	3.2718577
8.048912	1.4920517
6.8410683	0.36546463
-14.144012	3.922851
-15.417897	2.5382118
16.737373	15.4711075
15.828224	9.501147
2.1351855	13.151726
-0.4746626	15.838623
-14.278327	5.8975916
-14.612394	3.3797803
14.260883	-10.403247
10.253961	-12.227701
13.164337	5.5648527
11.015288	5.771519
-14.194278	-2.6692743
-13.502226	-0.9364996
-13.177799	-5.4374
-14.0791445	-1.8984654
-8.900082	-3.5625763
-11.494812	-4.906967
13.069891	-12.942555
12.125708	-14.089868
-15.085184	-3.779119
-15.360661	-6.499727
-0.7074163	-12.650341
-1.1026373	-15.490324
0.29058987	-8.240949
1.6665275	-7.285531
8.967785	-0.17214954
11.109852	1.1007832
8.697428	-2.3819418
7.0848913	-3.035099
-11.056728	-1.9891604
-10.254733	-5.573248
19.50143	12.050221
15.065868	3.9396327
-0.98754907	5.130375
-0.42204827	6.1356835
-14.151646	-4.0699873
-12.39144	-5.26307
13.730652	-15.268621
12.474602	-17.32536
10.665424	1.4642674
10.919462	3.5399992
-16.096043	-0.712013
-15.145485	-1.6296346
-13.888097	-2.139658
-12.210656	-5.3613043
-10.865032	-3.321611
-11.629398	-4.669714
10.9248295	-14.550428
10.193488	-14.4751425
-15.956463	-4.0105996
-17.35402	-2.547934
-1.9546392	-14.666963
-1.191824	-14.728268
-2.871974	-9.445467
-4.1784554	-7.66969
10.8864565	-3.4472542
10.850587	-2.91521
6.2786593	-2.0237577
6.1543593	-3.250981
-7.9490595	3.1103382
-7.9036827	-3.4018896
19.704025	-1.6217725
19.887302	2.4185348
-5.79751	1.1899793
-2.5637581	-0.039050817
-12.640894	-2.3296638
-9.239293	-1.2430792
7.981181	-17.260912
7.936125	-16.458258
11.351228	-1.6062895
14.197564	1.2723879
-12.487471	1.6606826
-11.674675	2.2967265
-11.250816	-1.1321298
-12.537369	1.7495385
-7.077339	-1.563879
-9.048531	-1.227673
13.740322	-9.225706
15.751383	-3.3768165
-8.714689	-6.846606
-11.420079	-6.2199016
-3.9519386	-11.863094
-1.4479098	-10.210877
2.7806933	-4.535467
0.42077076	-4.919959
15.411177	5.194029
12.813802	2.929261
11.1981735	5.8131976
9.414124	1.636163
-11.573641	3.3250809
-8.1312685	-4.0582047
21.93345	12.99726
16.726025	8.460219
-2.6846595	2.857591
-1.2897476	4.228806
-10.134883	-2.6255322
-9.95994	-2.1164293
16.362251	-11.815936
14.402403	-8.040411
14.804217	4.7829866
13.430375	7.953174
-13.630188	1.6623211
-14.262905	3.250717
-12.434776	2.8080099
-11.514563	1.6026679
-9.800157	2.6567297
-8.399277	2.8061345
13.990726	-8.907821
12.923132	-10.285948
-14.344839	-1.14252
-15.21549	1.732112
-2.9360816	-10.5769005
-1.1639938	-12.076899
-2.8730776	-5.0045404
-1.6722695	-3.2279928
14.152787	1.2254124
13.145602	5.071428
6.558529	-1.6123815
8.520888	3.9187124
-8.883607	-1.64675
-8.02878	0.77692354
13.8264	3.5088391
15.110008	3.3468418
-2.3692002	7.238662
-0.37796438	3.807386
-10.90253	2.097122
-9.996617	3.0988598
9.772074	-16.040749
11.707264	-16.154083
11.69803	9.234996
11.214069	6.7309246
-13.481745	10.924662
-13.655582	3.6126075
-9.318102	8.616667
-13.468777	2.1094587
-8.812	7.2560873
-9.754954	4.3084702
11.574548	-4.9761996
8.380634	-7.9977016
-14.865625	6.034321
-16.932087	9.939728
-1.1800992	-7.9379883
-0.3540101	-7.0593824
-7.3167276	-0.41597664
-6.103605	-1.3232379
13.946469	3.7279184
12.825837	7.5402737
6.5346813	7.244032
5.725238	-2.0094192
-10.632063	10.618254
-11.16182	1.4589086
20.78817	11.347278
20.825306	7.977049
-1.1714356	13.889742
0.12507218	14.206324
-11.517474	6.1665406
-12.813115	-0.15982002
9.00716	-10.723242
8.870707	-7.7316537
12.015365	15.990398
10.269488	10.021681
-13.273067	3.4586258
-15.61795	2.5845652
-11.979953	2.4639711
-12.075846	1.5063376
-8.635	0.25301793
-9.513795	3.355567
9.833525	-9.078976
9.929779	-9.803909
-14.739804	-1.7434783
-13.565236	-0.6256069
0.18910694	-8.777323
-1.8045442	-9.039442
-5.2308683	-3.5502336
-2.234857	-4.502189
10.791369	7.2892804
9.856911	4.534137
7.6276965	5.2204723
6.5922394	3.5982683
-10.194381	1.2665092
-10.829188	4.655567
20.662199	8.667154
19.979141	7.2071548
2.6270332	12.345659
0.18059573	12.301027
-12.802519	0.28698492
-11.375161	0.6097767
9.149378	-11.072251
7.815734	-11.51651
8.660269	7.4066477
9.447093	5.441131
-9.833444	13.750494
-11.391065	9.619328
-8.43686	7.680745
-8.854284	10.569019
-3.3144677	6.140629
-5.8080955	6.9997735
10.051475	-5.163659
12.772106	-2.8674672
-7.451071	4.9705997
-8.223059	3.5262594
-0.88790894	-6.6769075
0.5084586	-8.807052
-0.883654	4.0047874
0.22521198	1.603884
16.148767	5.9237213
12.293798	9.305578
8.685499	9.288497
6.6906414	8.916867
-5.2807693	8.112568
-6.2905226	3.9676895
21.161987	15.021137
20.150154	13.432175
2.2789116	12.920564
2.726499	16.596249
-2.5009058	8.531433
-6.810534	10.452091
11.270609	-8.847127
12.7931795	-11.663488
13.89675	16.778244
13.674419	13.381719
-16.443699	5.985706
-15.101694	6.2622075
-13.2509365	6.695197
-13.011671	1.5748031
-10.083844	5.524758
-8.247845	-2.3894048
9.355127	-11.984196
10.137178	-11.5325165
-13.073599	-0.457816
-16.331347	3.4537082
-1.3212948	-14.37299
-0.97173476	-15.469269
-3.2909184	-2.7734835
-4.4209757	-2.6305218
9.903748	5.1536345
9.2215185	2.2236886
2.9166143	5.7395706
5.1437902	3.71608
-12.570906	0.663419
-12.066589	1.556511
23.606016	10.280214
20.628164	8.087246
-0.22271895	3.5684419
-1.9394252	11.72053
-9.8595915	1.4919032
-11.168131	1.6658317
6.879613	-16.484396
8.397184	-11.986616
14.97174	10.525276
12.64894	9.664439
-11.359987	-0.58543205
-11.228825	-2.5826557
-9.89311	-4.484883
-11.576427	-5.407526
-12.749942	-4.5821576
-11.242215	-8.012616
10.004093	-9.860163
8.031878	-14.321394
-14.806623	-3.7308254
-11.676783	-7.5638046
-0.53904366	-13.307309
-0.09872484	-13.031645
1.0309576	-7.8076553
1.068697	-6.0823874
11.22007	-1.70007
11.013067	-3.6418157
4.5918236	-4.9276247
4.5277224	-5.4090843
-7.9802637	-5.988679
-8.257852	-4.0983076
18.407986	2.7952464
21.88242	3.1124966
-5.7881403	-2.0151362
-3.0730276	-0.5504161
-7.3136325	-6.6153913
-5.3141646	-6.202336
9.214765	-12.317779
10.761188	-12.256498
13.663223	9.774548
13.674073	7.3202057
-14.66532	5.011887
-15.766644	4.411432
-13.178694	-0.43792722
-11.84115	-1.0721958
-12.110196	1.4708846
-10.934776	-2.239061
15.354177	-11.188986
13.470381	-13.347754
-12.50853	1.7491598
-12.006908	-3.0429468
-1.2228584	-13.292881
1.1056845	-11.915087
-0.28982624	-1.4183503
-2.1046536	-7.6879745
13.858915	-0.0021275878
14.08202	1.43646
9.981794	-3.4348724
10.574929	-1.7756333
-10.286757	-3.9351676
-10.942024	-2.3972344
20.03531	5.8645177
20.13455	5.122794
-0.08889526	12.242485
0.6711347	12.370378
-14.57303	0.65631545
-13.152246	-0.7277484
12.916042	-11.328622
13.562656	-13.285933
11.914852	3.9341884
9.792097	4.0444093
-11.197647	5.388386
-13.965615	5.227576
-10.775949	2.089161
-13.481325	8.655561
-7.8194675	2.2042797
-10.06567	7.9662995
13.282305	-9.21677
11.219461	-11.688686
-12.813446	2.3492165
11.43796	-2.0888743
0.09356022	-8.975819
-1.8333073	-6.8927464
0.9213463	-1.5987045
-0.15742624	0.7246889
13.455603	6.481725
12.902558	6.451454
11.28066	4.3092914
9.805928	6.5367346
-7.5411787	0.38338417
-11.469555	4.476221
21.927032	10.879209
23.046883	15.824328
-1.2728853	14.377534
-0.5982445	15.5071945
-11.60301	2.7487555
-11.036342	5.9578114
13.553703	-9.305111
11.718642	-6.4692717
14.582467	13.715163
12.9392395	12.872816
-18.582354	11.552364
-17.682724	12.228255
-14.341423	10.31303
-15.254791	11.0684395
-11.706204	10.635129
-11.052105	13.555772
10.98193	-2.5116725
11.192176	-0.52366304
-16.209877	5.103849
-17.65106	8.812361
-0.6312828	4.3979454
-6.7562485	-2.4172063
-8.428269	5.022589
-6.233002	3.478296
14.91416	9.688587
13.075996	11.83712
6.70815	10.544013
3.993188	7.666006
-14.0071335	11.893072
-14.222904	10.266773
20.167103	14.608279
21.66279	13.853362
-0.14641647	16.779537
1.8385162	22.904053
-12.329947	9.035287
-13.064142	8.701947
11.160992	-5.82553
11.145447	-4.863629
12.139081	12.892512
13.409999	13.758617
-15.818159	-0.46063542
-15.899914	-0.679121
-14.046055	-1.7049544
-13.185017	-1.5779463
-9.985857	-3.9445658
-11.583998	-5.479824
11.897943	-15.567758
12.796179	-17.303627
-15.534738	-1.198079
-14.456751	-6.490206
-2.70688	-15.798091
-2.861823	-19.413189
0.35535026	-9.5892105
-1.9225876	-9.450768
11.835835	-6.1073437
11.195194	-6.801389
7.7594852	-7.98091
8.686085	-5.2421246
-11.473396	-1.4249085
-12.095245	-2.755773
18.281055	-5.355818
17.180878	-6.2123528
-2.3820689	1.5814433
-3.2719243	2.7650583
-13.719891	-5.4071946
-4.9776115	-0.49336398
9.333834	-20.66656
6.5565686	-19.599842
8.724638	0.8501594
11.864357	2.1029458
-18.086487	4.8966985
-17.48872	4.7066536
-16.350204	1.6378932
-16.005175	2.631679
-12.594898	2.4109337
-10.137725	3.1672173
8.049758	-14.189911
11.7517605	-13.15852
-16.79559	-0.66595286
-17.707964	1.5576849
-3.5626626	-8.824139
-4.763559	-13.2938175
-8.07374	-7.245471
-7.4072366	-3.5697463
8.83122	-1.4843613
10.362259	-2.6373026
7.743222	2.4738145
7.2845144	5.062196
-14.433665	1.6256893
-13.715862	2.8572876
15.318988	0.23272124
14.630496	1.0569667
-3.877379	7.342746
-3.3934095	8.771385
-15.741329	1.6772864
-11.615951	-0.4946946
11.7954855	-17.997618
7.053273	-17.797665
6.034754	-0.16073668
5.514144	0.7955116
-15.064325	-1.5097985
-16.036762	-1.1791162
-14.715483	-3.3287265
-15.346147	-7.048209
-11.460991	-3.4334123
-8.5791645	-4.168808
5.993248	-18.885727
6.041281	-14.029795
-15.734583	-4.9378715
-14.479862	-8.314608
-5.8281937	-16.749657
-4.5199037	-17.453905
-2.7370307	-12.611725
-2.307458	-9.782256
7.4592605	-5.7691607
7.3751116	-8.617003
6.8083057	-7.1745043
6.678788	-6.337199
-13.796054	-6.7685738
-14.1787815	-4.4504204
17.211073	-1.5157925
20.076967	4.325957
-1.576621	4.0373497
-1.6634381	1.0164666
-11.687063	-5.522309
-11.516907	-5.6660357
5.508685	-18.58524
7.411505	-16.580765
12.398851	-0.5528391
16.731525	-2.169143
-15.270144	6.3782167
-14.218257	6.4655237
-14.427441	2.188445
-12.859773	4.6426315
-10.44418	1.0187091
-10.116806	3.886509
17.725977	-5.133644
17.116848	-7.0072145
-13.767372	4.895536
-12.81043	-0.42605042
-1.3594952	-8.358009
-2.2737253	-5.006748
1.6208441	-0.1636486
2.5571306	-1.1644192
17.872623	6.5223103
17.430584	8.905566
12.798681	3.8884525
9.207691	0.40208
-12.509906	3.5441523
-8.8169365	3.2993908
21.273682	13.140018
22.37592	7.9984574
0.059443712	14.360676
-0.24035352	13.005503
-14.575866	6.9075403
-12.980404	5.056824
18.398787	-9.15955
17.969135	-6.801637
12.446988	12.038229
11.484553	11.293696
-17.27214	4.5625315
-15.351304	1.6503644
-11.727928	1.171841
-13.677212	1.3827436
-9.623871	-1.294884
-8.537193	-1.5208269
11.79248	-10.83449
11.34495	-8.681444
-15.097109	-1.6273911
-13.748012	-2.460085
0.06725049	-11.403584
-0.5837159	-12.803776
-1.2130044	-7.518394
-2.8260446	-6.521936
14.837054	1.5538299
13.183742	-1.3572159
5.694563	-4.377145
7.519191	-4.3383055
-12.04934	3.199156
-13.096613	1.4893892
18.486702	-0.1717338
13.573549	1.840856
-2.1602585	2.9226975
-2.2823374	1.9526858
-6.4349456	-0.81781405
-9.817651	-2.2052882
7.7407603	-11.348064
8.651415	-15.609022
10.918266	7.5573673
11.58846	13.498093
-17.112694	7.0197535
-14.237429	14.276858
-14.331318	3.0012684
-15.974405	9.53306
-13.413506	6.9357066
-13.407638	6.757476
15.858481	-0.5920162
13.2694	-5.2297297
-14.100579	0.8017783
-14.957003	1.0160673
-2.4302986	-9.994676
0.29899478	-7.116917
-2.1902332	-2.612421
-0.8946031	-3.5804195
12.826286	6.639788
14.166056	13.860579
11.555101	5.6252275
9.220168	9.2250185
-14.884545	5.9844913
-12.063959	2.8054929
23.80489	11.178718
25.276611	14.284203
1.4900173	16.644682
-3.5243056	12.123033
-4.5605083	8.220665
-10.326233	8.594009
10.068223	-10.793584
13.258926	-9.548536
13.56046	12.872005
11.778676	12.566472
-11.128214	5.153316
-13.028543	5.787157
-12.219187	1.3516707
-11.821701	0.8505604
-11.4768915	0.1672917
-9.875479	0.69171745
13.607573	-13.371246
9.528723	-13.939188
-15.578132	1.5440065
-12.753063	-1.3620713
-2.6858497	-13.965973
-4.9439993	-10.957062
-4.161333	-3.75564
-2.8430238	-4.6778183
9.308811	3.3332732
9.233908	2.6940258
8.149866	-1.5969728
7.572811	0.32395616
-9.095752	2.6539636
-8.168996	0.5839344
18.031015	6.853427
20.400488	8.714116
-1.862536	8.441191
-1.9943521	5.9458647
-7.3241754	1.7229152
-10.116291	0.42003763
8.856654	-15.546721
10.001631	-13.999994
7.728424	4.458071
8.054441	5.0040646
-19.724564	5.4258623
-20.806225	6.1361613
-15.21549	4.0495152
-17.237106	1.7134758
-11.701654	0.5255146
-12.562758	1.2870319
10.095641	-11.222225
10.117215	-10.184529
-20.358301	2.7928615
-17.972324	2.758704
-2.8943844	-13.472982
-5.7640343	-10.878328
-5.6976438	-7.393677
-2.9727235	-7.4788747
10.408228	4.76234
8.38872	-1.9612502
3.6472023	-2.6110187
4.8178787	-2.643744
-15.401741	2.1047647
-16.458849	2.7822833
21.979729	9.279546
20.414106	5.610799
-0.042236924	12.2288265
-2.6559465	8.4962225
-15.918562	0.5991026
-15.670078	1.5019314
6.9308558	-15.294769
8.574742	-15.895364
10.7373295	7.7357345
10.443533	5.6507363
-8.111378	3.2322364
-5.837925	3.490472
-6.768932	-3.3958054
-7.2248025	-0.7223525
-7.348203	-1.0550529
-8.417873	-1.4436496
14.653683	-9.969519
17.526281	-4.3209352
-5.1229477	-1.5452627
-7.3040257	-1.6204108
1.5905956	-8.7506695
3.1662889	-12.457528
6.849511	-3.2579083
10.843932	-2.6579833
9.957958	4.9161696
11.983553	6.1700916
14.55744	8.176901
11.239743	4.427044
-6.2978635	-0.6303233
-4.134256	-2.023266
21.332785	14.117873
22.425232	7.9945626
1.8378645	11.688789
4.5543556	10.700495
-3.827737	0.41971105
-6.0166717	-1.2846892
15.255643	-13.020506
10.697002	-16.603323
12.95906	6.6645355
17.200274	11.950216
-17.868412	-1.4652605
-18.121864	-0.24767876
-14.527508	-3.400499
-14.413597	-4.481695
-12.694869	-4.5751123
-12.843928	-5.265624
10.9243145	-13.88073
10.381508	-13.277718
-12.255792	-4.6392317
-14.408474	-8.216968
-4.5200753	-13.667524
-6.236848	-13.099051
-4.337345	-3.6159213
-5.2968197	-6.4420915
8.21985	-4.266054
4.9001536	-3.634892
5.307132	-3.1372905
4.6290236	-5.9158916
-10.830704	-4.401413
-12.625089	-2.2674975
14.4895315	4.3669605
13.038086	4.1488442
-3.2042036	6.2346992
-6.2614813	3.6857126
-1.4125184	-2.0189052
-1.3485126	-0.9787886
10.94606	-10.6805525
9.77482	-13.860777
6.184017	7.0050073
6.7288294	2.9584937
-19.071829	1.5163982
-19.132984	3.3769522
-16.976965	-5.248375
-16.264864	-5.1942844
-13.83721	-0.4826578
-14.632084	-2.897724
12.482922	-11.954431
12.564565	-11.938058
-15.440275	-2.845385
-17.799118	-0.6621978
-1.3776274	-12.580012
-6.891343	-12.071196
-4.8115396	-6.944086
-3.8255982	-9.126493
10.7824135	3.1903565
7.7526293	-2.8617823
5.297596	0.6167009
3.577009	-1.0066198
-13.132371	-4.4752145
-13.443741	-4.209463
16.837822	12.436284
12.646282	7.509963
-7.152926	3.6925614
-3.420291	4.515997
-13.591423	-4.44843
-13.430807	-2.138736
10.673874	-15.196003
8.761773	-16.821074
6.9431305	7.6449757
9.78764	11.702815
-6.286019	1.8611591
-8.1902895	0.46870804
-4.2530255	-2.5333958
-2.2362676	-2.031794
-8.0620575	-1.7066064
-5.1858263	-3.6867144
15.185492	-8.218603
15.233996	-7.130988
-6.6575975	-2.141388
-4.843302	-2.8632474
4.410356	-7.5855985
2.6675012	-10.164074
8.242232	-0.3226824
6.4192505	-2.1200032
11.204584	5.9211454
12.5043335	3.7641315
8.509478	0.7789846
6.3431406	0.12261069
-2.382237	-1.5057462
-3.7602916	1.0075715
16.240139	6.309583
16.985899	8.303751
1.7068138	2.1676521
-1.4051359	3.555522
-7.4048963	-0.13472438
-5.3816586	0.95800364
16.685352	-4.5213127
13.295889	-5.8391576
11.131245	7.194806
10.059028	7.5411854
-19.547562	1.487541
-18.562464	2.6362524
-15.202004	0.85024846
-16.129162	-1.6254017
-12.937194	0.7001403
-15.353815	0.48111278
19.375074	-3.6160927
20.173916	0.9576912
-16.376457	-1.9088697
-17.35298	-3.4935584
-5.0519013	-10.677931
-6.971877	-10.262333
1.2235811	0.6278851
-2.5719552	-1.2420368
14.858998	8.563147
16.705318	7.5004315
10.104753	6.294105
7.7053127	5.5657554
-17.129478	-0.66276264
-15.448387	0.70696414
21.038357	8.445089
19.006018	10.990228
-2.6295514	7.688328
-3.0260108	9.375856
-16.260124	1.9879057
-13.353903	2.9988275
16.211084	-7.019533
18.487556	-6.3782578
10.472391	8.74409
9.943714	11.330293
-12.428141	3.9361312
-15.902666	2.505744
-11.168807	-1.3774965
-11.959707	-0.3195666
-10.635504	0.3875991
-9.941669	-0.28209043
18.62587	0.68956757
19.727625	-3.1931179
1.152796	4.1442413
-10.815075	0.34000677
4.5164623	-3.6728823
1.6005507	-8.108879
6.7038655	0.53673315
5.1381392	1.6001896
13.828079	13.123512
14.714898	8.5019045
13.018089	5.9202943
14.096437	1.2154093
-10.294644	1.7690425
-14.384632	-2.7083988
23.2233	13.311847
20.248077	12.321949
0.9933755	12.157757
-2.5773995	5.4884796
-12.545121	1.6316631
-10.633346	3.8097677
17.806053	-1.8795607
19.53349	-5.0693336
13.258555	11.38716
11.501724	8.526136
-12.795309	3.0728507
-12.315575	3.1557565
-13.484025	-4.7578707
-12.596998	-3.948751
-12.500096	-4.4771643
-12.7725725	-3.779286
13.714993	-9.281125
9.699659	-7.9162297
-15.06109	-4.540549
-12.7252655	-1.0654864
-1.1949801	-10.429998
-2.2105258	-11.007175
-3.0869372	-4.0843687
0.8071022	-2.8050814
14.5239725	4.5617347
12.602848	3.7993426
10.128547	1.6889298
13.755274	4.503665
-14.941062	-1.346978
-17.03521	-2.2637289
21.037594	7.919283
18.651165	12.695903
-0.2845782	2.1235578
0.45338887	7.713358
-8.755543	-3.8328426
-6.787082	-3.2105236
9.805973	-14.817241
11.094704	-11.742304
12.758111	10.070636
12.109049	12.1999855
-14.945089	3.6694808
-17.71275	2.3993204
-12.766413	2.4475503
-14.099143	2.1763997
-11.43013	3.018567
-11.950785	1.7345337
12.295834	-9.472004
10.703102	-7.459512
-16.508205	-1.7056427
-16.646654	0.31460786
-6.610121	-10.943419
-4.436074	-12.489899
-7.2744484	-5.083738
-8.2688265	-2.6171033
11.1452265	0.30431026
9.257375	6.1445208
7.150092	4.9299984
7.2771997	-1.0712479
-11.379986	-1.5562515
-12.411911	1.260936
15.907277	10.733596
15.288607	8.326459
0.3216869	12.41853
0.2483381	8.272093
-11.803944	-0.11724019
-14.059046	0.57194996
13.334269	-9.128752
12.289879	-8.630184
8.361834	6.325063
9.65682	5.9033837
-18.563925	3.8235505
-19.052208	3.4320893
-18.675678	0.84079885
-17.909462	1.9928124
-15.819127	3.5159135
-15.831419	2.126158
18.033188	-9.710991
13.833754	-7.7487655
-17.931698	-0.6918645
-19.440887	-0.35061908
-9.824802	-13.3707905
-3.96276	-10.453733
-2.4526181	-7.211044
-3.157113	-5.2178507
12.715963	3.5707228
11.518061	2.7942452
5.7685843	-2.638329
7.5348473	-2.3485084
-14.670979	0.6666169
-15.495913	1.4302773
11.9633	8.12721
15.602678	7.929483
-2.914746	9.51584
-5.9882708	9.14471
-15.877117	-0.8200393
-13.02445	-1.5735279
14.303949	-11.578681
15.300072	-13.545492
6.3539667	11.838877
6.842779	12.232231
-12.228247	-1.4059377
-11.547695	-1.1717868
-9.437834	-5.933022
-8.385095	-7.7639265
-10.908116	-6.3039036
-9.115874	-10.015048
-5.1075597	-0.4922421
11.232386	-13.125282
-9.930973	-7.2682276
-10.351352	-4.6059003
-0.43635583	-17.488098
0.18289137	-16.856674
-0.08606243	-8.595564
-1.2762481	-8.688717
10.712948	-2.3393328
8.819997	-5.6637926
5.466675	-7.1903853
6.315773	-7.9894404
-5.5412903	-7.104743
-7.7760487	-8.315332
13.574937	-0.7609205
12.494078	-1.4498564
2.7386603	2.6821516
1.6702205	2.9226108
-6.3132277	-5.682859
-4.435111	-4.883041
9.469066	-18.91195
8.7440815	-18.831009
8.232282	0.9626874
11.302302	4.0273557
-7.9927874	2.194818
-10.561468	0.60260653
-9.797913	-3.1491175
-8.494492	-3.7990878
-7.688049	-0.88974893
-8.287791	-1.1107142
17.046019	-5.037401
16.431736	-6.198228
-5.2263365	0.1123451
-7.2241964	0.60552275
6.922902	-5.752708
2.307078	-10.984171
2.5078037	1.1173145
3.9019742	0.49072087
14.486212	6.470125
13.472988	1.4472411
14.268822	3.072506
12.555676	2.1498306
-6.40477	-2.773495
-4.258352	-1.9630475
20.187346	9.13673
18.601206	6.835046
1.8759162	5.2999973
3.8293247	3.840741
-6.647846	1.7264208
-10.340092	0.21685576
19.195383	-5.3799744
14.012138	-8.189108
15.42662	9.83069
13.6576	11.440571
-9.204454	1.1928205
-11.469984	1.1179314
-9.744561	-4.1416683
-7.378267	-4.9340305
-12.984765	-7.356293
-10.206939	-4.471998
11.929754	-8.836956
14.045807	-3.3781505
-8.438982	-1.0521536
-7.0955143	-5.0749664
-1.6134984	-10.748325
-1.3631344	-14.478757
1.0490803	-7.077581
2.4282928	-5.4493103
13.999496	10.607415
11.57934	0.88462627
8.104599	1.6374648
8.84752	-0.011491954
-7.207371	-5.9328074
-6.2329583	-5.8426957
19.091438	9.976018
23.100578	14.144697
-4.1912184	4.574273
-5.2163696	6.3501625
0.49070835	-4.5948567
-4.350794	-3.3479414
15.0975	-8.680193
14.558985	-6.830988
12.156608	6.4939084
11.700456	5.6325865
-13.4914465	5.239078
-7.8173113	4.2348337
-13.677685	1.024977
-14.442467	2.787368
-14.46043	0.44543803
-14.026137	2.1512842
10.889428	-7.4332657
11.182665	-4.937882
-17.128658	-0.44123483
-15.392759	1.2582188
-9.0175	-7.220932
-5.8214293	-5.8648863
-0.07570231	0.7782373
0.043264627	-1.0222543
6.3684845	6.1292043
10.0799	2.9625204
7.2267694	1.7597129
8.442543	5.550228
-12.759639	3.2997422
-11.683675	0.84175456
22.541504	13.326972
21.502707	12.891327
-2.1423392	9.494845
-3.154067	10.817504
-14.120579	1.9071507
-14.607649	2.4771194
7.864577	-11.24886
11.646589	-8.987312
10.526684	7.515773
9.750487	9.730114
-13.1659355	0.8666384
-12.054914	-0.0013232231
-10.897995	-1.7919223
-11.658761	-3.9353945
-9.33198	-1.3834305
-9.182132	-3.6360948
14.364885	-11.489937
14.692057	-15.024216
-14.837643	-3.3378012
-12.576374	-4.264045
-1.9513829	-12.99015
-3.516078	-11.775368
-4.1766376	-5.2449107
-0.4243595	-7.043607
11.847972	7.1683807
10.700914	-0.3348742
8.077972	-3.6579099
9.422028	-1.6279165
-10.819598	-3.9695234
-9.904717	-2.069286
19.892138	10.36423
20.923412	11.8702755
1.7923448	1.7406592
-1.5998633	4.4089723
-11.155748	-4.2221756
-10.363427	-1.4078054
17.078691	-10.9627075
13.512159	-16.085087
8.609929	2.4602401
9.158696	2.4026155
-19.17709	1.5694053
-20.052109	3.363257
-16.385199	1.2451295
-16.323011	0.27980155
-12.7216625	0.14243609
-14.34486	0.9302413
12.557531	-10.113649
15.373096	-5.9287863
-16.361233	1.0270783
-15.568654	-0.53234076
-5.1299543	-10.319164
-8.664728	-8.162676
-2.3968866	-4.824413
-2.4937062	-3.830057
8.322535	-0.2536397
8.405686	1.5991564
3.885195	-1.2863977
5.8168755	-2.3994827
-12.7394085	-2.349867
-15.692316	0.032530785
19.934175	8.330396
19.707357	9.59358
-2.1413803	12.208398
-2.4146717	12.792305
-15.5998335	1.0050335
-13.192824	-0.09152913
13.806841	-8.113808
15.516486	-4.792942
8.226171	8.420726
9.001597	7.2389307
-19.21238	0.87618494
-16.488989	0.7979753
-15.222631	0.002740264
-16.136942	-2.040907
-12.408107	-3.8273344
-12.867915	-3.6000187
10.6567	-13.616686
10.884604	-12.880654
-14.587294	-5.757302
-17.124008	-3.3824477
-2.528834	-15.484575
-2.4706914	-14.0369425
-1.1265199	-4.702491
1.5505288	-4.3196034
6.9630804	-5.127475
8.042833	-0.6339991
6.118453	-0.9841441
7.2499237	-3.1745405
-13.195627	-3.9270504
-9.346192	-3.8755846
14.983904	4.4609675
13.072046	4.1482368
-4.447176	2.8351007
-5.1553693	5.2560587
-14.53875	-2.3136559
-13.598378	-2.5158296
10.715494	-11.486384
9.910933	-13.869619
4.1969404	3.8297205
7.0449076	-0.4820981
-13.945375	5.361976
-14.491757	4.0556693
-12.41073	1.8012627
-12.783859	0.62189174
-10.968044	-0.49225843
-13.468109	-0.24457097
15.993109	-7.12792
15.959776	-8.020745
-7.9828506	-0.062319756
-10.23677	-0.69289243
-2.4909565	-10.100124
-2.159168	-9.11084
-0.61751443	-0.31895113
-2.0601614	-0.7849543
17.10726	10.4486
11.754339	5.4292583
13.064297	3.2707577
15.227317	1.3831575
-11.635233	-2.4530494
-13.32492	-1.4134607
21.25203	14.234012
21.248072	14.419496
-0.5610607	9.624143
0.4145795	8.677709
-10.607598	1.5170888
-8.590607	0.772336
15.0447855	-5.3319163
11.931022	-7.5772686
10.487694	8.461079
12.668925	14.477518
-17.611649	-0.2556095
-16.148281	0.06980467
-14.135766	-3.359927
-15.729601	-2.972568
-15.69779	-2.5500276
-14.108552	-0.34812546
12.5019655	-9.477917
12.91321	-11.247667
-13.30221	-3.4969053
-14.100048	-5.293153
-6.5160985	-12.27281
-7.4550757	-12.453471
-1.2688293	-3.593438
-4.336877	-6.5284758
12.077152	1.653665
10.581546	-1.0751028
7.3214974	-3.9952092
4.028773	-4.495706
-14.585075	-3.6962857
-16.027897	1.2772522
16.219187	9.526405
21.286295	13.638294
-3.537036	4.254156
-4.7352276	5.175828
-14.247837	-2.11849
-14.632816	-4.269281
13.898886	-12.455997
12.244486	-14.420614
8.368299	6.3212633
9.083669	5.2784185
-18.57153	4.050652
-19.25219	3.219351
-16.446896	-1.173991
-16.561546	-1.8903446
-14.839609	1.0571896
-14.768109	1.8292141
12.809005	-10.810892
12.457084	-11.758364
-18.0795	-0.16792226
-16.09684	-2.7619948
-3.5196605	-11.7265835
-3.0978584	-9.24803
0.6349751	-3.649725
-1.7328588	-3.19915
10.376554	-0.6649176
9.176003	0.044511765
2.4488745	1.5228074
6.133793	0.8180862
-13.859419	1.762836
-13.584087	0.5451788
17.255476	6.6179204
17.429552	3.6383605
-5.1770587	8.719893
-6.445005	11.710377
-13.528491	-1.0054505
-16.546864	-0.69962615
14.53121	-17.265507
8.095306	-13.488712
6.1002736	11.399502
8.353788	11.581467
-14.577789	1.7241321
-14.427699	-2.7012742
-12.481453	-2.5419545
-15.05287	-3.4885328
-10.321497	-4.6363273
-12.357329	-6.936751
13.031218	-13.773836
13.237772	-13.309794
-14.55634	-5.7591496
-15.19961	-7.941732
1.1321056	-12.570966
1.6917737	-15.1297245
-0.9936851	-7.985312
0.62654364	-6.2264037
10.4620285	3.08768
9.543161	4.159246
8.087651	2.6183531
7.12725	-2.4723864
-10.975807	-5.513085
-10.194542	-4.9926577
15.963304	9.510165
15.173077	4.9861803
-1.8428249	4.230281
-5.816164	6.2289724
-14.807813	-1.1779499
-14.450438	-4.6999702
11.066801	-11.000767
5.7605634	-15.876026
8.677638	4.9819894
8.147185	3.8603063
-10.012924	-1.0878091
-9.256288	-0.04042101
-6.52955	-7.2842937
-9.136181	-3.6628554
-7.1230607	-2.760486
-8.966349	-3.5471797
14.157028	-14.037361
11.127414	-16.797108
-6.3609467	-8.200723
-10.1514225	-5.851487
5.3230615	-15.252159
1.3560679	-14.351896
0.47064966	-8.7143135
1.5876571	-6.630951
8.449441	-4.929043
7.312929	-3.3719072
9.303507	-7.950425
7.654443	-5.5667043
-9.32745	-4.831465
-8.03389	-4.229272
16.407797	6.908723
19.325123	9.649174
-0.52507937	0.46527058
-5.516673	4.722677
-8.549491	-4.4789376
-2.40276	-0.8863194
14.018469	-16.95562
13.73064	-17.761936
10.67503	7.7963543
10.920632	5.685201
-18.957901	0.03457904
-15.99044	0.37994003
-10.393666	-4.4661384
-15.659426	-2.6986594
-16.696245	-3.538111
-16.172728	-4.206911
15.037437	-3.9992886
13.835196	-5.9123287
-15.990368	-4.0312834
-17.008537	-2.095442
1.0588262	-13.936699
1.6354625	-10.230026
-0.14484274	-4.2796807
4.0175643	-3.004736
9.614616	8.283871
8.085157	5.115202
8.7621565	4.1941547
9.509432	0.8820913
-13.23636	-4.1561627
-12.599736	-4.3150797
16.441685	12.806298
17.696836	11.769977
-3.3067217	6.3945007
-6.442025	7.2004986
-8.468595	-7.3777056
-14.793619	-1.1470847
15.519037	-8.909487
14.860672	-12.062933
11.570862	6.2225313
12.490179	5.207831
-9.828052	2.1504393
-14.430743	4.394227
-8.178716	1.8018036
-11.272282	1.6999807
-13.938029	-0.99234104
-12.970409	1.9080302
12.842625	-9.21752
13.286052	-4.111077
-11.988759	-1.1540941
-13.558823	-2.4217112
-4.693909	-7.6597667
-1.6631098	-5.117874
6.8119597	3.8112252
9.198766	4.7490077
15.016428	5.636468
14.846481	8.269392
7.4095144	2.8338728
10.459914	5.0747337
-12.86931	1.2474856
-9.034627	2.1955962
20.159647	8.887653
21.024822	10.069606
-5.4194937	5.0620522
-6.387453	3.0778105
-12.937208	-0.46092284
-11.999949	0.76248646
14.813047	-6.2236156
13.309586	-6.080742
14.708197	11.529612
15.99008	18.30883
-16.908274	3.3228555
-15.7049675	3.7641377
-12.790504	-1.8226168
-14.321074	2.467897
-14.908857	0.37692595
-12.004672	1.1803237
14.313087	-8.093609
17.901098	-5.8765087
-10.576164	0.8732846
-13.873903	-1.5561243
-0.8474417	-6.510628
1.8107054	-7.39694
2.8110156	-0.87027836
5.6939797	-3.228781
12.402043	12.666468
13.738676	7.7197833
12.871769	5.0000753
11.9741535	4.367683
-11.179765	1.5541743
-11.241608	1.1952379
16.204607	9.729584
17.429287	13.490845
-2.7988882	8.358957
-1.4822124	5.71355
-11.656607	1.1822362
-12.426234	2.3988426
13.055252	-8.751756
13.400133	-8.896143
12.91749	16.050293
13.40613	13.499699
-7.758621	5.313493
-14.750407	1.1766837
-13.422987	-0.32662225
-14.386768	-3.1987205
-12.836689	-0.3033626
-14.098629	-2.1025558
16.443232	-5.56018
14.016165	-10.544427
-8.679024	-1.4884492
-14.117029	-4.7782497
3.4472935	-9.729771
-2.5164013	-10.774742
2.8439093	-4.3492365
-0.83913827	-5.092123
11.790382	5.507192
10.691751	6.297774
7.270604	-0.090147376
7.1428056	-1.6897343
-10.86317	-0.8021519
-14.354251	-1.4990885
14.858744	11.146415
17.337418	14.968034
-3.2204323	3.044664
-6.0523815	5.65656
-5.3873615	-6.709206
-13.116798	-4.150527
16.063183	-3.0622401
12.30311	-7.8637133
11.590909	8.510168
10.995671	10.054289
-16.34042	8.042778
-15.380793	8.767868
-12.474484	5.1276746
-10.310814	6.9413195
-12.645814	5.6759844
-11.661466	3.7965267
16.103802	-2.3684301
13.177006	-5.4677353
-13.732214	1.6757666
-15.09948	0.9055078
1.336597	-6.0549517
-2.4396648	-9.148008
1.7232544	-0.395781
-2.6123216	1.1752264
13.807701	1.8561356
13.151421	6.063369
5.1686068	8.504089
3.2054439	3.3859518
-12.821323	4.0602856
-11.907337	3.8468776
17.826632	12.6767645
16.659443	7.932944
-4.57292	14.2475605
-3.1604633	10.754043
-10.313455	3.8317883
-10.658113	5.7180467
14.292816	-10.910094
12.98695	-8.417914
13.141576	11.976664
12.594975	12.380257
-5.1460705	6.891595
-4.729352	6.926903
-8.550607	1.0099169
-9.318459	1.7969059
-10.926113	-1.4704883
-9.624663	2.9222155
20.156076	-0.747947
18.732267	-1.3506126
-6.855753	3.0483673
-7.879138	-1.3775516
-2.9170973	-8.0719595
0.097426414	-7.475997
7.3443127	2.0744886
10.5262375	2.8384633
15.648339	11.52136
14.511089	10.314494
14.210257	5.654525
14.409386	8.716498
-4.1164637	0.87541926
-2.505053	3.9834075
21.773344	15.977996
21.84108	16.830463
1.0161746	7.9053726
3.0829132	11.740551
-2.7233076	2.5966458
-4.7305374	4.1747212
17.216415	-5.9540353
16.739225	-9.109986
17.28034	12.094276
14.542757	16.140095
-12.356924	-4.236646
-13.34734	-3.5697837
-12.222685	-4.0447493
-12.478323	-6.108224
-7.979092	-2.529179
-8.897334	-5.065484
13.982082	-9.006998
8.6912155	-12.510004
-15.678601	-5.6664615
-14.571587	-3.7601395
2.891484	-11.373727
2.6167111	-9.346684
-3.4393132	-6.72688
-3.5599065	-7.338424
10.55695	-1.5136008
11.204851	-2.7073336
9.552256	-3.799036
9.773496	0.38741672
-9.039728	-4.2493033
-9.748203	-4.5403643
21.49301	7.429221
18.608635	2.4297655
-2.868543	-0.7758206
-3.8238964	2.5254407
-9.130348	-3.7187173
-7.4806495	-3.7721565
15.959085	-7.076763
9.7474	-13.518551
12.713833	5.255909
10.275682	3.4437037
-1.2481151	3.0358343
-2.8198335	1.2597935
-1.8715104	-0.72460365
0.8454729	-1.3325456
1.1117795	-0.82734114
-4.9323764	-0.98220634
19.989914	-7.6936426
19.642323	-4.1780033
-0.8165581	-2.5938697
1.0467167	-0.94464743
7.142467	-8.632536
11.781227	-9.638726
9.333089	-1.7024105
12.931576	-2.40674
14.177103	1.5191363
14.6837635	3.63689
13.778851	2.744648
14.578209	2.9637117
2.9026709	-1.654769
2.6293907	-0.14512682
21.386402	6.1969404
20.926281	6.1557717
1.8350188	3.390894
3.092423	4.635502
3.6660106	-0.7889899
5.468771	-1.0058308
20.452942	-7.3168316
18.328766	-7.603414
13.135201	11.70859
13.37228	10.170377
-12.326984	0.75938964
-10.351784	0.97886634
-13.665843	-4.5037932
-12.70903	-3.0702956
-10.319146	-1.7791953
-11.769472	-3.7221255
11.686752	-4.131097
9.818517	-6.360706
-11.452498	-1.9973352
-14.997314	-4.5917616
-1.2228243	-9.274909
2.4329932	-7.349805
-0.33219683	-3.7482271
-2.2996335	-5.01559
8.39182	1.6506934
11.050398	3.328484
4.8719745	0.43699217
5.2825556	2.5115414
-9.936893	-3.1686444
-12.910593	-1.601611
16.595842	8.927078
17.118418	9.668051
0.19801831	6.5532684
-1.405838	5.2732906
-12.060621	-4.1466374
-16.622562	-2.058607
5.3468103	-7.098522
11.315859	-2.2733543
11.093581	5.995295
11.458472	11.863876
-19.260685	5.301132
-15.908318	0.47165295
-15.20935	2.6724029
14.541897	-8.74529
-19.620708	0.72347564
-4.169224	-11.559998
-6.5339003	-6.5712166
13.494889	8.522038
7.715256	3.2220914
-16.536472	0.44869125
22.732183	10.906771
-1.4538375	13.203521
-15.5899935	3.2129683
10.172147	-13.48422
8.526844	9.215666
-13.134299	0.196558
-14.632959	3.1884358
-10.373097	2.1314993
13.710276	-8.486044
-13.840975	-2.012157
-0.038487434	-13.545525
-0.61926883	-4.4851623
13.751205	5.950252
7.4115257	0.874788
-9.844985	-0.43062988
20.549175	7.6646333
-1.3910522	8.350143
-10.171058	0.17730653
9.671635	-14.890516
11.823069	8.876752
-14.046324	1.7278041
-16.333414	0.8217305
-8.899782	-1.3246354
15.72739	-8.879638
-18.428108	4.1538777
-0.10269928	-6.469548
-3.7426815	-4.4235973
13.301455	4.050888
12.802069	0.40894103
-13.489112	-0.507992
20.842102	7.4856405
0.5974826	13.686723
-11.531539	2.7171173
14.388655	-10.009098
9.102368	5.815457
-8.95855	0.22020078
-8.885644	-0.49648118
-8.109726	-0.12377906
11.053763	-10.2178
-9.037503	-3.1367006
1.1837995	-13.587816
2.8606443	-7.736184
12.350226	-1.3790956
9.169228	-3.8313103
-6.8292665	0.8777933
16.369942	-1.4352156
0.6428871	1.6910733
-5.2927446	-1.9000577
8.52796	-16.011995
12.301004	0.63675433
-18.107578	2.8955986
-16.1688	4.22603
-15.286926	4.4215
11.052524	-11.185523
-15.862928	1.1074775
-5.2874184	-9.877281
-4.379555	-8.071261
8.650809	4.9126697
5.693137	-1.7570424
-11.524097	2.7323718
19.831095	7.520075
-3.612581	11.288771
-13.404298	0.8649212
11.919584	-12.2875805
7.8306065	0.044310212
-14.695232	3.976157
-12.170769	1.7961915
-9.520244	2.9403439
10.365973	-12.489859
-16.047886	0.013673782
-1.7974043	-13.461727
-2.2537572	-5.5978894
10.207176	3.4898472
6.8790817	-5.49705
-11.457201	-0.55461544
15.800031	4.890111
0.5652716	10.287382
-11.764937	0.5709253
6.721047	-15.579575
8.47831	2.6325157
-16.001377	4.6875343
-15.300661	5.6368904
-12.656922	2.137102
10.696312	-18.622852
-18.518173	-2.0348253
-4.069421	-14.600486
-3.0095162	-4.245938
10.207859	-1.2735436
4.430277	-0.7371218
-12.195705	3.07436
19.243423	3.3773239
-5.081637	1.0115112
-13.45117	1.6526067
9.454008	-19.054745
10.985984	9.256211
-14.98288	-0.040216923
-14.154671	0.32477677
-10.17745	-0.23358208
12.458305	-13.573121
-13.398683	-1.4852997
-1.9800141	-12.163187
-5.1313205	-5.3985677
13.616079	4.6533523
7.163133	3.0397651
-14.535641	-1.811065
15.690778	2.101903
1.7862706	7.178013
-10.715483	-1.0814484
9.504257	-14.98731
8.880482	4.837054
-11.20226	-1.0782251
-14.431953	7.474991
-10.590532	1.0304893
9.860411	-11.722157
-17.564096	1.1432595
-1.86166	-12.072563
0.43056107	-6.066997
12.785881	1.6229315
7.563071	0.0496244
-12.25681	4.463082
17.819918	4.200658
-1.2659111	5.3526225
-4.0166492	6.2074413
15.05202	-9.245725
9.681055	3.3381438
-9.267157	9.211319
-9.914634	1.5386046
-9.039987	4.395126
12.030248	-4.78263
-11.231735	0.7135619
-1.1143527	-11.72591
0.08331871	-2.2180882
13.994026	5.740547
10.188276	4.9089074
-5.4169087	0.8699805
19.380692	7.641238
-0.614668	5.1760902
-5.9181557	0.5205164
13.28181	-11.816508
10.7354965	6.8178215
-9.4849205	-2.3831115
-10.454269	-0.6759384
-7.444353	0.3954714
10.252668	-8.319439
-13.064421	1.9918483
-0.26370943	-5.7604437
1.6319264	-2.4138944
8.414433	5.4814744
9.049369	0.9261303
-7.654828	-1.6976154
20.393406	7.706858
2.0367308	11.123759
-9.268125	0.53311056
12.862267	-11.20554
10.183852	5.1588097
-15.234732	11.862647
-11.359219	9.151098
-10.226796	8.892685
12.65184	-2.4907482
-14.962737	5.8334794
-4.0858507	-4.2986465
-3.4776742	3.7942228
14.099543	10.479943
7.3526454	11.897295
-7.6965785	11.639313
22.4306	15.100524
0.13724291	15.670137
-10.366077	10.504234
11.528097	-7.5822167
9.648765	12.482107
-13.126339	-0.5430746
-11.303987	1.4265243
-8.945662	2.579358
15.874107	-3.4767725
-14.513162	0.24216652
-2.868588	-13.347996
-5.2165837	-4.718654
16.106808	3.4858024
9.899631	2.0865204
-9.918463	-1.6444076
20.846395	6.7692537
1.4516171	8.217338
-11.015476	0.8615347
12.072958	-13.185303
8.020274	0.60986054
-13.418556	1.9888109
-12.726564	0.6243106
-11.319981	-0.56288695
9.794985	-13.061323
-14.395046	-2.1517377
-4.461572	-10.049418
-4.848114	-5.320296
11.942625	-1.8637412
6.700568	-4.727498
-13.452131	-0.89309347
15.73483	0.7336924
1.832979	11.265549
-0.6263765	5.2630906
8.035401	-14.416084
11.283022	5.2015624
-16.545343	-0.74182034
-12.513452	-3.7332578
-9.91549	-4.552308
13.22933	-12.056474
-13.495991	-6.628729
-2.2097013	-15.588442
-1.389262	-8.3414135
12.982012	-0.6261462
9.373608	2.1266983
-10.992563	-3.1675997
20.750835	-0.17299095
2.9150553	6.2201524
-9.533002	-1.808707
9.219036	-18.034119
12.556623	1.8403696
-16.62339	4.7085295
-14.739742	0.7016634
-13.803676	1.1255124
12.118137	-6.98116
-15.553925	-0.24083716
-2.6784973	-11.944704
-3.900986	-2.456709
13.741789	9.390225
11.080957	5.942251
-12.972813	0.030896604
23.99215	14.133234
1.2898703	9.543536
-14.513359	0.23475307
13.950026	-10.911367
10.243473	5.5247254
-15.648859	0.097281456
-15.827129	-2.4041996
-12.976202	-0.68890786
11.396303	-13.03149
-15.24675	-4.113257
-4.302212	-11.471647
-3.7027862	-5.948335
9.858415	1.479641
6.005831	-1.2654641
-12.132359	-3.2273636
16.733416	6.761363
-0.3224057	2.0583746
-12.11691	-3.4649274
11.62538	-13.860938
9.265549	2.2282
-15.079185	2.0535805
-14.494705	2.3012037
-11.452542	0.7542067
11.444828	-11.505464
-16.306969	-1.0060673
-3.6983862	-13.056185
-3.9700246	-7.193026
9.81162	3.861769
4.817944	-0.064481795
-11.432609	-2.5541975
18.59708	6.479929
-1.1024823	5.9393215
-11.761303	0.41486132
10.67605	-13.920538
9.576042	5.1921654
-11.201199	1.9908674
-10.9132185	0.36743385
-6.73855	-1.0297257
13.152281	-10.482495
-8.238657	4.471063
1.232756	-5.9980474
-1.5374362	-4.910752
16.553108	7.1942286
10.045593	-1.3439646
-9.239062	0.43532413
21.10817	5.2021403
3.9468145	8.414579
-8.144342	-2.3992937
10.479309	-13.228105
13.239382	15.70812
-11.481181	4.8902884
-9.435553	-0.3633164
-5.7992716	0.77741146
15.605339	-4.408907
-9.280698	-1.7111046
1.0068479	-11.179492
1.7067664	-3.2339802
17.213768	11.984171
10.799863	1.9495803
-11.466712	-0.39468545
18.418348	6.2696753
1.0328697	10.65732
-5.008583	2.666752
15.961995	-8.238281
10.617693	6.7759905
-17.930168	7.89816
-14.931948	4.367362
-14.294571	2.6751947
10.350616	-9.919532
-11.504513	-0.15866318
-1.8282561	-10.139468
-2.8095696	-5.360231
9.983325	5.5254526
4.905122	3.520141
-10.883437	1.7550615
20.447098	15.202518
1.3872665	12.858517
-13.677256	2.9618168
12.364603	-12.3983755
9.405942	7.7666445
-15.899801	3.31787
-12.980723	-0.5795262
-8.750706	-0.29874176
9.987646	-14.4932785
-14.421912	-0.251979
0.6499958	-13.304886
-3.4167347	-5.66497
10.7553425	0.09880233
5.259322	-3.3561628
-12.762	0.7038814
16.750673	0.6003958
-2.9389386	4.766587
-10.725919	-1.6195269
8.416574	-16.67483
9.803418	4.512469
-13.103174	2.1487296
-11.1184025	4.202572
-12.730533	0.15460107
12.906008	-9.73687
-14.160597	-0.42136145
-5.5125446	-9.007786
-3.6359668	-3.5657494
13.236184	1.1467879
7.91636	-2.330265
-7.675457	0.6888857
17.371267	2.313445
-1.3487293	5.5234795
-12.757082	1.8139274
10.388321	-12.846647
10.365791	7.556781
-13.230637	0.45340872
-12.64878	-1.7529225
-11.442448	-3.8432415
8.671603	-16.695206
-12.387913	-3.3270783
-3.9919634	-15.744978
-2.856595	-10.68281
9.600625	-4.417808
5.4298964	-7.5088024
-11.416224	-4.1547785
16.472956	-7.1368337
-2.0640554	-0.8830333
-9.841922	-5.550157
6.9262047	-18.623194
8.080762	-2.7769363
-17.195393	1.4145119
-12.922083	-7.71107
-8.542659	-0.62084675
3.902635	-17.123777
-16.764814	-0.7092792
-7.0170803	-12.328369
-12.491649	-3.5220108
7.198689	-3.8458402
9.38893	11.160645
-6.2435546	0.86561847
17.914206	1.9101783
2.545785	4.4816933
-13.227413	0.5611962
6.02835	-20.40187
12.140399	-0.007895291
-13.783297	10.221481
-8.820745	2.834671
-6.8353415	9.859421
10.668398	-5.650896
-13.227532	5.3239765
0.020028591	-1.1715584
-2.1354706	-0.084216475
12.687918	10.183908
6.9670043	10.686884
-6.47945	3.8080244
21.024055	11.614567
0.9917581	11.997751
-6.5862823	6.178356
11.799952	-7.775379
11.407633	10.450909
-16.448315	-3.2524467
-15.734793	-3.304511
-14.3548355	-2.8930316
9.19676	-10.392298
-13.644627	-5.0968018
-4.1159515	-13.978765
-7.4802303	-7.47495
9.683406	0.72854716
4.5939884	-1.4478562
-14.893394	-5.2768273
21.589819	7.8671665
-3.1318076	6.16802
-14.663306	-3.852737
9.482817	-16.227814
9.265965	0.38513562
-17.472076	5.6011434
-11.343838	3.6100817
-11.473378	3.4275608
11.847104	-8.267616
-15.099693	1.5964445
-6.487754	-10.618378
-6.294853	-2.3111558
12.059641	2.6947186
6.913871	5.272418
-11.504323	4.522644
22.320145	13.427278
-1.2037956	8.490808
-9.409015	-0.6668972
11.317779	-13.266739
10.475012	4.521214
-9.64507	0.063925505
-12.449428	-3.6394432
-9.954759	-3.8217492
13.066679	-11.580316
-8.555986	-6.8199344
-0.6069412	-13.518614
0.88223827	-7.1174216
15.590864	-0.9690162
7.6397443	0.16304487
-9.74701	-0.5904761
20.733273	6.590627
-0.123004556	-1.1696334
-10.227205	-0.064787626
11.315402	-15.064177
13.977748	4.6364727
-14.41877	-1.0388069
-13.065756	-5.4877596
-9.619598	-6.8634725
14.038586	-12.845232
-10.936514	-6.887305
1.3077481	-19.281658
0.45130283	-8.732347
10.838172	-2.1397583
4.23415	-6.502849
-11.303799	-6.2946224
17.447102	3.2105627
-0.27036667	4.718621
-10.493046	-5.8225665
17.083092	-16.136324
8.257545	5.802024
-17.26445	2.7184377
-18.001923	0.9617008
-14.021686	1.8396384
6.3822827	-14.768539
-17.4011	-4.008133
-5.833248	-14.779502
-8.94025	-5.7609563
2.0754194	1.7145305
2.507401	-2.0873156
-16.116184	-0.6492637
16.323427	11.892568
-6.686928	8.341336
-15.1392	0.65153277
7.693575	-12.85704
9.994861	2.2551851
-15.6914015	-3.9642894
-14.489038	-5.4731464
-12.034301	-7.1668506
6.3764954	-17.69977
-15.274994	-7.682387
-6.00298	-15.594039
-3.5445275	-12.7965765
3.1398492	-4.973918
0.7093453	-10.483414
-13.139435	-5.4660015
10.246812	-4.1096478
-5.3164625	3.717058
-13.7655735	-2.599627
4.738598	-20.046053
3.5552683	-4.0409646
-18.962574	-0.6402216
-12.879283	-3.425271
-11.88212	-1.8925564
11.121212	-15.781721
-13.908564	-2.9082491
-6.7014704	-12.04572
-2.9326556	-7.532679
4.1185102	-3.3975494
4.941621	-7.484014
-13.648498	-2.5911627
19.141344	0.004245609
-2.2850041	1.4907172
-13.214191	-3.4557333
9.021597	-17.377785
7.853609	4.461666
-13.102707	-0.5594988
-11.955654	-3.4084287
-9.686898	-3.5417838
10.966915	-9.69714
-10.4964485	-3.51291
-0.028540134	-13.453085
2.6515906	-4.4180512
12.621498	-2.8242285
8.483519	-5.378469
-5.274346	-2.6888452
25.339071	6.4750295
-0.7997961	3.7691264
-9.496161	-4.164856
12.314325	-14.219576
13.001434	3.3313727
-18.679066	1.9272354
-14.3995695	-2.9598134
-13.63795	-3.5076797
15.084717	-8.304252
-15.42117	-6.083041
-2.9398608	-13.957131
-1.871333	-5.8702345
7.5619807	-1.8649863
5.4291477	0.5940424
-14.756481	-3.832298
16.282824	10.054076
-2.7974713	1.9994566
-14.690218	-0.95258856
14.109814	-12.857764
7.1404743	8.450604
-17.112152	5.8760037
-12.502556	1.5471215
-12.676097	1.349165
17.976727	-3.9930224
-14.82972	-0.2704476
-1.5362473	-6.1002984
-0.64622724	-0.3029093
12.959082	11.575949
12.093753	7.3404155
-14.338219	2.372313
16.888088	12.996119
-1.5053799	7.2426777
-16.621687	5.431933
16.137032	-7.246643
9.235458	17.9167
-15.895016	0.84171486
-13.681074	-3.642936
-12.53212	-3.1593876
12.397876	-9.345741
-11.574707	-6.637495
-4.841262	-11.31424
-3.0624142	-8.291486
9.195519	4.2248073
5.4550176	1.522933
-13.5521145	-4.8469996
17.983889	13.421422
-4.004969	5.0887566
-11.24952	-4.5619273
13.730336	-10.079969
11.22771	8.486416
-12.738739	0.31929064
-8.240469	-0.53788936
-7.5419035	-4.213241
15.726345	-11.116999
-9.150114	-6.924047
2.9774272	-16.623318
3.7311926	-5.8114004
13.555999	-0.61484236
5.481749	-0.69905484
-9.910015	-6.3477287
20.046654	4.8770337
-3.8536296	0.17551693
-10.8752775	-4.0893903
14.944157	-13.420971
12.328925	9.016643
-11.371772	0.21776533
-9.095683	-3.7027159
-12.2280245	-3.6420853
14.199268	-4.3546205
-7.235612	-0.6734103
-1.4332601	-4.0958796
3.8752966	-5.3418703
14.711011	10.273804
11.870278	1.8119183
-9.077215	-4.228376
19.699345	12.62218
-7.193555	2.1518002
-9.953977	-0.14283133
13.021735	-10.649258
14.515892	14.60513
-16.545624	-2.3932402
-14.750888	-5.463732
-14.616569	-6.3483624
7.3479395	-16.439672
-10.315876	-5.043596
-2.6165297	-15.187229
-1.1585628	-8.864268
7.1329374	-2.3180335
6.7900085	-5.90306
-11.865387	-5.8499823
11.719917	2.2400458
-3.5528233	0.27859437
-11.166837	-6.0492077
9.696242	-18.329313
8.222841	9.235168
-8.351095	7.1746755
-8.19041	1.7844715
-3.580348	-1.1112014
15.927588	-9.202865
-9.675533	-2.0288558
5.848899	-9.460537
-1.2069886	-0.43522906
13.306747	4.4524403
6.238944	1.1383097
-10.414221	2.7894442
15.4595785	6.758247
2.4377017	4.4330816
-8.806454	0.047305822
18.89724	-6.9653826
13.010309	7.373847
-13.232899	5.2931056
-9.947365	3.8732347
-13.064901	-0.28188232
16.697933	-7.169219
-16.917416	-5.495508
-7.5235972	-10.825188
-4.3960834	-3.9179664
10.675301	8.07011
8.780989	2.9746556
-15.589741	-0.26290214
18.167356	15.647017
-4.1390724	11.154684
-9.172508	0.37859035
12.321235	-15.735456
9.745291	11.178419
-12.582136	5.6549187
-12.51664	4.016723
-9.6089945	3.6365702
17.276165	-1.475683
-7.884099	0.82569367
-2.140389	-2.449149
5.3781824	2.6929502
12.486141	7.2340813
11.756511	12.810586
-10.443615	0.22748715
17.811945	18.970259
-0.6118769	12.39789
-10.282022	2.2644262
18.26529	-0.20009375
10.809862	12.141809
-14.569454	-2.6694772
-13.455322	-4.28933
-12.376009	-5.0969563
10.722696	-18.003353
-12.878085	-8.248177
-0.68258905	-16.682678
-6.9091687	-8.253927
9.510237	-5.580954
5.988476	-3.4863784
-13.684557	-5.571839
16.914661	3.593252
0.15049183	4.11118
-13.120243	-4.3489547
8.7748575	-20.72889
10.179387	4.958049
-14.250629	0.46282625
-12.418373	2.298491
-12.072719	-2.1940703
17.71997	-5.1771708
-11.640599	-5.8615108
-2.8633032	-9.987459
3.1071317	-4.512507
11.731511	2.8888555
9.28249	-1.4682354
-14.5493145	-2.3548725
20.556713	6.685549
-3.9030557	4.3231254
-8.547053	0.9515772
16.009932	-11.415063
9.503187	5.8607244
-18.55318	-1.2741604
-17.752766	-1.4032044
-13.430901	-0.33539546
13.174896	-9.194952
-11.860889	-3.3018997
-4.622436	-11.969876
-3.2068193	-6.6727433
8.064823	3.6411006
4.34063	-0.16768289
-13.909367	-4.317319
16.284967	9.251642
-2.852344	9.07542
-13.629421	0.76983094
7.7390757	-12.208651
6.293266	5.0878696
-14.392208	6.934574
-14.9653	4.3022614
-12.803042	-1.0727477
14.317094	-7.0263796
-8.040485	1.6320493
-1.9266129	-11.509529
-3.0657816	-2.1586392
11.61169	5.120365
9.389866	6.3258996
-13.49288	4.392226
13.840872	3.256412
-5.723563	11.4464
-13.464322	1.5679228
11.155018	-13.389273
13.691544	13.799748
-4.649381	7.2527227
-8.249869	3.4704463
-7.3451533	2.013783
16.866226	-0.21174884
-10.938836	1.624124
3.1367438	-4.725629
4.448145	0.17398906
12.098152	6.8645315
12.032621	4.871853
-8.842533	4.1400957
20.183989	13.640869
-0.6101284	8.660601
-5.582434	3.1851807
14.011686	-9.468226
15.508576	12.569871
-11.247065	5.483656
-9.362679	3.1914117
-10.447235	-1.75175
5.7983885	15.003145
-10.73885	2.7355294
3.26673	-7.163989
5.9148245	-0.8320821
11.435497	4.8815036
7.209524	5.0127587
-7.63458	1.2647924
20.751043	8.808856
-2.2960458	7.870288
-5.8090553	1.9812231
18.225025	-6.0043845
13.55134	12.946944
-15.904071	-2.243327
-11.043447	-6.895591
-11.012838	-1.5255266
11.915737	-11.963666
-12.541876	-3.7123375
-3.9506674	-8.829034
1.1260688	-9.209005
12.06719	1.9545078
12.885862	-0.71027786
-10.590172	-6.9748287
14.598431	5.045082
-3.5898683	7.6792884
-14.098117	-0.8194361
14.903182	-12.866779
9.364316	1.8854473
-18.789185	1.4950633
-16.191862	0.69220066
-15.818547	2.842599
13.808214	-3.6793826
-12.51145	-0.5541346
-6.6948447	-7.6821213
0.33440453	-1.0049427
11.897644	5.7525167
9.222054	8.198407
-14.95895	0.8399454
19.21918	17.30414
-3.5320535	6.2652493
-13.4619055	0.73145866
11.284878	-9.2073145
7.1842365	10.83401
-16.675173	-0.79228544
-14.852891	-4.62093
-16.66535	-2.277319
9.464465	-13.256755
-12.555713	-6.069287
-1.8172834	-7.559845
-0.1543383	-10.019196
6.739079	3.249948
5.0508366	-1.201256
-12.760863	-4.8647556
12.73562	9.484926
-7.3943324	4.7163777
-16.118649	-2.599567
11.327923	-17.643562
8.291637	7.9091835
-15.183647	2.6092632
-11.633354	0.14488482
-13.922047	-0.962531
17.255413	-3.2930064
-10.184886	3.264865
0.91159177	-4.252957
0.5640023	-2.8555272
11.000725	-1.550628
8.677709	0.35949266
-10.041179	-0.588394
20.278984	14.509758
-0.016350493	11.725075
-10.03905	-1.5504875
10.711945	-11.318502
12.552837	9.006987
-5.9964824	-0.41965437
-7.7882214	-2.841218
-1.7998233	-1.5652212
14.873963	-12.571854
-9.162471	-4.0542016
4.4987283	-13.398246
5.4893293	-3.6173317
10.396164	-1.2223291
8.862027	-4.5758247
-1.6214781	-1.647616
13.224455	2.4625053
3.3963144	5.0199823
-5.42413	-2.991345
15.629356	-11.4564
10.590575	3.6814647
-15.015139	5.1806364
-9.111178	1.0529126
-11.091106	-0.3535183
11.878136	-3.7766783
-7.0666857	1.6672466
-0.6605084	-10.228918
-0.95886993	-3.209928
11.297625	10.849772
7.6947937	9.970088
-10.127397	1.0297189
18.292107	14.789732
-0.95769334	7.6839175
-9.705847	0.663137
9.729468	-8.927373
12.18322	15.235985
-8.362016	0.908916
-6.547607	-2.790286
-9.231032	-4.792786
9.741123	-8.889563
-5.316225	-0.5119089
-0.041177273	-10.637692
8.9101925	7.7417083
8.809629	-0.8195466
11.608387	2.1195006
-3.3549628	4.332899
16.330612	7.413498
6.330139	14.702209
-6.1140895	-2.0372965
9.483879	-13.3966675
11.562532	6.3578453
-18.927841	7.749962
-14.275531	1.0713534
-13.186815	0.51524115
8.257109	-9.919927
-16.275316	-1.1923193
-7.688693	-8.107714
-6.534115	-6.2686462
11.461752	3.7575605
3.2971106	7.4023395
-15.264629	0.19040108
20.618544	9.093454
-5.5177145	7.547627
-13.532398	0.3550787
8.134275	-9.867413
12.576432	5.3502617
-14.831534	4.30828
-13.730813	-0.25114962
-12.675682	5.7660046
13.999628	-9.037203
-6.6151514	1.0192406
2.6439123	-7.0287027
-3.0573483	-5.099875
13.0722065	4.2726364
7.31567	5.6447124
-10.282111	-2.8586843
14.885902	2.7636323
-2.566912	7.2118483
-12.479153	0.7181351
11.731207	-10.116241
9.425243	7.616815
-11.961889	4.903522
-8.302685	3.7392817
-9.455072	3.7913306
13.9667225	-4.324648
-5.1937647	-1.4666196
-0.581887	-8.472085
6.588312	5.130949
14.849683	13.720958
14.947843	13.485793
-9.744435	-2.0631373
21.351048	16.893656
-3.3511274	5.7528105
-9.309921	4.028782
14.008164	-7.2939053
12.845354	15.742257
-15.458065	0.6025276
-12.819803	-4.601022
-9.115724	2.5233142
12.702594	-12.32219
-10.225862	-3.1327765
-1.1537757	-14.455317
-4.137318	-3.5089116
8.28902	0.17500985
11.696552	-0.52780765
-12.02711	-0.9191295
18.367666	13.163001
-1.4718221	9.157331
-11.546677	-0.5288143
10.760464	-15.499184
4.5381265	7.5239086
-17.76519	2.9848557
-13.383167	-2.162015
-13.515478	-4.1505046
13.542849	-9.3969755
-18.11485	1.4972913
-5.3131495	-10.937222
-8.163737	-3.2039747
7.4462185	6.5114994
8.420186	3.795958
-14.433495	0.45174915
22.038105	10.980112
-4.2709904	11.297256
-15.49504	0.61242557
9.16976	-17.944235
10.33105	10.123156
-14.877089	4.4067335
-13.324238	3.1067657
-12.096458	-0.54581356
11.757586	-7.0813646
-13.315353	-1.4750642
-1.3726676	-11.419002
-0.34551817	-9.209424
14.302631	2.2898326
10.391791	2.9380395
-11.031091	-0.7186695
22.344574	5.809469
-1.9762104	8.541949
-11.611571	3.3473384
10.122232	-9.065545
11.446334	10.028553
-16.183397	2.9936705
-10.882845	0.62099624
-8.273756	-1.1056752
13.5635605	-13.144976
-16.643108	0.6760057
1.8309774	-12.194683
-1.0724103	-3.8752337
12.144812	4.361694
10.89806	-1.979563
-13.461662	-1.3583065
20.065865	4.9145103
0.28164	9.969215
-11.261858	-0.24830127
12.6737585	-13.756943
10.188926	11.5405655
-8.260427	3.2458029
-10.239212	2.7026691
-7.919077	0.46941376
9.868559	-9.508486
-12.091818	-0.010525227
-0.57897806	-13.911741
2.0047657	-7.5167704
16.252312	2.8652158
10.090691	-3.801873
-6.0630255	0.5526012
18.599157	3.2009633
-0.73075813	4.6189423
-6.9972486	-2.8136997
9.012305	-13.700501
13.668994	-0.9725144
-16.70134	2.0651667
-17.504269	0.102443576
-14.5578785	1.486526
11.7621	-7.0901623
-16.117817	0.98560196
-7.2823205	-7.543933
-4.442422	-2.5883584
10.847371	1.1723213
6.9280496	0.96020484
-12.272983	3.7352335
17.093224	5.5416956
-1.7268345	9.624147
-16.276459	1.1571298
12.015817	-9.617201
5.840743	-1.9692061
-17.527676	4.139762
-13.350289	1.3462222
-8.719656	2.8467784
9.618519	-13.90481
-16.310886	0.701185
-4.8624997	-11.157005
1.6644974	-8.074224
10.157249	5.93672
8.814652	-3.755
-13.871289	3.9110599
17.503555	5.362872
-0.064510584	12.903854
-11.691955	2.947023
6.9571447	-13.245167
9.759895	2.6331964
-17.359098	5.545695
-14.064817	4.099242
-12.181603	0.08170766
8.52526	-8.994155
-18.527279	0.61040926
-4.064089	-9.728877
-4.0440626	-3.3471246
11.633711	4.659532
6.5810328	2.4791074
-14.193066	3.8199227
22.345818	8.271122
-3.47348	7.8854036
-10.843417	1.8554962
14.236712	-15.6548195
12.180807	9.657374
-15.747634	1.9867461
-12.876755	0.36536586
-10.022109	1.3673816
12.073739	-10.898918
-14.19962	-1.8317547
-0.5407455	-9.657638
-6.1686697	-5.502647
12.6541195	4.305481
9.771917	-1.4986763
-15.459047	1.9691503
17.236694	5.690163
-0.3197899	9.45382
-10.645826	-0.48092753
10.568977	-12.795442
8.318194	3.583527
-14.297749	0.10852027
-14.754865	3.654665
-10.41912	3.0256472
14.246016	-7.238817
-15.186843	-0.73716277
-0.42315674	-9.743784
-1.2189627	-6.612372
13.078813	5.759603
4.668359	-2.2502365
-13.123421	0.5076349
17.379213	3.9864757
-2.162249	5.224864
-5.6957912	5.5623617
12.51593	-12.276067
11.218916	4.062811
-15.005405	8.399824
-12.015694	1.6719425
-9.603596	0.9228623
11.552835	-4.101633
-11.642948	0.2396338
1.5214112	-13.355989
-3.7794154	-2.8182259
10.952883	4.728398
9.369128	6.4123335
-8.702782	3.6778717
19.891228	7.4499893
-0.6470742	9.454638
-3.1633058	2.1690185
12.215147	-7.1310124
13.799963	9.061111
-10.7913885	1.2630148
-10.188795	4.076699
-7.3536606	-2.2089763
11.342951	-7.709942
-11.5262575	-0.717284
0.5207516	-11.508712
-1.0075331	-2.6456137
8.425073	1.9752197
9.508694	3.0229685
-8.568436	2.4117289
19.908838	8.649744
-0.51869416	12.28844
-9.45695	1.7027866
12.196207	-7.9530344
12.291566	4.9544606
-15.499683	12.743725
-8.3881445	11.4452715
-7.7696037	10.893877
11.240921	-0.84633064
-14.084893	8.65959
-5.9383874	-4.0825796
-5.4043283	2.2522817
13.125189	11.386297
8.464186	12.539654
-9.851518	6.5512633
20.561176	16.635157
-1.5027354	17.558485
-11.040399	7.471762
9.817691	-5.5683804
9.6447525	12.736879
-13.280994	2.683102
-13.208112	0.049856186
-7.9407477	2.7947478
10.175242	-10.00763
-13.365258	-4.0689135
-4.6193767	-13.043732
-3.8244724	-6.9451957
13.720915	4.706514
6.4082336	0.31220788
-9.378345	-1.8439397
22.067896	9.004738
-0.2638487	1.929416
-13.092565	0.75837207
12.071616	-13.267344
10.151197	4.888421
-12.938545	-0.10307276
-12.584316	1.5149505
-9.022073	1.002531
10.487457	-11.277565
-14.20533	-0.03824091
-3.7411323	-9.7383175
-5.743541	-7.5936427
10.570913	-2.4558911
8.680349	0.12927246
-11.997008	2.46837
19.292944	3.4808135
-1.1411635	7.2224054
-2.6812048	4.5104523
9.600535	-12.781569
12.623348	5.919601
-15.578415	-0.7707164
-15.749565	-3.846913
-9.865084	-2.7998512
13.031954	-12.627624
-13.488609	-5.708825
-1.7673178	-15.724474
-2.0389223	-7.1665215
12.861717	-1.9211304
7.11751	-2.9539328
-9.419808	-4.085867
17.179523	-3.3266196
0.93427944	2.7415414
-9.662628	-3.682108
9.882998	-18.25068
12.6178	-0.5790471
-17.682314	4.5482254
-14.091935	2.6273632
-11.264086	3.2262254
12.475988	-4.3119783
-14.41927	-0.6274505
-4.3479223	-13.72985
-1.871259	-1.8251033
15.675038	8.614905
8.890715	4.8904705
-12.456478	1.6132057
23.332092	14.179636
2.1187642	15.494953
-14.064839	3.3335214
14.701173	-8.870733
14.365716	7.6359744
-16.572594	-0.22134638
-15.406529	-2.726568
-11.638492	-0.6946721
11.506079	-13.645662
-13.564584	-3.8638995
-2.6141167	-12.831242
-4.645518	-8.170479
11.104047	2.0973048
5.454198	-4.738419
-12.752635	-1.3157
18.105782	8.527501
-0.37844545	2.8614726
-9.149962	-4.830001
9.254884	-17.177849
9.583682	3.3473148
-14.299906	2.3383722
-15.889446	1.5383132
-10.431897	1.7670524
8.498138	-13.057005
-17.111988	1.2270064
-3.100677	-13.915737
-4.6333995	-5.631344
8.432739	0.8008038
4.423143	-0.4539761
-12.166691	1.5814126
16.96203	1.8071548
-2.6513968	4.0200763
-13.103731	-1.2293696
8.446785	-15.319687
10.406597	6.6012974
-11.096372	-0.59311676
-9.567358	1.2349707
-5.5407653	-0.44289887
13.440426	-10.16828
-8.944433	-2.7733734
1.054632	-11.063881
-0.93340933	-5.9276123
12.642763	6.032175
9.872765	-1.5461571
-10.33294	-1.0610806
20.225224	4.7226753
1.4159088	10.979805
-8.275614	-1.5854676
12.191919	-15.364934
14.15388	8.476587
-11.134929	4.643416
-7.601384	5.219002
-8.78689	1.5396014
19.402527	-4.2922897
-8.395967	1.0339055
3.5267603	-10.435169
3.328736	0.1893549
18.999434	6.684947
14.40917	4.24553
-6.4576426	1.2604626
18.972935	5.58171
0.47669384	8.858364
-5.94891	3.6510856
19.818249	-7.633902
14.30163	10.616484
-14.008742	8.953935
-12.577028	4.891323
-12.573252	4.199046
11.328163	-7.42161
-13.279418	0.8017242
-4.8013277	-10.019464
-3.5023742	0.6855514
9.066113	5.066059
5.5585055	5.037326
-12.703242	-0.33980355
21.7923	16.810987
2.6515424	12.595752
-14.066105	5.292081
9.251541	-10.463272
10.962528	10.818784
-15.423261	2.7910562
-14.50481	0.39788657
-9.003004	-0.07964653
10.139231	-12.412055
-14.7656765	-2.0900893
-0.48997736	-15.4451275
-3.2734475	-7.2176094
10.644737	-0.7008544
5.8509636	-3.4114552
-11.471601	-1.7497958
15.137938	0.47395396
-2.6703954	6.203367
-11.622081	-2.3416781
9.14972	-16.823343
10.065639	4.3131466
-11.00758	4.9856215
-11.547642	2.4007506
-9.8962345	1.1788682
10.805244	-15.753815
-15.657532	-0.44175124
-4.7291102	-8.123758
-2.2803411	-2.9089642
11.303555	-0.17714092
7.2344313	0.29363468
-11.585956	0.21242118
17.072428	3.8633504
-1.4010679	5.3573847
-13.592328	1.2235743
11.106323	-15.3469925
9.66827	9.135544
-13.73273	1.67223
-12.882374	-1.8011134
-11.927655	-3.8543553
8.7409935	-15.010615
-15.742773	-1.6054469
-2.4045386	-16.678701
-3.7900395	-10.73358
12.523425	-3.2137918
5.1671495	-9.610631
-11.958251	-4.362331
14.960671	-4.437362
-3.1105297	0.76151365
-7.5229425	-7.367757
7.709202	-19.443588
7.805293	-4.544651
-19.213741	7.6998906
-15.166998	-1.0985196
-8.604413	-1.9724156
-12.062145	4.1959543
-6.1554184	-14.100783
-11.925444	-2.6066594
7.5501547	-4.391357
5.222619	12.332775
-9.403551	9.690462
15.236922	2.4866283
0.34318018	7.3134975
-14.301924	2.0908253
3.4261937	-19.532713
15.34323	3.1589003
-13.398839	10.881885
-12.364595	7.486472
-10.131991	5.811555
12.406803	-5.3955503
-10.822393	4.364846
-1.4524138	-3.504116
-0.55920964	2.3776438
11.365448	5.6306314
6.332001	10.070759
-9.823259	4.5513206
21.298208	13.421006
2.4302363	9.385577
-4.4149427	7.974464
9.511426	-9.5283375
7.9204235	7.984285
-16.478443	-1.3231883
-16.807714	-1.7291849
-13.989256	-3.1208575
6.039477	-13.271779
-15.941898	-4.4366674
-4.9286146	-12.141794
-6.6682167	-5.876444
8.386873	-0.38631597
7.4996166	0.5621116
-16.079922	-0.9853978
19.538774	6.518777
-2.3875387	8.510044
-16.124783	-0.9821253
8.244497	-15.4632225
11.630139	4.8787384
-16.476704	11.436439
-11.288363	3.297389
-10.779282	4.856901
12.785617	-5.1972733
-15.358885	3.224553
-2.3994112	-10.608295
-5.9710655	-0.83445215
14.783727	7.354511
7.068986	5.515942
-14.617082	6.393381
19.500437	11.180529
0.84266245	11.274265
-12.991442	6.9286366
13.917452	-9.039884
8.955286	6.4076004
-12.548757	-1.9710741
-12.862928	-4.475114
-8.702105	-5.373867
13.18219	-11.884539
-11.938005	-6.2149067
1.782587	-15.22851
-1.8355727	-6.3542004
10.62244	-2.3475103
5.8581505	-4.9260325
-9.875946	-3.4153738
18.39441	1.6453993
-2.7079384	-0.37905014
-8.556561	-3.031569
9.524971	-14.675295
11.751391	1.5118936
-15.490225	-0.6533375
-11.099794	-7.4836197
-9.061737	-6.766199
12.257643	-13.447175
-13.523569	-5.4293704
0.38474512	-17.461205
-1.3725653	-10.27883
9.19725	-5.9466696
8.4913845	-4.8712997
-11.555756	-5.8156114
18.943005	2.578664
0.7985603	0.8949219
-12.45402	-6.6206713
11.481632	-18.754395
10.316901	7.464462
-17.597216	0.7109902
-15.513872	0.5327848
-14.191988	0.84258044
0.7216413	5.5020313
-19.369667	-2.7963824
-4.3565993	-5.314948
-5.3292236	-7.9018106
4.172506	-4.891776
4.290127	-0.20832051
-8.845141	2.1591148
15.279623	12.338141
-7.8031282	9.389762
-13.664164	-2.3148608
7.340354	-14.499038
8.259468	0.06660858
-15.374891	-3.807538
-13.61566	-7.884992
-12.142471	-6.150317
6.4012966	-17.714323
-13.313126	-8.512303
-6.7246037	-16.42678
-2.430544	-11.493155
2.9325016	-7.6250463
2.5645745	-16.922764
-9.05937	-9.373079
10.141527	-4.1374507
-5.4041305	-1.6060139
-13.153603	-5.9165916
3.686963	-15.769243
3.7634115	-4.681802
-17.526852	-0.48772144
-13.880666	-2.8394465
-13.013723	-0.6864179
10.539463	-15.086116
-14.609245	-2.0009909
-4.692344	-13.390511
-2.38931	-7.02746
8.969235	-4.7566113
5.8890467	-7.067314
-14.094294	-1.7412068
18.674934	-0.07898548
-1.630325	3.5278406
-8.494756	-5.0800204
8.459694	-14.927655
10.996895	3.6615684
-11.280441	0.08792782
-11.323116	-4.620194
-11.196482	-2.333612
11.234796	-12.619059
-11.360747	-6.532951
0.39599657	-13.910992
2.5540564	-4.687476
12.605618	-2.7153473
6.9633555	-2.2946582
-7.8986683	-5.389355
22.410294	4.026594
0.24647224	2.0433934
-10.806699	-5.520241
11.568138	-14.934523
13.088014	3.5695653
-19.382694	1.7057273
-13.766838	-0.17021102
-13.986952	-0.9542322
12.823402	-11.554705
-13.792072	-3.1588113
-2.7366495	-13.914677
2.4519625	-5.1397805
6.8794513	-0.06549013
6.570736	2.0852315
-14.361958	-3.774771
18.34378	12.737844
-4.590096	0.8357041
-15.971001	-0.2593968
12.504917	-13.133559
7.011459	8.147191
-15.297602	5.399459
-10.696597	4.804837
-13.463706	1.1091387
16.255804	-3.8305907
-15.598087	0.07415748
-3.759037	-8.431091
3.0969234	0.046458244
14.292516	12.664347
9.326547	7.8367987
-14.699762	1.2307093
17.168467	14.906343
-5.015413	10.18088
-14.712385	1.9461184
14.505517	-7.9124913
9.227033	17.173128
-16.174358	2.0396042
-12.993979	-1.7289505
-12.869802	-0.14085388
5.7048273	-12.291679
-12.758326	-6.003022
-3.643742	-11.880102
-4.876142	-7.2655377
10.766531	5.2673845
6.200875	-0.6528228
-12.021735	-2.3916967
20.089373	15.400427
-5.559696	4.8519325
-7.9832544	-2.5006459
10.464787	-10.324466
12.871365	9.255307
-9.565863	-1.9423552
-7.7907505	-5.847545
-7.3978634	-6.4983993
16.922607	-5.6267276
-9.379938	-4.7015357
2.9280005	-14.80186
2.5101526	-5.9080777
11.246597	-1.6194863
9.431247	-1.5294704
-5.26495	-5.616693
20.52791	9.737439
-6.267352	5.4084053
-7.673052	-7.962326
15.940621	-12.6110115
13.628876	5.566497
-11.804674	2.9412646
-6.9669123	2.292017
-8.806259	-1.4680362
15.799358	-2.7415402
-11.184207	-2.5896344
2.0981975	-5.1259727
5.6631775	0.853825
13.435705	8.124023
12.215162	6.434081
-6.077685	-0.6168712
19.92555	13.027422
-5.8101172	3.3324351
-3.4873886	1.2041302
16.583925	-4.2621374
12.296986	11.5992775
-14.475267	-0.62002754
-11.548285	-4.0426116
-10.952511	-4.2172217
9.552481	-17.058601
-14.839193	-3.711484
-1.6728938	-16.05257
-0.5209005	-10.170824
7.777317	-2.967373
5.0610332	-6.6952877
-11.373611	-5.008106
14.936485	4.5805545
-1.7291276	8.392703
-9.465006	-5.7770615
9.096619	-17.684072
9.716274	7.5536346
-12.233244	6.797638
-8.211775	0.3331983
-5.6933613	-0.4508084
16.20903	-6.7357836
-10.334812	-1.0697653
5.291794	-8.488656
-4.569927	-1.8958051
14.282364	4.5762796
7.330947	1.8457347
-9.366323	2.1973844
18.801888	13.016747
1.6678611	3.2262852
-8.420735	-1.0733097
17.231249	-6.282928
12.371151	7.788954
-15.306725	2.7217298
-11.164028	2.8813128
-13.220177	-0.5287254
16.74133	-3.3509603
-15.089292	-4.8761215
-1.2269013	-6.9684315
-2.586652	-5.510855
10.999491	8.929685
11.433154	6.2733
-14.056287	-3.4068289
18.666758	13.764574
-5.1298475	8.197198
-11.786261	-1.8821574
16.517208	-9.252083
9.930156	11.73129
-12.202672	6.1398163
-13.21427	0.14148486
-12.35098	1.2826625
19.07442	3.7944252
-9.650812	2.4914865
0.29193842	-1.0711582
4.8582582	1.5917656
10.804786	6.813171
8.077529	7.3362365
-11.8197365	0.85096526
15.8135605	13.643749
1.2156419	13.836203
-12.212339	1.7844961
17.586914	-6.4606304
11.656493	11.54434
-14.459009	-3.8233974
-12.611496	-6.456395
-12.273966	-5.9934244
9.380228	-17.456984
-14.250517	-6.551799
-2.6043053	-16.800728
-6.6603813	-8.550101
6.9088383	-3.0559342
7.15981	-4.93065
-12.668099	-3.2503872
17.507938	3.1499221
-0.9766704	6.557544
-9.423053	-8.777189
9.351925	-19.900787
8.815885	0.55311096
-14.574933	0.4760003
-12.547841	-2.1632967
-13.025514	-2.556889
12.479192	-12.598913
-13.21155	-2.3051977
-6.118887	-12.412621
2.9165978	-7.3214455
9.540531	-0.8891383
6.524205	-3.3384674
-17.180614	-3.2102602
16.410458	5.9048142
-5.4634356	-0.68637204
-13.288624	-1.942538
11.180741	-11.242559
9.313944	9.939361
-19.889168	-1.6373067
-15.109186	-2.5564668
-14.244166	-2.0699503
13.553241	-11.202229
-11.772217	-1.8068252
-5.2730417	-12.530643
-3.958662	-4.2982984
7.2585545	2.8610253
7.980629	5.366366
-12.966417	-2.533659
16.872187	7.9763527
-4.095891	7.9363775
-15.972546	2.425808
8.449576	-14.57277
11.947301	12.809885
-14.942324	6.016309
-14.039376	-1.8792467
-11.524738	-3.469454
13.1446085	-2.840201
-8.980161	-1.191783
0.15712488	-11.65457
-0.1781857	-2.0576792
9.206441	4.43576
8.858029	4.0448484
-9.614124	-1.908838
15.210084	3.8070858
-2.1627448	10.5659485
-13.776039	0.56113696
11.374086	-11.159939
10.7273655	8.844046
-7.6032696	10.642147
-5.442314	4.4506335
-5.187501	4.1162615
18.721489	-0.37382984
-8.514484	3.1362672
2.1317961	-3.8359737
5.241622	1.6639566
14.776873	11.385918
13.40847	12.45969
-8.437395	4.916739
17.546423	13.447282
-1.3176014	10.577705
-1.6488324	5.0551033
15.068402	-6.970412
17.80659	16.073784
-11.990282	9.521927
-6.586353	-0.80423486
-10.663764	1.7443597
-13.051939	-3.5573497
2.8372097	-8.044883
6.053892	0.06948483
9.802519	3.2094808
8.766491	4.579432
-6.936839	0.8990871
19.565176	7.5736575
-1.661646	8.560459
-8.829198	2.343983
8.687939	-9.065004
13.604709	12.568949
-15.235014	1.2090883
-10.637863	-1.6396737
-11.665192	-2.1666594
13.265562	-12.427616
-13.596865	-3.5788407
-4.1655045	-12.262484
1.0967121	-7.9544897
11.307213	3.5324364
12.52426	2.6139946
-9.98931	-3.0791848
17.059921	5.9667144
-2.3563426	7.388963
-13.898853	0.502666
14.844238	-14.675125
8.8351345	8.151472
-15.225399	6.331867
-16.005642	-0.45229936
-14.683984	2.2808743
11.297535	-4.669398
-15.653036	-2.3219879
-8.444314	-10.210697
1.8497144	0.25579733
10.620174	5.544494
9.560172	3.7317865
-14.334611	0.4879763
16.175947	14.584242
-3.2135596	8.500923
-12.067214	-0.29998899
13.590021	-8.884547
7.284869	8.239436
-16.19471	-1.6136522
-11.339718	-5.0130134
-14.342411	-1.1036477
8.990432	-16.21072
-15.120138	-3.2160025
-3.3132293	-10.87062
1.3537557	-6.1866546
6.487956	-1.3237013
5.567252	-0.8350088
-13.622363	-3.8626752
11.990946	10.85294
-8.212002	8.436987
-18.106726	-1.6372356
10.743354	-11.266245
10.142288	11.110115
-16.019514	4.272173
-12.730074	1.8397017
-11.987937	0.04493618
16.26921	-5.495163
-13.619894	0.8635614
-2.3395505	-11.265369
-0.662465	-4.0433726
12.065873	-0.1126315
9.502369	2.5353532
-10.830307	2.6512136
14.354095	9.837225
-0.8464425	8.914671
-12.463673	-1.876875
10.377277	-11.441141
10.405609	8.061489
-4.9974155	0.5117767
-7.9133606	-2.4758775
-1.5882943	-5.709348
13.18224	-9.4098625
-9.116189	-2.8749518
6.536902	-12.846856
6.8118277	-2.0050871
9.846657	-3.2447097
12.564076	4.006852
-1.0452461	-4.94127
17.272545	5.069561
1.2866609	2.335156
-7.171685	-1.02091
14.408616	-12.814594
8.973932	6.260193
-10.313557	7.9342
-11.441696	3.1842525
-11.514466	1.1376041
11.858856	-1.406925
-10.936489	-2.0966392
1.9111853	-9.251737
0.7706499	-0.23047274
8.88602	9.599955
11.995739	9.661296
-9.021575	1.5315096
17.91333	14.4034195
1.3739725	8.125048
-9.203217	2.068002
11.828836	-5.2814364
12.691412	16.702291
-8.17658	3.9656024
-5.556447	0.7232431
-6.2332463	-0.9254483
10.825156	-10.034878
-6.1763525	-5.4333973
2.5138516	-10.361139
7.0562983	-2.932899
6.726056	-2.8836474
11.32132	4.704054
-4.4910297	3.767805
17.919794	13.129356
3.421825	11.308183
-7.2409644	3.0152118
13.296204	-9.68102
14.4345875	14.511419
-19.748024	2.4477305
-14.643259	-0.50746393
-12.69534	-0.5509192
11.789023	-9.337505
-14.479289	0.5838797
-6.0364304	-11.137928
-5.7938933	-4.5132933
11.103493	1.9182084
2.5694642	-0.67214453
-14.1052065	-0.64805293
19.999252	7.4478126
-5.5612893	4.722228
-11.843311	0.05938506
12.583924	-10.849937
13.444993	7.533936
-15.145979	6.472381
-13.667485	-0.0028873682
-13.246148	3.4703736
10.420477	-11.163235
-13.054211	-1.5059105
-2.1935186	-7.244008
-4.723521	-6.4034925
8.093556	3.0545661
6.653542	0.51095605
-13.190123	0.49201632
18.644505	9.176964
-1.8819704	12.0445595
-8.652069	2.1653743
9.152015	-14.562725
10.706436	3.3073907
-3.472125	8.967768
-2.469934	5.6628776
-10.024998	6.1690598
19.107058	0.9547663
-10.017288	1.1658525
5.716826	-3.1514595
4.976957	2.4298775
12.639469	10.28042
10.342964	8.560038
-4.6539373	6.5571527
20.943573	13.2697935
-4.239871	7.9567976
-6.5339375	8.805375
13.751979	-10.033924
12.506132	20.289686
-15.018688	-2.9001315
-11.821167	-6.5022936
-8.799124	-3.242866
13.178022	-14.919031
-10.502428	-5.12621
-3.8355463	-14.085519
-2.235114	-9.056968
6.9798136	-5.0202346
12.303799	-3.375552
-10.933207	-4.759578
13.404368	10.954359
-4.868401	6.6425314
-12.541052	-2.843261
8.680847	-14.363424
4.6423407	9.120464
-14.412863	4.9943457
-12.401458	4.474443
-13.33406	4.656711
-13.795989	3.9042308
-9.6488285	3.8825493
-10.587241	3.34197
13.779499	-7.0419235
14.3416195	-5.5304885
-14.659233	4.543556
-14.838661	4.345274
-6.0083647	-1.826509
-5.1132755	-7.36145
-0.8845123	-5.3084736
0.52411443	-4.807468
12.918625	6.92008
11.573734	3.5299444
9.618579	-3.5374558
10.723454	-0.4525344
-10.607633	1.9908085
-10.317512	0.90817034
17.066236	1.9799088
18.658596	1.5858581
-2.9489326	8.33365
-3.4592483	5.7280188
-13.083812	6.6782684
-8.372639	7.3415976
10.901278	-7.689567
13.464501	-12.546946
10.608583	7.281884
10.964556	3.8735738
-9.006526	1.4309605
-11.696787	0.19687152
-11.781183	-1.6036428
-11.611036	-0.71059597
-9.801264	2.3318899
-10.920197	0.69720125
7.6071973	-11.05923
9.125	-9.416237
-12.961084	2.8773806
-14.14931	3.4053025
-2.6487575	-7.047302
-0.74603903	-7.4099164
0.7880845	-3.4324322
-0.28418767	-1.8200021
10.87823	3.3616638
10.6300335	2.9808562
3.4838383	3.2056408
2.978609	2.1097713
-10.358036	-0.01966691
-11.208767	-0.6969479
23.589352	8.96819
22.307505	8.55102
0.8982997	8.142636
2.078714	5.322927
-10.505449	-0.1388135
-9.052643	-0.64419615
6.501707	-10.154342
6.223896	-11.510614
15.241331	7.4142017
14.867983	4.100258
-11.974077	2.3390353
-12.496952	2.4317002
-11.627739	1.4890039
-11.722288	-2.6586335
-9.571618	-0.86057144
-7.65071	1.0492098
13.272488	-9.183291
10.303166	-11.529304
-13.308691	1.8767679
-12.41057	1.0785819
-0.7940974	-10.092815
-1.3951004	-7.9648423
-2.017246	-1.5217199
-3.6143706	-1.8578066
11.192173	0.4344445
10.522894	-1.5998166
10.844644	2.2424102
8.103598	-0.964957
-6.34445	-1.9273847
-7.6713643	4.393048
19.91956	2.3999317
20.71741	2.4999573
-0.22712594	8.3305
-0.45020294	6.4460306
-11.097308	-1.5427874
-12.050547	1.7885005
10.564546	-12.119474
11.411936	-8.953075
12.82494	6.157588
9.1692505	2.4770784
-15.20569	3.0283494
-12.537489	-2.155169
-12.091301	0.87655485
-13.599916	-1.4126363
-13.690176	-3.0260892
-11.079452	-3.8052573
10.681992	-11.919424
9.188742	-10.009173
-15.958882	-1.1124084
-14.921221	-0.44296682
-1.9095085	-12.36548
-2.1847765	-11.6815195
-2.2335916	-4.438162
-2.1661434	-2.3158388
6.1807737	2.014299
7.402755	4.85487
8.440922	1.1598759
-13.068635	0.0802083
-13.8785095	0.10023129
16.6084	8.830051
18.958862	11.86573
-1.5059128	7.5796733
-4.3694654	1.1439925
-12.109997	2.570603
-11.597083	-1.4779655
11.418105	-11.997544
10.915394	-6.701934
8.336878	5.0063653
9.22343	6.0043488
-14.503588	7.7267094
-14.559015	7.4875684
-9.20079	9.617622
-12.245272	7.0632644
-10.473158	7.776981
-9.114655	10.948728
15.216098	-0.97884655
14.17593	-3.6622221
-13.639856	5.5113726
-16.3134	-0.00096189976
-0.5468681	-3.334838
-0.43007588	-4.556606
2.9325995	2.8368113
1.735587	2.8654766
13.693943	8.689259
12.560346	7.4017115
7.199772	6.398342
11.076147	10.153381
-10.882867	4.6588993
-11.39464	7.9072895
20.796326	15.974859
20.45834	14.550326
-1.3262664	9.107276
-2.071425	10.7171545
-14.107535	8.074612
-9.257414	8.617491
12.563425	-5.55355
16.859077	-8.2656
11.942466	10.772387
11.013762	13.200715
-18.361963	6.9778566
-17.263556	11.929487
-13.363407	5.921715
-16.243526	7.9991527
-15.605524	6.173702
-14.637674	5.336164
12.781276	-9.5726185
13.348778	-9.512994
-20.569794	3.8413649
-16.566565	6.858199
-2.9024374	-12.972454
-4.5069103	-7.1931787
-7.5983067	-1.5578309
-6.256015	1.4031801
12.605585	5.931227
12.659226	1.4509737
3.5670605	-0.37777746
6.50377	6.668671
-13.986654	2.860081
-14.393066	4.8112955
22.139793	10.445772
22.536482	10.687258
-3.003982	9.708545
-3.2572348	13.7583475
-15.523867	8.519939
-16.645767	4.7858644
10.7436075	-14.411915
9.194717	-12.538003
10.515425	7.551253
10.57187	6.876574
-14.209692	3.458261
-15.03521	8.133666
-14.670506	3.5487382
-16.225372	7.315902
-13.2048645	6.887971
-13.974886	8.324094
12.101913	0.5276575
16.85792	3.1006804
-15.468798	0.42538232
-11.624657	4.8429747
0.3746946	-4.293923
0.9256027	-4.5222864
0.7455003	3.4292688
1.7423156	0.7541235
14.440642	13.139085
13.271498	12.618648
11.25338	7.8317504
9.548621	8.918237
-8.476344	6.1213374
-12.20684	5.6049848
19.256433	15.05821
22.748447	20.460623
-1.88679	13.760498
-1.7108065	11.918003
-8.559964	6.457032
-11.044432	9.469901
11.418294	-8.853845
10.977202	-6.290903
11.980941	13.734604
14.04277	16.791412
-14.147875	3.290416
-13.345198	5.2931147
-14.551968	1.5663067
-12.4264145	5.6163526
-12.496401	5.9805717
-9.558918	5.4785967
9.4865885	-13.102825
11.136084	-6.893506
-12.500973	0.9772686
-13.078136	4.9217215
-1.041152	-15.442641
-2.9157286	-10.477589
-2.7753305	-5.311631
-1.1856318	-3.093408
13.271578	4.010589
12.794604	7.1222734
9.042162	-1.7493526
5.818963	0.01107128
-11.423693	0.4672457
-10.86905	2.7519996
23.083038	9.582346
25.26591	14.181522
-0.24531749	8.504583
-1.0346864	9.619181
-11.716691	4.7936754
-11.066828	4.3621607
14.254711	-13.338013
10.107608	-12.786982
10.050329	8.294529
9.525177	6.458393
-12.963664	0.2468555
-13.956198	5.417983
-12.204788	-2.042991
-12.908494	2.5472422
-8.324661	1.6285045
-14.074917	6.2076197
13.713217	-11.989799
13.652164	-12.18075
-13.0641575	1.0058645
-14.990938	-0.8680738
-2.4972677	-9.877062
-2.4694772	-12.621351
-3.8970494	-4.7908483
-4.8609986	-5.7104964
11.92432	5.1824484
15.590113	4.8678865
11.661976	1.4103652
8.017993	-1.8152483
-12.686592	1.7937077
-12.986183	1.525106
19.954582	0.13402706
21.746452	9.006796
0.4778341	10.125534
-1.3413754	11.177639
-10.764096	-1.0567166
-14.8874	4.944236
14.019645	-10.1106
12.186626	-5.0524817
13.854784	-0.19680178
12.702946	4.152508
-15.405901	-1.5895278
-14.71612	-1.6003346
-14.775556	-4.38025
-12.970953	-3.319252
-11.116096	-5.77537
-11.757756	-6.3026705
10.502818	-13.307602
10.834845	-15.15819
-17.455217	-2.6454418
-14.158106	-6.0019097
-3.478734	-14.723639
-3.3026137	-16.17654
-0.69189376	-7.0008106
-0.27113658	-9.442549
11.327977	3.6623135
8.549287	-1.8395591
5.4970307	-4.188029
4.2728066	-5.630993
-13.720688	-5.2810526
-12.346064	-6.494914
15.5851555	3.493397
14.0744505	-0.26796958
-4.4001513	0.64103246
-1.6674278	-0.1285013
-17.563381	-1.3913028
-16.772331	-3.0865476
8.336513	-17.020851
9.438476	-15.654566
8.611165	4.9808793
7.343479	5.119301
-9.796696	0.18184459
-11.301483	2.4059713
-11.792225	-0.21109319
-13.341143	-0.985026
-8.837554	0.5852555
-11.396841	-0.023626506
12.60162	-15.071953
14.06909	-13.918272
-10.464689	-4.955951
-11.609528	-3.6906464
-0.746541	-14.3658695
-1.15517	-16.294252
-1.0211563	-6.951224
-1.4717951	-5.187157
13.027874	-1.2062677
11.655669	-0.9817166
8.253093	-4.4729877
5.941512	-5.4330425
-12.198971	-1.3701656
-10.92945	-0.8445699
17.394535	-2.113863
15.086512	-0.8856473
-2.3467832	0.4875722
-3.075296	2.6419573
-10.977404	3.4548047
-11.879265	1.2915137
11.146484	-16.761461
7.351184	-18.661507
9.489319	0.07629013
10.566042	2.2503347
-6.680503	5.408279
-6.2057295	5.3358088
-6.2459645	1.355489
-8.232195	0.19716597
-8.503271	2.6964796
-9.615874	0.18630731
20.352577	-2.2908392
19.082035	-4.14407
-8.917313	0.41795644
-8.94005	-1.6530473
3.2342076	-9.7536125
3.0214107	-10.811972
5.249932	-3.4329038
4.86734	-6.9086905
17.017258	6.2373586
16.15373	3.2345095
14.42514	6.3813915
11.618948	3.1282861
-4.871874	0.25614384
-3.3043838	-1.9333421
22.504076	11.521276
23.627514	11.027424
2.479528	13.546451
-0.8719158	8.768574
-4.8805523	4.600197
-7.4595466	1.6939402
19.549747	-5.309043
14.880977	-9.328852
17.040686	7.058107
16.545269	10.847006
-14.476147	5.0649815
-14.185123	6.4651566
-12.912218	1.438507
-12.600805	2.7320147
-11.909468	3.2208512
-10.038157	1.544804
12.911989	-7.843624
10.932394	-12.232624
-15.954535	-0.10933328
-15.495308	0.6461785
-2.650778	-12.496286
-0.5455606	-11.591471
-2.7767015	-4.1193757
-4.193488	-3.7225235
13.6882515	2.1985831
12.49087	8.097054
9.801507	2.481611
9.656184	2.0197346
-8.872621	-0.96652156
-13.516821	2.1377933
18.621983	2.3538108
17.236403	4.6988945
-2.0121903	5.373866
-1.6056211	7.5394197
-14.062846	2.8899658
-9.574076	-0.12135923
13.893457	-12.434248
12.428621	-12.613641
9.613577	3.1673262
11.316771	6.5434446
-12.798691	0.17125511
-16.140635	-2.078445
-16.812782	-0.4893711
-15.935095	1.5039164
-10.310821	-1.2758049
-9.734756	-1.0720034
11.567496	-12.758511
11.178507	-10.418047
-16.607985	-3.2255704
-17.613817	-1.3164997
-2.6847384	-15.565509
-2.370928	-13.499415
-4.593299	-8.140385
-3.9759672	-6.753663
14.647507	3.1773653
11.982884	0.74997556
6.6325192	-1.5065413
5.21542	0.12104288
-10.220839	-1.1598049
-12.234186	0.6841479
22.489166	11.901454
21.808483	11.415884
-1.2065583	6.8822184
-0.7699421	8.250943
-14.698221	1.838944
-10.58172	1.2426043
9.540173	-15.245348
8.688148	-11.941012
13.600235	8.880754
12.991482	6.4357967
-16.632883	0.9187653
-17.823263	1.6307287
-15.858229	-2.6259522
-16.474447	1.6103227
-12.770695	-1.5816048
-13.932854	-0.63395786
9.619007	-17.35089
9.182254	-17.018692
-17.424938	-0.6111599
-17.428558	-1.626507
-3.6114585	-12.588869
-3.2998357	-14.575172
-2.8835845	-9.726075
-4.1710362	-10.478674
11.913013	-2.4751666
9.961189	-4.676612
7.2956877	-7.7772427
6.2134986	-8.910925
-14.413625	0.30044198
-15.459189	-1.5347781
16.200094	-3.4448676
17.36947	-2.9765477
-7.8912196	3.012125
-4.7453547	9.410823
-13.991784	-2.1186907
-13.411166	-1.7478954
9.193938	-18.327385
7.3829226	-19.271158
8.251912	1.6313226
7.8965015	3.5945272
-13.623397	8.158331
-10.813799	6.404937
-13.058159	7.7227087
-12.812764	6.253995
-8.364458	1.2292423
-8.610929	10.27975
17.72625	-1.8554623
17.52308	-6.4160495
-13.78908	5.4497957
-14.698103	3.696763
1.1380324	-3.6363895
7.253655	-5.8171144
4.656975	1.2719606
0.5810647	-3.6596808
14.950319	15.25662
14.964254	13.146639
14.546636	6.951953
8.98148	8.121755
-11.3131695	4.3521657
-12.812936	0.52499056
22.10059	12.794449
20.086802	13.3783045
-1.2187891	14.010544
1.0835834	13.80573
-12.596496	4.663062
-12.168852	6.210445
20.628876	-1.7317443
16.126526	-7.3760033
11.744499	13.961111
11.659449	17.725023
-5.824546	1.4533286
-8.87214	4.533237
-9.202833	-2.0074594
-8.429718	0.091888785
-9.514344	-1.161495
-7.222289	2.2156873
14.320942	-7.698825
13.130234	-7.067978
-6.8747663	1.1515284
-7.802615	1.3420528
1.8998035	-7.1310387
0.33718157	-8.514843
3.4312088	-3.268753
0.7261726	-1.2649102
10.179842	6.985512
9.669289	2.9715881
13.717267	-0.2743075
13.313244	0.7883152
-6.1130457	-0.8464225
-4.9544735	-0.67717946
18.051903	11.308166
19.050112	9.546449
1.4613546	11.281456
-0.7823726	9.902195
-7.337777	0.74759233
-4.6596193	-2.4432554
14.645918	-9.529731
11.917595	-14.116648
10.449069	8.990427
12.676325	8.76587
-15.642449	-3.6462367
-14.83263	-4.3109856
-16.504505	-4.3886375
-14.864588	-2.885569
-14.217339	-2.652914
-10.54235	-5.876116
9.569733	-14.957161
9.347212	-15.739715
-13.811436	-6.0285554
-14.637529	-7.016328
-3.689562	-11.783972
-6.160366	-12.390373
-2.6740532	-12.106984
-0.30987793	-11.120014
8.54059	-9.757746
5.72326	-6.701718
5.9980326	-4.9999776
5.5449395	-3.9943109
-13.428035	-4.8283997
-13.691303	0.22242486
14.134408	6.723441
14.451763	8.071402
0.27964562	3.3272853
-1.2394186	2.9406686
-14.033676	-2.0093563
-14.098225	-1.8897898
9.272064	-16.22125
7.1487513	-14.756079
9.310071	4.8941593
10.330499	8.198943
-19.69448	5.541371
-18.54929	4.520042
-17.161158	-0.7181109
-17.357302	0.45024872
-15.204921	1.6951826
-12.688982	2.5736403
13.9199505	-8.26179
7.154535	-10.159016
-16.82695	-1.0101857
-18.532625	-3.0971332
-3.2715151	-10.534122
-5.241	-9.344112
-2.1789734	-3.9755924
-2.194998	-3.7759511
12.256283	8.082753
9.467936	6.539248
8.832215	4.3021917
7.0373864	2.1861901
-15.778356	0.70930266
-17.98777	2.366252
18.269064	13.23769
19.573359	15.395559
-6.04207	10.110265
-3.0928001	13.02442
-15.461817	2.395263
-17.955296	3.2545018
12.3993635	-11.608263
9.571538	-8.777966
6.970417	8.228656
8.951222	9.162913
-6.6683607	5.1886096
-9.788006	3.6709056
-1.584321	4.4072766
-1.4400922	4.453302
-9.016836	0.30926633
-8.009141	-2.4575057
14.706263	-5.965268
13.257199	-7.1949434
-6.260273	0.09060347
-8.005879	-0.5861573
1.3710423	-8.909864
3.8098042	-7.0784764
0.8903657	0.13780636
1.1660854	-0.011155605
12.241409	10.448044
13.478847	12.645856
9.483547	6.314712
9.070147	5.9425654
-6.564939	-1.9364374
-7.1373453	0.055461287
20.586678	14.224669
21.994335	15.290972
3.9869547	7.949859
0.7530837	6.8958745
0.37659287	2.8770926
0.9586064	2.2853389
12.824202	-3.902027
13.170894	-3.153572
12.576788	13.134236
10.078363	12.546253
-3.106564	8.472404
-7.471188	9.358206
0.10386455	5.7112875
-1.4220462	9.1742
-4.3480062	1.7773464
-1.6309369	10.224531
11.590343	-0.30937958
12.776279	4.8782334
-4.914395	2.1356165
-4.03721	5.36238
6.354925	-6.834642
6.471463	-0.9338074
7.781207	5.857647
4.566586	4.437455
14.035898	10.756626
13.292756	10.379446
9.432998	7.8257623
5.8546343	6.9664483
-0.13936043	5.536748
-1.4142206	5.738718
21.013548	18.894424
22.203424	18.756748
0.92538756	9.416117
4.764744	13.906635
4.261338	9.74559
1.4122323	8.929904
16.170084	-3.0666497
9.971399	-1.6916709
17.054173	12.251214
15.415046	14.711493
-11.625285	2.303844
-13.114789	4.4978914
-13.038498	-0.061373472
-12.641608	-0.04846835
-10.177131	-0.9311907
-11.926481	-2.0365386
15.026569	-7.6560946
19.509445	-4.0943584
-8.284909	-1.7919911
-11.897177	-0.8401407
-1.8099415	-13.813873
-3.950066	-12.243101
-1.9063351	-3.731153
-2.5620832	-1.965614
12.0086155	0.8320458
14.694739	4.0835233
14.771387	2.4523444
13.689114	-1.1541624
-8.90947	-0.2197206
-12.596818	-3.0447989
22.482944	11.116805
20.869122	10.12025
0.35802072	7.6171746
-2.6349695	2.5081108
-14.874561	0.36841154
-14.818273	-0.842078
13.135978	-15.655619
18.415741	-8.577353
13.21347	9.204095
14.158867	11.471194
-12.371195	6.070015
-13.403444	1.5304608
-11.640785	0.86829364
-11.537811	-1.222609
-9.783833	-1.6035628
-12.4022255	-3.110789
15.419587	-8.84939
15.226976	-7.1642685
-11.256333	-2.1207252
-12.11607	-0.24222076
-2.3913114	-12.339476
1.6297579	-7.2512364
2.9212043	-0.2763983
5.7730856	-2.7951534
8.803516	1.4963763
10.711105	-0.92250144
1.4835979	0.76844776
3.315736	-4.8352776
-9.41166	-2.5636134
-8.547778	-3.3820038
15.057324	7.5176783
15.160271	2.6431684
-3.6924863	8.836603
-2.6137497	8.411718
-1.3293984	4.0037136
-12.362992	-3.3291507
12.574832	-9.301608
16.958096	-6.6097107
9.239668	9.488455
9.03455	5.0363817
-8.836518	1.6250561
-10.000013	3.18076
-12.163561	-2.6510623
-11.637976	3.150395
-11.815453	-0.3360776
-14.037639	0.22897717
12.939564	-6.1186113
10.438297	-9.382272
-8.431065	-0.3425934
-9.799755	-1.5953269
-0.32773829	-8.04459
-2.6917892	-7.2609224
1.0360605	-0.44202775
-0.78207314	2.5420086
10.421908	8.341659
9.036842	8.721142
8.31768	9.460102
8.88691	8.876439
-11.6694765	-4.2098126
-12.674065	-0.07669169
20.54604	12.399692
20.450314	16.997831
-1.0650387	10.532431
-3.614133	11.205096
-10.427584	-0.22738928
-10.418743	-0.29491812
12.279753	-9.873003
14.710152	-7.64685
12.754933	10.135313
9.827072	11.90726
-19.07503	2.7344217
-20.057373	4.1579294
-11.750115	-2.1207485
-12.875864	-3.2113338
-15.741364	0.37035793
-13.649293	-0.5313091
6.553513	-10.283507
6.0628176	-9.029415
-11.206575	2.7579217
-11.454733	-0.3185407
-3.847516	-7.147801
-4.1607785	-6.2819443
-4.20475	-2.880702
-6.8239174	-3.173911
3.2304184	-2.931058
4.045643	2.5809617
3.374561	-1.1194098
3.4777145	2.5425754
-12.086099	-1.2295836
-12.157778	-1.1560497
12.982528	11.506694
16.143692	10.2776985
-6.8243227	10.738211
-7.5961037	9.869857
-11.444713	-0.3905741
-12.273829	3.2418308
9.422052	-13.0295925
6.670586	-15.795439
5.235574	9.218283
5.7560196	6.4139686
-6.6667724	-0.3308773
-8.947866	-2.8366857
-9.261396	-1.7552388
-11.726104	-3.5024788
-9.74388	-2.6027067
-7.811997	-5.9989443
9.559156	-12.337163
8.939316	-13.073975
-10.376783	-4.661408
-14.905864	-5.827507
-1.9746063	-14.454462
-3.2252374	-15.632723
-0.19217074	-6.402302
-1.1896467	-6.952141
8.43021	2.440138
9.647066	-0.24191041
7.487734	-2.9055345
6.6408725	-4.3541822
-11.647042	-4.664399
-7.4207654	-4.7372885
18.433847	5.734679
16.5308	4.708424
-1.3797362	4.247451
-4.353932	1.0104481
-9.0812645	-1.4922911
-7.5104175	-5.342501
7.3878345	-15.82968
9.161436	-14.998476
12.432013	3.6620784
10.063557	2.6966329
-17.303642	3.5673485
-15.393811	3.2021441
-15.5837555	-0.3219345
-13.721591	-1.9005103
-10.198527	0.7704584
-13.552958	-0.8237438
11.782712	-9.93515
12.114715	-6.758125
-11.7250805	-5.21622
-12.407623	-3.0939193
-3.752027	-11.433165
-6.385706	-11.995552
-1.1274488	-3.6896613
-4.392603	-0.15743446
8.061374	3.5034025
10.490162	4.4908676
8.09216	0.72384673
4.886466	0.6091597
-11.002199	-1.899113
-13.796749	2.9339094
18.349485	8.244944
15.8070135	8.436219
-2.5198526	3.7329283
-0.97405905	8.465953
-13.500902	1.8025796
-14.420956	-0.8037908
7.6565056	-10.843231
10.133771	-11.1130905
13.55885	8.32388
13.671532	4.5111237
-8.737009	0.017523289
-8.357206	-1.4547668
-6.1590486	-4.0360985
-5.5104446	-6.125767
-6.9817424	-5.9962006
-6.789923	-8.316847
18.53965	-6.230385
18.19091	-6.7974463
-10.544434	-7.3882594
-7.5625367	-7.029192
2.4395456	-11.946967
3.1189895	-10.208668
1.2196727	-7.5823255
1.9180064	-5.4283175
16.596859	5.9864078
15.761772	0.7432091
14.2422085	1.2135929
14.114269	-1.9724659
-5.60112	-4.5797234
-4.9435854	-6.837694
26.713657	15.173326
24.227486	11.485652
-0.28377604	6.786059
1.906668	7.1967983
-8.956569	-4.637835
-4.048443	-5.410296
16.71709	-7.9264708
17.28098	-7.6313305
17.14359	6.147282
16.683508	11.040701
-8.402272	1.5467229
-6.077462	4.5510745
-4.3942513	-4.086445
-5.90627	-3.2868834
-4.1381817	-2.7596593
-5.020412	-3.109987
19.510532	-7.206949
16.296082	-6.0904493
-4.249035	-4.3488035
-7.385441	-3.3008466
6.256103	-6.1305256
5.5862765	-7.452155
8.039655	0.51490384
5.8934045	2.6491458
16.028818	2.2458053
15.519545	4.726815
17.138573	5.0959606
18.452335	11.18651
-6.330763	1.5147433
-0.9321982	1.7687125
19.712101	13.410783
18.758984	10.26737
3.9697866	1.7658515
0.22549069	3.8054938
-8.375317	-2.7250044
-7.1216736	-1.676936
17.042976	-7.9852057
14.07723	-8.498366
13.437561	12.991062
12.927346	9.923753
-16.566633	-1.8550999
-15.849476	0.3571167
-15.535263	-3.5154545
-16.006706	-4.317029
-10.869241	-0.79928124
-11.650763	-3.0430214
14.582292	-15.26062
11.147607	-13.677401
-15.439326	-4.629879
-16.216934	-5.376306
-4.41821	-15.540199
-3.3126855	-14.848732
-1.9079134	-7.557214
-6.2223434	-6.3666797
6.6542253	-5.561477
7.455441	-4.629476
10.271568	-1.1597682
9.131485	-4.079107
-13.992932	-2.5010283
-12.577145	-8.189104
14.837275	3.6345475
18.776213	6.1427603
-3.943478	3.5253983
-3.3909905	3.8420362
-12.757366	-4.134818
-15.571444	-1.0552919
14.862196	-13.89906
14.706423	-11.371332
6.716651	-0.14949596
8.74683	-1.0031976
