94 144 0 0 0.44444442 0.118518494 0.49999997 0.1666667 1.1481482 0 3.4444444 0 -3.4444444 6.888889 -3.4444444 3.4444444 1 -2.0943952
230 124 0 0 0.2777778 0.10740743 0.2777778 0.15185183 0.6666667 0 2 0 -2 4 -2 2 1 -2.0943952
23 129 0 0 0.5 0.077777795 0.38888887 0.15185186 0.5185185 0 1.5555556 0 -1.5555556 3.1111112 -1.5555556 1.5555556 0.7777778 -2.0943952
169 117 0 0 1.222222 0.6206324 1.111111 1.2938602 31.25926 27.444445 39 27.333334 -11.444445 23.222221 -11.777778 39 0.30714995 -2.0889142
54 126 0.11111111 0 2.7777774 2.6970487 3.3888886 2.2746582 23.296297 21 28.88889 20 -6.888889 16.777779 -9.888889 28.88889 0.3057855 -1.9687403
153 116 0 0 3.2777777 2.4713163 1.1111107 0.8344438 29.444445 25 38.333336 25 -13.333333 26.666666 -13.333333 38.333336 0.35575584 -2.0907812
91 120 0 0 1.3888893 0.9289578 0.61111146 0.77220225 16.851852 11.222222 25.777779 13.555555 -16.88889 26.777779 -9.888889 25.777779 0.5621582 -2.2308207
33 131 0 0 0.44444445 0.80737346 1 1.0954453 0.7407407 0.22222222 1.7777778 0.22222222 -1.5555556 3.1111112 -1.5555556 1.7777778 0.4074074 -2.0943952
70 122 0 0 3.6666667 4.033196 4.111111 3.7810435 19.88889 17.88889 25.11111 16.666668 -6 15.666667 -9.666667 26.444445 0.40249237 -1.5402138
33 142 0 0 1.888889 1.3770607 0.88888884 1.4089661 3.851852 1.6666666 7.2222223 2.6666667 -6.5555553 10.111111 -3.5555556 7.2222223 0.8135803 -2.2806025
245 78 0.11111111 0 1.888889 1.0074077 4.0555553 5.662962 30.185184 25.11111 40.333336 25.11111 -15.222222 30.444445 -15.222222 40.333336 0.39203387 -2.0666955
228 123 0 0 0.16666667 0.077777766 0.4444444 0.20740741 0.7037037 0 2 0.11111111 -2.1111112 3.8888888 -1.7777778 2 1 -2.123254
220 120 0 0 0.38888893 0.062962964 0.38888887 0.062962994 1 0 3 0 -3 6 -3 3 1 -2.0943952
206 80 0 0 4.888889 14.829629 3.8333333 36.12222 10.037037 6.5555553 15.111111 8.444445 -10.444445 15.222222 -4.7777777 15.111111 0.59776545 -2.3262568
237 137 0 0 0.38888887 0.1074074 0.33333334 0.04444445 0.6666667 0 2 0 -2 4 -2 2 1 -2.0943952
225 91 0 0 0.6666667 0.3555557 0.6666667 0.31111112 3.6666667 1.1111112 8 1.8888888 -7.6666665 13 -5.3333335 8 0.86781305 -2.2177355
214 79 0 0 1.2777778 0.86296296 1.3333334 0.53333336 4.851852 2 9.222222 3.3333333 -8.555555 13.111111 -4.5555553 9.222222 0.7916667 -2.2889814
230 124 0 0 0.2777778 0.10740743 0.2777778 0.15185183 0.6666667 0 2 0 -2 4 -2 2 1 -2.0943952
190 136 0 0 2.277778 1.529629 2.8333333 0.61111045 4.851852 2.8888888 8.555555 3.1111112 -5.888889 11.111111 -5.2222223 8.555555 0.70975137 -2.1239047
136 129 0.11111111 0 1.9444447 3.0851877 1.9999996 3.1555579 24.703703 19.11111 34.88889 20.11111 -16.777779 30.555555 -13.777778 34.88889 0.44974732 -2.1610465
98 144 0 0 0.22222221 0.029629648 0.33333334 0.08888887 1 0 3 0 -3 6 -3 3 1 -2.0943952
20 137 0 0 0.11111113 0.029629631 0.27777782 0.018518519 0.22222222 0 0.6666667 0 -0.6666667 1.3333334 -0.6666667 0.6666667 0.6666667 -2.0943952
60 132 0 0 0.11111113 0.029629637 0.22222222 0.029629637 0.37037036 0 1.1111112 0 -1.1111112 2.2222223 -1.1111112 1.1111112 0.8888889 -2.0943952
94 144 0 0 0.44444442 0.118518494 0.49999997 0.1666667 1.1481482 0 3.4444444 0 -3.4444444 6.888889 -3.4444444 3.4444444 1 -2.0943952
106 136 0 0 0.3333333 0.17777778 0.38888887 0.1074074 0.7037037 0.11111111 1.8888888 0.11111111 -1.7777778 3.5555556 -1.7777778 1.8888888 0.962963 -2.0943952
108 144 0 0 0.38888893 0.15185183 0.22222222 0.07407406 0.962963 0 2.8888888 0 -2.8888888 5.7777777 -2.8888888 2.8888888 1 -2.0943952
2 114 0 0 0.8333333 0.12222227 0.27777782 0.06296296 1.7407408 0.7777778 3.8888888 0.5555556 -2.8888888 6.4444447 -3.5555556 3.8888888 0.88148147 -2.0270298
53 135 0 0 0.5555555 0.2074075 0.33333334 0.08888893 0.7407407 0 2.1111112 0.11111111 -2.2222223 4.111111 -1.8888888 2.1111112 0.8888889 -2.1374457
23 129 0 0 0.5 0.077777795 0.38888887 0.15185186 0.5185185 0 1.5555556 0 -1.5555556 3.1111112 -1.5555556 1.5555556 0.7777778 -2.0943952
173 158 0.11111111 0 1.888889 3.6740744 1.1666666 0.477778 8.37037 7.111111 11.777778 6.2222223 -3.7777777 10.222222 -6.4444447 11.777778 0.47297516 -1.9046513
