69 139 0 0 2.8333328 1.7732588 2.1111112 1.6688871 18.074074 16 22.555555 15.666667 -6.2222223 13.444445 -7.2222223 23.88889 0.38661182 -1.7028334
74 129 0 0 0.22222222 0.029629637 0.11111111 0.029629635 0.5185185 0 1.5555556 0 -1.5555556 3.1111112 -1.5555556 1.5555556 1 -2.0943952
226 110 0 0 0.33333334 0.08888887 0.49999997 0.2111111 1.6666666 0.11111111 4.4444447 0.44444445 -4.6666665 8.333333 -3.6666667 4.4444447 0.9777778 -2.1559837
217 148 0 0 2.0555556 2.551854 1.0555553 0.5074078 29.074074 21.444445 41.555557 24.222221 -22.88889 37.444443 -14.555555 41.555557 0.4837708 -2.2379715
170 159 0.11111111 0 2.2777777 1.420746 1.611111 1.1816499 20.518518 20.333334 22.333334 18.88889 -0.5555556 5.4444447 -4.888889 22.333334 0.15127982 -1.5966792
220 111 0 0 2.555555 1.6555178 2.2777774 1.5974522 29.592592 25.444445 38.22222 25.11111 -12.444445 25.88889 -13.444445 38.22222 0.34932512 -2.064723
209 70 0 0.11111111 2.222223 1.8216797 8.777778 3.4619644 36.74074 33.666668 44.444443 32.11111 -9.222222 23.11111 -13.888889 44.444443 0.27335805 -1.9605819
158 76 0 0 0.833333 0.65828085 3.277778 3.065339 34.851852 31.88889 42 30.666666 -8.888889 21.444445 -12.555555 42 0.2703099 -1.9814991
102 158 0.22222222 0 2.2777774 2.1230664 1.8333334 1.0488074 39.333332 35.555557 47.444443 35 -11.333333 24.333334 -13 47.444443 0.26415184 -2.049172
52 89 0 0 5.2222223 2.721655 0.7222226 0.49065316 28.925926 25.222221 36.88889 24.666666 -11.111111 23.88889 -12.777778 36.88889 0.33112764 -2.0484614
247 115 0 0 3.555556 1.8094409 1.3888897 1.3066785 28.851852 24.88889 36.77778 24.88889 -11.888889 23.777779 -11.888889 36.77778 0.33166277 -2.094392
104 139 0 0 0.33333334 0.5163977 0.33333334 0.5163977 0.6666667 0 1.7777778 0.22222222 -2 3.3333333 -1.3333334 1.7777778 1 -2.1507304
90 122 0.11111111 0 1.6666669 1.398412 1.1666669 0.69121486 16.185184 10.222222 25.333334 13 -17.88889 27.444445 -9.555555 25.333334 0.584744 -2.2472665
98 133 0 0 0.5555555 0.17213255 0.38888887 0.3277307 0.962963 0 2.7777777 0.11111111 -2.8888888 5.4444447 -2.5555556 2.7777777 1 -2.123254
68 127 0 0 1.0555553 0.97562903 1.2777777 0.8277589 16.37037 10.888889 26.444445 11.777778 -16.444445 30.222221 -13.777778 26.444445 0.6014436 -2.0358076
10 112 0 0 0.33333334 0.42163706 0.50000006 0.1825741 0.44444445 0 1.2222222 0.11111111 -1.3333334 2.3333333 -1 1.2222222 0.6666667 -2.1519136
101 137 0 0 0.44444445 0.50184834 0.8333333 0.8096638 1.1481482 0.22222222 2.6666667 0.5555556 -2.7777777 4.5555553 -1.7777778 2.6666667 0.95 -2.2005885
93 147 0 0 3.0555553 3.5864975 3.5555553 3.2157025 7.703704 6.4444447 9.888889 6.7777777 -3.7777777 6.5555553 -2.7777777 9.888889 0.3494709 -2.0645137
68 122 0 0 2.777778 2.0294137 1.5555559 1.9962927 20.148148 14.222222 31.11111 15.111111 -17.777779 32.88889 -15.111111 31.11111 0.54582953 -2.0601704
69 139 0 0 2.8333328 1.7732588 2.1111112 1.6688871 18.074074 16 22.555555 15.666667 -6.2222223 13.444445 -7.2222223 23.88889 0.38661182 -1.7028334
117 137 0 0 0.27777776 0.3896817 0.38888887 0.25092417 0.7777778 0 2.2222223 0.11111111 -2.3333333 4.3333335 -2 2.2222223 1 -2.123254
69 136 0 0 3.1111114 2.8100348 2.777778 3.1669588 19.444445 16.88889 25.777779 15.666667 -7.6666665 19 -11.333333 26.666666 0.42529303 -1.6157203
103 130 0 0 0.33333334 0 0.27777776 0.38968173 0.7777778 0 2.3333335 0 -2.3333333 4.6666665 -2.3333333 2.3333335 1 -2.0943952
92 121 0 0 1.4444445 1.8216802 2.0555556 2.0593057 14.962963 9.555555 23.444445 11.888889 -16.222221 25.444445 -9.222222 23.444445 0.5964221 -2.2353554
232 126 0 0.11111111 2.3888888 11.885187 1.2222223 6.2962966 1.5185186 0.44444445 3.5555556 0.5555556 -3.2222223 6.111111 -2.8888888 3.5555556 0.96581197 -2.1073034
235 81 0 0 1.388889 0.41851807 0.77777773 0.2962964 3.4814816 1 7.4444447 2 -7.4444447 11.888889 -4.4444447 7.4444447 0.88121694 -2.2481337
226 110 0 0 0.33333334 0.08888887 0.49999997 0.2111111 1.6666666 0.11111111 4.4444447 0.44444445 -4.6666665 8.333333 -3.6666667 4.4444447 0.9777778 -2.1559837
227 69 0 0 3.6111114 45.929623 4.333333 36.400005 11.074074 6.888889 16 10.333334 -12.555555 14.777778 -2.2222223 16 0.6042809 -2.4818742
241 137 0 0.11111111 4.277778 18.685184 3.8333333 37.500004 5 2.5555556 9 3.4444444 -7.3333335 12 -4.6666665 9 0.837478 -2.1939669
237 106 0 0 0.9444444 0.15185204 0.8333333 0.47777775 2.4074075 0.44444445 6.111111 0.6666667 -5.888889 11.111111 -5.2222223 6.111111 0.9404762 -2.133095
217 73 0 0 0.88888884 0.78518516 1.7222223 0.86296207 4.851852 1.7777778 9.666667 3.1111112 -9.222222 14.444445 -5.2222223 9.666667 0.82250714 -2.268176
194 124 0 0 1.4999999 0.43333384 1.388889 0.90740687 2.8148148 1 5.5555553 1.8888888 -5.4444447 8.222222 -2.7777777 5.5555553 0.8367725 -2.2846084
226 69 0 0.11111111 19.111113 991.7184 20.444445 1039.5408 23.814816 19.222221 29.333334 22.88889 -13.777778 16.555555 -2.7777777 29.333334 0.5089938 -2.488979
239 123 0 0 0.5 0.077777736 0.5 0.16666667 1.5185186 0 4.2222223 0.33333334 -4.5555553 8.111111 -3.5555556 4.2222223 1 -2.1640944
221 111 0 0 0.6111111 0.24074069 0.38888887 0.24074073 1.3333334 0 4 0 -4 8 -4 4 1 -2.0943952
241 90 0 0.11111111 5.6666665 23.377783 6.7777786 63.76296 9 4.7777777 15.666667 6.5555553 -12.666667 20 -7.3333335 15.666667 0.7629189 -2.2663894
215 123 0 0 0.33333334 0.13333334 0.6666667 0.0444444 1.3703704 0 3.7777777 0.33333334 -4.111111 7.2222223 -3.1111112 3.7777777 1 -2.1698651
220 124 0 0 0.22222221 0.029629631 0.44444442 0.07407406 0.8888889 0 2.4444444 0.22222222 -2.6666667 4.6666665 -2 2.4444444 1 -2.1617603
235 120 0 0 0.44444442 0.3407407 0.49999997 0.30000004 1.4444444 0 4 0.33333334 -4.3333335 7.6666665 -3.3333333 4 1 -2.1563656
214 121 0 0 0.2777778 0.06296298 0.11111111 0.07407408 1.1481482 0 3.3333333 0.11111111 -3.4444444 6.5555553 -3.1111112 3.3333333 1 -2.132635
230 98 0 0 0.38888884 0.15185185 0.38888887 0.06296294 1.4074074 0 4.111111 0.11111111 -4.2222223 8.111111 -3.8888888 4.111111 1 -2.1137195
226 72 0 0 1.2777778 0.81851846 1.3888888 1.4407405 4.5185184 1.5555556 9.444445 2.5555556 -8.888889 14.777778 -5.888889 9.444445 0.84168977 -2.2167206
96 123 0 0 1.2777777 0.1518523 1.8333334 2.0777776 21.62963 14.777778 34.22222 15.888889 -20.555555 37.77778 -17.222221 34.22222 0.5595462 -2.149759
217 148 0 0 2.0555556 2.551854 1.0555553 0.5074078 29.074074 21.444445 41.555557 24.222221 -22.88889 37.444443 -14.555555 41.555557 0.4837708 -2.2379715
137 147 0.11111111 0 1.5555557 1.2740756 2.0555556 2.8185174 27.222221 20.555555 38.666668 22.444445 -20 34.333332 -14.333333 38.666668 0.4681647 -2.2045748
45 149 0 0 2.5 3.322223 0.6666663 0.2666663 16.814816 13.444445 23.777779 13.222222 -10.111111 20.88889 -10.777778 23.777779 0.45334122 -2.0692513
21 147 0.11111111 0 1.9444445 1.6185181 1.3333331 0.8444448 6.259259 5.7777777 8.444445 4.5555553 -1.4444444 6.5555553 -5.111111 8.666667 0.46406928 -1.5843413
229 147 0 0.11111111 4.0555553 14.062966 2.5 1.2777781 27.296297 20.88889 38.666668 22.333334 -19.222221 34.11111 -14.888889 38.666668 0.45740503 -2.1744676
132 91 0 0.11111111 18.944445 188.50739 33.444447 889.3629 42.814816 35.88889 52.666668 39.88889 -20.777779 29.555555 -8.777778 52.666668 0.39882392 -2.3460567
118 133 0 0 0.22222221 0.029629631 0.22222221 0.029629631 0.7407407 0 2.2222223 0 -2.2222223 4.4444447 -2.2222223 2.2222223 1 -2.0943952
123 136 0 0 0.5555555 1.0962964 0.6666666 1.3333331 1.1111112 0.11111111 3 0.22222222 -3 5.6666665 -2.6666667 3 0.9861111 -2.1109743
133 102 0 0.11111111 22.055555 374.5964 29.888887 488.02975 44.037037 37.444443 52.666668 42 -19.777779 25.88889 -6.111111 52.666668 0.3978916 -2.4168172
18 142 0 0 0.77777773 0.65185183 0.2777778 0.15185186 0.5555556 0.11111111 1.3333334 0.22222222 -1.3333334 2.3333333 -1 1.3333334 0.41666666 -2.1595633
19 145 0 0 0.88888884 1.674074 2.111111 4.3851857 2.074074 0.6666667 3.5555556 2 -4.2222223 4.4444447 -0.22222222 3.5555556 0.45767197 -2.5697682
3 78 0 0.11111111 14.833332 356.16672 43.333332 662.35547 79.666664 70.77778 91.44444 76.77778 -26.666666 35.333332 -8.666667 91.44444 0.26973316 -2.4116454
127 81 0 0 24.33333 442.17786 22.111109 263.09634 42.555557 34.88889 51.77778 41 -23 27.666666 -4.6666665 51.77778 0.3669463 -2.476481
74 129 0 0 0.22222222 0.029629637 0.11111111 0.029629635 0.5185185 0 1.5555556 0 -1.5555556 3.1111112 -1.5555556 1.5555556 1 -2.0943952
31 68 0 0 27.944443 203.35188 18.277777 338.64075 47.185184 38.555557 60.11111 42.88889 -25.88889 38.77778 -12.888889 60.11111 0.41303283 -2.3086562
75 131 0 0 0.22222222 0.029629637 0.33333334 0.04444442 0.5185185 0 1.5555556 0 -1.5555556 3.1111112 -1.5555556 1.5555556 1 -2.0943952
99 132 0 0 0.44444442 0.3851853 0.5555555 0.7851854 0.7407407 0.11111111 2 0.11111111 -1.8888888 3.7777777 -1.8888888 2 0.9814815 -2.0943952
129 91 0 0.11111111 27.277779 752.24066 25.277779 377.9295 44.296295 38.444443 52.666668 41.77778 -17.555555 25.11111 -7.5555553 52.666668 0.34888473 -2.3202722
87 135 0 0 0.38888887 0.24074073 0.33333334 0.17777777 0.962963 0 2.7777777 0.11111111 -2.8888888 5.4444447 -2.5555556 2.7777777 1 -2.1175485
96 133 0 0 0.055555556 0.01851852 0.22222222 0.029629637 0.4814815 0 1.4444444 0 -1.4444444 2.8888888 -1.4444444 1.4444444 1 -2.0943952
6 120 0 0 0.33333328 0.08888888 0.5 0.077777766 1.1481482 0.22222222 3 0.22222222 -2.7777777 5.5555553 -2.7777777 3 1 -2.0572872
115 138 0 0 0.33333334 0.0888889 0.33333334 0.1777778 0.7777778 0 2.3333335 0 -2.3333333 4.6666665 -2.3333333 2.3333335 1 -2.0943952
54 138 0 0 0.22222221 0.29629624 0.38888893 0.4185185 0.25925925 0 0.6666667 0.11111111 -0.7777778 1.2222222 -0.44444445 0.6666667 0.33333334 -2.1814387
17 124 0 0 1.1666666 0.6111112 1.4444445 0.7851852 1.1481482 0.22222222 2.6666667 0.5555556 -2.7777777 4.5555553 -1.7777778 2.6666667 0.9537037 -2.1692097
126 80 0 0 21.055555 530.5518 34.61111 409.39636 68.77778 60.333332 79.55556 66.44444 -25.333334 32.333332 -7 79.55556 0.28962377 -2.4341934
113 128 0 0 0.22222222 0.07407408 0.38888887 0.15185186 0.7407407 0 2.2222223 0 -2.2222223 4.4444447 -2.2222223 2.2222223 1 -2.0943952
137 105 0 0.11111111 10.722224 16.507421 31.222223 650.42957 42.851852 35.77778 52.666668 40.11111 -21.222221 29.444445 -8.222222 52.666668 0.37578005 -2.380238
132 124 0 0 0.22222221 0.074074075 0.22222221 0.074074045 1.074074 0 3.2222223 0 -3.2222223 6.4444447 -3.2222223 3.2222223 1 -2.0943952
35 135 0 0 0.22222225 0.118518546 0.22222225 0.118518546 0.22222222 0 0.6666667 0 -0.6666667 1.3333334 -0.6666667 0.6666667 0.33333334 -2.0943952
124 162 0.11111111 0 1.3888888 1.1296295 2 0.8888891 10.037037 8 14.555555 7.5555553 -6.111111 13.555555 -7.4444447 14.555555 0.4799313 -2.0293121
