118 126 0 0 0.6666667 0.39999974 1.8333336 2.1222224 20.555555 16.11111 28.666666 16.88889 -13.333333 24.333334 -11 28.666666 0.437078 -2.1588047
150 158 0 0 2.166667 1.6333338 1.388889 0.41851807 8.444445 7 12.222222 6.111111 -4.3333335 11.333333 -7 12.222222 0.50308645 -1.9434487
53 42 0 0 3.2777774 0.71232545 0.611111 0.534027 28.25926 24.444445 36.22222 24.11111 -11.444445 23.88889 -12.444445 36.22222 0.33789337 -2.0610058
152 83 0 0 4.444444 1.3277657 0.94444436 0.6804135 26.518518 23.333334 33.22222 23 -9.555555 20.11111 -10.555555 33.22222 0.30741498 -2.0632424
108 146 0 0 0 0 0 0 0 0 0 0 0 0 0 0 0 0
71 125 0 0 0.6666667 0.47140455 0.7222223 0.49065357 16.407408 12.444445 23.666666 13.111111 -11.888889 21.777779 -9.888889 25.333334 0.56104016 -1.7934027
123 143 0 0 0.2777778 0.3896817 0.2777778 0.13608274 0.4074074 0 1.2222222 0 -1.2222222 2.4444444 -1.2222222 1.2222222 0.7777778 -2.0943952
109 146 0 0 0.055555556 0.13608277 0.055555556 0.13608277 0.037037037 0 0.11111111 0 -0.11111111 0.22222222 -0.11111111 0.11111111 0.11111111 -2.0943952
132 84 0 0 3 1.2292727 0.88888913 0.45541987 8.888889 7.3333335 11.777778 7.5555553 -4.6666665 8.666667 -4 11.777778 0.38048342 -2.1369402
109 130 0 0 1.111111 0.7407405 9.777778 21.762964 13.037037 9.888889 18.88889 10.333334 -9.444445 17.555555 -8.111111 18.88889 0.5481241 -2.1373706
44 125 0 0 0.5 0.21111107 0.44444433 0.16296282 18.222221 14.888889 24.777779 15 -10 19.666666 -9.666667 24.777779 0.39868945 -2.1040828
217 130 0 0 2.3333333 2.5333333 1.4444447 0.4740743 21.37037 15.777778 31.88889 16.444445 -16.777779 31.555555 -14.777778 31.88889 0.50544137 -2.1349237
118 126 0 0 0.6666667 0.39999974 1.8333336 2.1222224 20.555555 16.11111 28.666666 16.88889 -13.333333 24.333334 -11 28.666666 0.437078 -2.1588047
60 126 0 0 0.8333333 0.61111134 0.55555564 0.16296288 20.11111 16.444445 27.333334 16.555555 -11 21.666666 -10.666667 27.333334 0.40593585 -2.1041024
21 123 0 0 0.88888836 0.38518608 1 0.3555552 19.296297 15.666667 26.333334 15.888889 -10.888889 21.11111 -10.222222 26.333334 0.4089133 -2.1157336
26 137 0 0 0.055555563 0.018518524 0.11111113 0.029629637 0.25925925 0 0.7777778 0 -0.7777778 1.5555556 -0.7777778 0.7777778 0.7777778 -2.0943952
49 139 0 0 0.16666669 0.07777779 0.33333337 0.0888889 0.44444445 0 1.3333334 0 -1.3333334 2.6666667 -1.3333334 1.3333334 0.7777778 -2.0943952
233 159 0 0 2.4999998 0.5222224 1.2777778 1.5740741 6.6296296 5.111111 10.111111 4.666667 -4.5555553 10.444445 -5.888889 10.111111 0.5416667 -1.9994432
32 158 0 0 0.9444445 0.8629626 0.8333333 0.6111108 7.962963 6.3333335 11.888889 5.6666665 -4.888889 11.777778 -6.888889 11.888889 0.5205782 -1.9828341
128 161 0 0 0.55555534 0.25185192 0.77777785 0.16296278 7.148148 5.5555553 10.888889 5 -4.7777777 11.222222 -6.4444447 10.888889 0.5409177 -1.9963073
150 158 0 0 2.166667 1.6333338 1.388889 0.41851807 8.444445 7 12.222222 6.111111 -4.3333335 11.333333 -7 12.222222 0.50308645 -1.9434487
