0 0 0 0 0 0 120 0 0 0 0 0 0 73 0.5 43 2.4 64 62 126 2 0 120 137 121 73 1
0 0 1 1 0 0 151 0 0 0.001 0.001 0 0 64 1.9 9 27.6 130 56 186 2 0 150 148 151 9 1
0 0 1 1 0 0 150 0 0 0.001 0.001 0 0 64 2 8 29.5 130 56 186 5 0 150 148 151 10 1
0 1 0 1 0 0 150 0 0.001 0 0.001 0 0 61 0.5 40 6.2 31 130 161 2 0 154 152 154 1 1
0 0 0 2 0 0 149 0 0 0 0.002 0 0 57 1.2 54 12.8 126 58 184 12 1 150 148 151 8 1
0 0 0 1 0 0 149 0 0 0 0.001 0 0 58 1.3 53 13.2 126 58 184 12 1 150 148 151 8 1
1 1 1 0 0 0 139 0.002 0.002 0.002 0 0 0 64 0.4 29 6.5 28 135 163 1 0 161 152 157 13 1
0 1 0 1 0 0 148 0 0.001 0 0.001 0 0 61 0.5 39 6.3 31 130 161 2 0 154 152 154 1 1
0 0 3 0 0 0 159 0 0 0.004 0 0 0 69 0.3 21 6.4 15 153 168 0 0 163 163 164 0 1
0 0 6 0 0 0 159 0 0 0.008 0 0 0 66 0.4 13 8.5 24 149 173 0 0 165 164 166 0 1
1 0 9 0 0 0 159 0.001 0 0.008 0 0 0 57 0.5 8 9.1 40 148 188 0 0 167 169 170 5 0
2 0 5 0 0 0 138 0.002 0 0.006 0 0 0 43 1 19 11.6 44 129 173 8 2 162 155 159 9 0
1 0 2 0 0 0 144 0.002 0 0.003 0 0 0 49 0.7 3 9.8 44 140 184 3 0 162 158 162 4 0
0 0 6 0 0 0 150 0 0 0.006 0 0 0 56 0.5 19 7.9 19 148 167 2 0 153 157 158 3 0
0 0 3 0 0 0 150 0 0 0.005 0 0 0 57 0.5 19 7.7 20 147 167 3 0 165 157 159 7 0
0 6 1 1 0 0 125 0 0.005 0.001 0.001 0 0 70 0.4 29 7.1 81 52 133 5 0 125 123 125 2 1
0 0 0 0 0 0 123 0 0 0 0 0 0 70 0.5 33 8.3 71 89 160 5 0 123 124 126 1 0
0 8 5 0 0 0 130 0 0.009 0.006 0 0 0 67 0.5 22 14.3 84 72 156 12 0 143 140 143 4 1
0 5 0 0 0 0 143 0 0.004 0 0 0 0 67 0.4 34 7.5 27 129 156 3 0 151 146 149 3 1
0 1 0 0 0 0 143 0 0.002 0 0 0 0 74 0.3 54 4.9 23 131 154 3 0 151 150 151 0 1
0 1 0 0 0 0 144 0 0.002 0 0 0 0 75 0.3 58 4 10 144 154 2 0 151 150 152 0 1
0 5 0 0 0 0 144 0 0.005 0 0 0 0 65 0.4 21 8.6 27 129 156 2 0 150 146 148 3 1
0 16 0 0 0 0 146 0 0.013 0 0 0 0 66 0.5 38 12.8 114 74 188 6 0 147 146 148 2 0
0 9 0 0 0 0 146 0 0.018 0 0 0 0 74 0.5 59 13.4 111 74 185 4 0 147 147 148 2 0
0 12 0 0 0 0 148 0 0.025 0 0 0 0 72 0.3 59 4.3 14 139 153 1 0 150 148 150 0 1
0 14 0 0 0 0 144 0 0.012 0 0 0 0 75 0.2 52 5.6 16 136 152 1 0 145 144 146 0 0
0 10 0 0 0 0 144 0 0.02 0 0 0 0 71 0.3 24 6.8 19 133 152 1 0 145 144 146 0 0
0 22 0 0 0 0 145 0 0.018 0 0 0 0 75 0.3 39 7.8 54 131 185 3 0 145 144 146 0 -1
0 13 0 0 0 0 145 0 0.02 0 0 0 0 77 0.2 45 5.8 21 129 150 1 0 146 145 147 0 1
0 20 0 0 0 0 145 0 0.021 0 0 0 0 74 0.3 30 8.5 54 131 185 2 0 145 144 146 1 -1
0 13 0 0 0 0 145 0 0.02 0 0 0 0 77 0.2 45 5.8 21 129 150 1 0 146 145 147 0 1
0 3 0 0 0 0 132 0 0.005 0 0 0 0 61 0.4 35 5.7 18 126 144 1 0 134 135 136 0 0
0 6 0 0 0 0 146 0 0.006 0 0 0 0 69 0.5 45 11 42 117 159 6 0 153 150 152 3 1
0 2 0 0 0 0 146 0 0.004 0 0 0 0 76 0.3 58 4.4 18 135 153 2 0 150 149 151 0 1
0 3 0 0 0 0 146 0 0.007 0 0 0 0 65 0.5 32 9.5 33 133 166 4 0 153 151 154 1 0
0 17 0 0 0 0 146 0 0.014 0 0 0 0 72 0.3 41 6.9 35 120 155 4 0 147 146 148 0 1
0 3 0 0 0 0 146 0 0.006 0 0 0 0 77 0.3 61 5.7 29 120 149 4 0 147 146 147 0 1
0 14 0 0 0 0 146 0 0.021 0 0 0 0 68 0.3 23 7.2 20 136 156 1 0 147 147 148 1 0
0 26 0 0 0 0 150 0 0.022 0 0 0 0 74 0.3 56 6.4 25 131 156 4 0 150 150 151 0 1
0 26 0 0 0 0 144 0 0.022 0 0 0 0 74 0.3 56 6.4 25 131 156 4 0 150 150 151 0 1
0 8 0 0 0 0 150 0 0.016 0 0 0 0 73 0.3 44 7.3 26 128 154 3 0 150 149 151 0 1
0 15 0 0 0 0 144 0 0.019 0 0 0 0 76 0.4 61 10.6 81 71 152 3 0 145 144 146 2 1
0 3 0 0 0 0 146 0 0.006 0 0 0 0 77 0.2 42 4.6 12 137 149 1 0 142 142 143 0 0
0 15 0 0 0 0 144 0 0.019 0 0 0 0 76 0.4 61 10.6 81 71 152 3 0 145 144 146 2 1
0 19 0 0 0 0 137 0 0.016 0 0 0 0 64 0.5 12 10.9 85 68 153 2 0 143 142 143 3 1
0 15 0 0 0 0 137 0 0.019 0 0 0 0 64 0.4 12 8.6 22 131 153 1 0 145 143 145 1 0
0 14 0 0 0 0 137 0 0.021 0 0 0 0 65 0.4 11 8.1 20 133 153 1 0 145 144 146 1 0
0 6 0 0 0 0 139 0 0.005 0 0 0 0 75 0.4 47 9.2 79 66 145 6 0 140 139 141 2 1
0 1 0 0 0 0 139 0 0.002 0 0 0 0 77 0.2 41 5.3 17 128 145 1 1 142 141 143 0 1
0 1 0 0 0 0 139 0 0.003 0 0 0 0 76 0.3 12 6.1 17 128 145 1 1 140 140 141 0 1
0 12 1 0 0 0 141 0 0.01 0.001 0 0 0 78 0.2 61 4.7 13 133 146 1 0 143 141 143 0 1
0 9 1 0 0 0 141 0 0.019 0.002 0 0 0 78 0.2 49 4.8 10 136 146 1 0 142 141 143 0 0
0 4 0 0 0 0 141 0 0.008 0 0 0 0 75 0.3 49 4.6 9 136 145 1 0 143 141 143 0 1
0 1 0 0 0 0 140 0 0.002 0 0 0 0 69 0.3 21 8.3 22 129 151 2 0 141 141 142 1 0
0 2 0 1 0 0 140 0 0.006 0 0.003 0 0 67 0.4 25 7.1 25 122 147 1 0 142 138 141 4 1
0 6 0 0 0 0 130 0 0.009 0 0 0 0 59 0.5 15 9.8 53 95 148 4 0 142 138 142 4 1
0 6 2 0 0 0 133 0 0.011 0.004 0 0 0 69 0.3 29 5.6 12 129 141 1 0 137 135 137 0 0
0 15 2 0 0 0 135 0 0.013 0.002 0 0 0 67 0.3 67 5.5 28 116 144 4 0 136 135 137 0 1
0 2 1 0 0 0 135 0 0.006 0.003 0 0 0 61 0.5 21 9.5 36 108 144 5 0 138 135 137 3 1
0 9 1 2 0 0 138 0 0.008 0.001 0.002 0 0 64 0.4 30 7 41 118 159 2 0 144 143 145 5 0
0 1 0 0 0 0 138 0 0.002 0 0 0 0 68 0.3 21 7.2 22 128 150 1 0 144 142 144 1 1
0 8 1 1 0 0 138 0 0.012 0.002 0.002 0 0 60 0.5 32 6.8 56 103 159 4 0 151 144 145 9 1
0 1 0 1 0 0 138 0 0.001 0 0.001 0 0 66 0.4 20 6.8 33 117 150 2 0 144 141 144 2 1
0 11 1 1 0 0 141 0 0.017 0.002 0.002 0 0 60 0.4 41 5.6 38 121 159 3 0 154 149 154 8 1
1 15 1 1 0 0 141 0.001 0.02 0.001 0.001 0 0 59 0.5 38 6.1 38 121 159 3 0 154 149 154 8 1
1 16 1 1 0 0 141 0.001 0.02 0.001 0.001 0 0 56 0.5 17 7.4 51 121 172 4 0 154 148 152 7 0
0 0 0 0 0 0 143 0 0 0 0 0 0 70 0.3 49 5.3 13 137 150 1 0 146 144 146 0 0
0 0 1 0 0 0 143 0 0 0.001 0 0 0 63 0.5 35 9.9 37 120 157 5 1 146 145 146 2 1
0 0 0 0 0 0 148 0 0 0 0 0 0 65 0.4 21 6.5 17 145 162 0 0 156 155 157 0 0
0 0 0 3 0 0 150 0 0 0 0.003 0 0 73 0.9 47 4.8 148 51 199 8 0 154 150 155 29 1
0 0 0 3 0 0 150 0 0 0 0.005 0 0 70 1.4 48 4.4 149 51 200 10 0 154 147 155 54 1
0 0 0 0 0 0 150 0 0 0 0 0 0 78 0.2 51 4.8 11 146 157 1 0 154 153 155 0 1
0 0 0 1 0 0 150 0 0 0 0.001 0 0 76 0.2 43 5.2 35 123 158 1 0 154 153 155 1 1
0 0 0 0 0 0 147 0 0 0 0 0 0 60 0.4 12 5.5 10 144 154 0 0 150 149 150 0 0
1 0 1 0 0 0 137 0.001 0 0.001 0 0 0 68 0.4 47 5.8 65 135 200 3 0 143 143 144 1 -1
1 0 1 0 0 0 137 0.002 0 0.002 0 0 0 63 0.5 9 7.8 75 125 200 4 0 146 144 146 2 -1
1 0 0 0 0 0 137 0.001 0 0 0 0 0 70 0.4 48 4.7 66 134 200 3 0 140 142 143 3 -1
0 0 2 0 0 0 143 0 0 0.003 0 0 0 64 0.6 26 11.6 85 73 158 7 1 146 145 147 2 1
0 0 7 7 0 0 151 0 0 0.006 0.006 0 0 63 1.3 21 8.2 150 50 200 8 3 156 149 156 44 1
0 0 3 2 0 0 151 0 0 0.008 0.005 0 0 60 0.9 17 3.4 124 50 174 8 0 156 148 155 37 1
0 0 4 4 0 0 151 0 0 0.006 0.006 0 0 64 1.1 26 3 150 50 200 11 2 156 150 156 38 1
0 0 6 4 0 0 151 0 0 0.006 0.004 0 0 57 2.6 16 28.4 149 51 200 12 8 156 150 157 56 1
0 0 4 4 0 0 151 0 0 0.006 0.006 0 0 53 2.9 3 21.4 149 51 200 11 7 156 147 155 75 1
0 2 0 0 0 0 144 0 0.003 0 0 0 0 61 0.4 8 6.7 16 140 156 0 0 148 147 149 0 0
0 2 0 0 0 0 144 0 0.003 0 0 0 0 58 0.5 5 7.8 26 141 167 1 0 147 151 151 6 -1
0 3 0 0 0 0 142 0 0.004 0 0 0 0 68 0.3 39 6.7 15 136 151 1 0 142 142 143 0 0
0 3 0 0 0 0 142 0 0.006 0 0 0 0 69 0.3 39 6.5 14 137 151 1 0 142 142 143 0 0
0 3 0 0 0 0 142 0 0.004 0 0 0 0 68 0.3 38 6.7 15 136 151 1 0 142 142 143 0 0
0 2 1 1 0 0 144 0 0.002 0.001 0.001 0 0 78 0.6 23 11 126 74 200 5 0 146 145 147 3 0
0 0 1 0 0 0 140 0 0 0.001 0 0 0 60 0.8 32 11.2 120 79 199 9 0 141 141 142 3 0
0 0 0 0 0 0 140 0 0 0 0 0 0 64 0.5 37 7.6 76 84 160 5 0 141 140 142 1 1
2 8 0 0 0 0 139 0.002 0.007 0 0 0 0 55 0.8 8 8.9 63 127 190 7 1 144 146 147 4 -1
0 1 0 0 0 0 143 0 0.001 0 0 0 0 64 0.4 19 6.5 17 137 154 2 0 144 144 145 0 0
1 0 0 0 0 0 154 0.003 0 0 0 0 0 56 0.6 0 5.4 26 153 179 1 1 161 161 162 1 -1
0 0 0 0 0 0 137 0 0 0 0 0 0 63 0.5 36 7.5 96 71 167 3 0 143 141 143 1 1
0 1 0 0 0 0 143 0 0.001 0 0 0 0 65 0.6 28 14.9 93 72 165 4 0 144 144 146 3 1
0 0 0 0 0 0 143 0 0 0 0 0 0 66 0.5 28 13.5 93 72 165 4 0 144 144 146 2 1
0 0 0 0 0 0 143 0 0 0 0 0 0 65 0.5 24 10.4 111 56 167 4 0 143 144 145 1 1
0 0 0 1 0 0 145 0 0 0 0.001 0 0 66 0.4 31 7.4 30 124 154 4 0 146 145 147 1 1
0 0 1 0 0 0 145 0 0 0.002 0 0 0 70 0.3 40 5.3 14 139 153 1 0 146 146 147 0 0
0 18 3 1 0 0 138 0 0.029 0.005 0.002 0 0 59 0.5 26 4.9 54 100 154 5 0 147 145 148 3 1
0 0 0 0 0 0 144 0 0 0 0 0 0 62 0.5 5 6.1 11 148 159 1 0 153 154 155 0 0
0 0 1 0 0 0 123 0 0 0.001 0 0 0 72 0.3 58 6.5 52 84 136 3 0 123 123 124 1 1
0 1 4 1 0 2 138 0 0.001 0.005 0.001 0 0.002 57 1.4 10 8.9 132 60 192 9 1 142 127 138 75 0
0 0 4 1 0 2 138 0 0 0.005 0.001 0 0.003 57 1.3 11 10.2 132 60 192 11 1 140 126 137 75 0
0 2 2 0 0 1 138 0 0.003 0.003 0 0 0.002 60 1 8 7.5 118 69 187 10 1 142 130 140 61 0
0 0 3 0 0 1 138 0 0 0.005 0 0 0.002 61 1 12 10 118 69 187 12 1 140 130 140 55 0
0 0 3 1 0 1 138 0 0 0.006 0.002 0 0.002 58 1.1 15 6.9 132 60 192 8 2 141 132 141 47 0
0 19 0 0 0 0 143 0 0.021 0 0 0 0 65 0.3 43 6.5 24 131 155 2 0 147 145 147 1 0
0 10 0 0 0 0 143 0 0.017 0 0 0 0 70 0.3 50 5.1 13 142 155 1 0 147 146 148 0 0
0 4 0 0 0 0 134 0 0.003 0 0 0 0 79 0.2 42 5.5 17 128 145 2 0 135 135 136 1 0
0 2 0 0 0 0 141 0 0.002 0 0 0 0 67 0.4 44 9.2 78 70 148 2 0 143 141 143 1 1
0 0 0 0 0 0 141 0 0 0 0 0 0 61 0.4 29 5.3 13 135 148 1 0 144 143 145 0 1
0 1 0 1 0 0 130 0 0.003 0 0.003 0 0 74 0.4 42 2.5 60 105 165 6 0 131 128 131 3 0
0 3 1 0 0 0 137 0 0.003 0.001 0 0 0 77 0.2 40 6.6 29 127 156 2 0 138 141 141 3 0
0 3 1 0 0 0 137 0 0.003 0.001 0 0 0 75 0.2 34 6.9 24 127 151 2 0 138 139 140 1 0
0 3 1 0 0 0 137 0 0.004 0.001 0 0 0 75 0.2 32 7 24 127 151 2 0 138 139 140 1 0
0 3 1 0 0 0 137 0 0.004 0.001 0 0 0 75 0.2 30 7.1 24 127 151 2 0 138 139 139 1 0
0 5 0 0 0 0 128 0 0.004 0 0 0 0 73 0.2 32 7.3 22 122 144 1 0 129 132 133 3 0
0 5 0 0 0 0 128 0 0.005 0 0 0 0 73 0.3 38 7.1 22 122 144 1 0 129 130 131 1 0
0 1 0 0 0 0 128 0 0.002 0 0 0 0 78 0.2 32 6.8 17 127 144 2 0 133 135 135 2 0
0 10 0 0 0 0 133 0 0.014 0 0 0 0 72 0.3 20 8.8 32 115 147 2 0 133 136 136 3 0
0 0 6 0 0 0 146 0 0 0.004 0 0 0 64 0.4 31 7.2 19 137 156 2 0 150 147 150 1 0
0 0 4 0 0 0 146 0 0 0.003 0 0 0 66 0.4 33 7 19 138 157 1 0 150 147 150 1 0
0 0 4 0 0 0 146 0 0 0.003 0 0 0 65 0.4 39 7 19 137 156 1 0 150 149 151 1 1
0 0 4 0 0 0 146 0 0 0.003 0 0 0 65 0.4 39 7 19 137 156 1 0 150 149 151 1 1
0 0 6 0 0 0 146 0 0 0.005 0 0 0 65 0.4 44 6.6 22 134 156 3 0 152 150 152 1 1
0 0 4 0 0 0 146 0 0 0.005 0 0 0 69 0.3 55 4.6 11 145 156 0 0 152 150 152 0 0
0 0 7 1 0 0 146 0 0 0.005 0.001 0 0 65 0.4 41 7 28 134 162 4 0 152 150 152 1 0
0 0 2 0 0 0 136 0 0 0.002 0 0 0 66 0.4 61 5.6 24 127 151 1 0 142 140 142 0 0
1 0 5 0 0 0 136 0.001 0 0.005 0 0 0 61 0.5 48 8 31 124 155 9 0 142 140 141 2 0
0 0 8 0 0 0 142 0 0 0.007 0 0 0 60 0.4 17 6.8 21 142 163 0 0 153 152 153 1 0
0 0 7 0 0 0 142 0 0 0.006 0 0 0 59 0.4 32 6.3 22 141 163 1 0 155 153 155 1 0
0 0 3 0 0 0 148 0 0 0.007 0 0 0 41 1 5 13.4 60 135 195 4 1 157 155 158 2 0
0 0 10 0 0 0 148 0 0 0.008 0 0 0 44 0.6 16 7.3 20 150 170 2 0 163 161 163 0 0
0 0 7 0 0 0 149 0 0 0.006 0 0 0 61 0.4 54 5.2 13 146 159 1 0 154 153 155 0 0
0 0 4 0 0 0 149 0 0 0.005 0 0 0 63 0.4 65 4.6 12 146 158 1 0 153 153 155 0 1
0 0 8 0 0 0 149 0 0 0.007 0 0 0 62 0.4 46 5.5 14 146 160 1 0 154 153 155 0 0
0 0 6 0 0 0 138 0 0 0.005 0 0 0 36 2.4 0 16 78 114 192 6 1 160 157 160 14 0
1 0 3 0 0 0 138 0.001 0 0.003 0 0 0 32 3.2 0 15.2 68 124 192 4 1 160 158 159 11 0
0 0 6 0 0 0 140 0 0 0.007 0 0 0 79 0.2 25 7.2 40 137 177 4 0 153 150 152 2 0
1 0 9 0 0 0 140 0.001 0 0.007 0 0 0 78 0.4 22 7.1 66 103 169 6 0 152 148 151 3 1
1 0 9 0 0 0 140 0.001 0 0.006 0 0 0 78 0.4 27 7 66 103 169 6 0 152 147 151 4 1
