0 0 2 0 0 0 150 0 0 0.003 0 0 0 61 0.9 3 8.7 28 138 166 0 0 152 153 155 3 0
0 3 0 0 0 0 148 0 0.003 0 0 0 0 70 0.3 68 5.3 17 136 153 2 0 150 148 150 0 1
0 0 3 0 0 0 138 0 0 0.004 0 0 0 45 1 20 12.3 99 81 180 8 2 162 156 159 8 1
0 0 2 0 0 0 145 0 0 0.002 0 0 0 49 0.6 3 11.6 27 140 167 0 0 159 156 158 3 1
0 3 0 0 0 0 127 0 0.005 0 0 0 0 61 0.6 4 11.5 89 62 151 4 0 131 129 131 2 1
0 4 1 0 0 0 125 0 0.005 0.001 0 0 0 67 0.3 57 4.9 14 115 129 1 0 125 124 126 0 1
0 2 1 0 0 0 125 0 0.004 0.002 0 0 0 66 0.4 20 6.7 22 109 131 1 0 120 121 122 1 0
1 4 1 0 0 0 148 0.003 0.01 0.003 0 0 0 61 0.5 26 7.4 26 139 165 2 0 153 152 154 2 0
2 18 0 0 0 0 135 0.002 0.015 0 0 0 0 54 1 10 16.7 132 66 198 10 0 150 143 146 12 0
0 3 0 0 0 0 139 0 0.007 0 0 0 0 78 0.2 59 4.2 11 133 144 1 0 140 139 141 0 0
0 0 0 0 0 0 150 0 0 0 0 0 0 53 0.5 62 4.5 14 151 165 0 0 161 159 161 1 0
0 0 0 0 0 0 151 0 0 0 0 0 0 48 0.6 68 4 8 154 162 0 0 159 158 160 0 0
1 0 0 0 0 0 135 0.002 0 0 0 0 0 63 0.5 8 5.4 33 133 166 1 0 141 142 143 1 -1
0 0 4 0 0 0 143 0 0 0.003 0 0 0 65 0.6 14 13.3 38 120 158 5 0 145 145 146 2 0
0 0 1 0 0 0 143 0 0 0.002 0 0 0 65 0.5 0 9.2 23 129 152 2 1 143 143 145 1 0
0 4 0 1 0 0 144 0 0.003 0 0.001 0 0 60 0.6 7 8.5 110 57 167 3 0 144 149 149 10 1
0 1 0 0 0 0 120 0 0.002 0 0 0 0 69 0.3 21 7 19 114 133 2 0 120 120 121 0 -1
1 8 0 0 0 0 139 0.001 0.011 0 0 0 0 54 0.9 3 9.4 121 55 176 6 1 154 147 148 9 1
0 2 3 0 0 0 141 0 0.003 0.004 0 0 0 60 0.5 22 7.8 25 128 153 1 0 146 144 146 1 1
0 3 4 0 0 0 148 0 0.004 0.005 0 0 0 78 0.5 4 10 32 140 172 1 0 150 150 151 1 -1
0 2 2 0 0 0 148 0 0.004 0.004 0 0 0 75 0.6 0 10.7 32 140 172 1 0 150 150 151 0 -1
1 6 1 0 0 0 144 0.002 0.01 0.002 0 0 0 76 0.6 0 11.8 54 126 180 2 0 156 153 155 5 0
0 1 0 0 0 0 144 0 0.002 0 0 0 0 47 0.8 11 13.6 90 74 164 5 1 153 151 152 3 1
0 0 2 0 0 0 138 0 0 0.005 0 0 0 65 0.4 14 7 20 129 149 3 0 141 140 142 1 0
1 0 1 0 0 0 141 0.002 0 0.002 0 0 0 62 0.5 14 7.8 34 125 159 1 0 150 146 149 2 1
0 0 2 0 0 0 132 0 0 0.005 0 0 0 64 0.4 38 6.3 22 121 143 2 0 133 132 133 0 0
0 0 0 0 0 0 129 0 0 0 0 0 0 66 0.4 2 9.1 20 122 142 0 0 132 132 133 1 0
0 1 0 0 0 0 129 0 0.002 0 0 0 0 69 0.3 14 7.6 25 127 152 0 0 139 135 136 4 -1
0 2 0 0 0 0 141 0 0.003 0 0 0 0 76 0.2 62 4.3 12 134 146 1 0 142 140 142 0 0
0 0 1 0 0 0 146 0 0 0.001 0 0 0 53 0.5 32 8.2 27 136 163 2 1 160 156 158 2 1
0 0 2 0 0 0 152 0 0 0.002 0 0 0 60 0.4 57 8 36 128 164 2 0 160 157 160 2 1
0 0 1 1 0 0 152 0 0 0.002 0.002 0 0 61 0.5 61 3.4 61 99 160 4 3 159 155 158 4 1
1 0 6 0 0 0 137 0.001 0 0.005 0 0 0 62 0.4 42 5.4 22 133 155 2 0 142 140 142 0 0
0 0 9 1 0 0 144 0 0 0.008 0.001 0 0 60 0.4 8 7.2 33 123 156 0 0 147 145 148 2 1
0 0 7 0 0 0 144 0 0 0.008 0 0 0 61 0.4 10 7.6 20 136 156 2 0 148 146 148 1 0
0 0 3 0 0 0 145 0 0 0.003 0 0 0 51 0.6 13 8.3 24 141 165 1 0 153 152 153 1 0
0 0 2 0 0 0 145 0 0 0.003 0 0 0 51 0.7 7 8.4 24 141 165 1 0 153 152 153 1 0
2 0 5 0 0 0 142 0.002 0 0.005 0 0 0 51 0.8 9 9.5 50 112 162 8 0 153 149 151 4 1
0 0 2 0 0 0 142 0 0 0.003 0 0 0 52 0.8 10 11 71 89 160 6 0 153 149 153 5 1
0 0 5 0 0 0 144 0 0 0.005 0 0 0 43 0.7 1 10.2 40 129 169 1 0 157 154 156 3 0
0 0 5 0 0 0 144 0 0 0.006 0 0 0 45 0.7 0 9.8 30 139 169 2 0 157 155 157 2 0
0 0 5 0 0 0 147 0 0 0.005 0 0 0 48 0.6 52 5.2 18 149 167 2 0 160 158 159 0 0
1 0 4 0 0 0 148 0.002 0 0.008 0 0 0 44 0.9 15 9.6 60 135 195 5 0 157 158 158 1 0
0 0 5 0 0 0 148 0 0 0.005 0 0 0 50 0.5 62 4.7 10 153 163 1 0 160 159 161 0 1
0 0 5 0 0 0 148 0 0 0.006 0 0 0 51 0.5 62 4.5 8 155 163 1 0 160 159 161 0 0
0 0 1 0 0 0 148 0 0 0.003 0 0 0 38 0.9 17 12.2 34 135 169 3 0 157 155 158 3 0
2 0 11 1 0 0 149 0.002 0 0.009 0.001 0 0 37 1.1 10 6.6 71 104 175 6 0 163 159 163 7 1
0 0 6 0 0 0 140 0 0 0.006 0 0 0 42 1.4 16 11.1 48 124 172 1 0 151 150 151 4 0
