1 251 2 3 0 1 131 0.002 0.383 0.003 0.005 0 0.002 18 2.4 0 13.9 107 67 174 5 0 134 125 132 45 0
0 162 1 10 0 1 132 0 0.135 0.001 0.008 0 0.001 29 4.4 0 10.5 141 50 191 7 1 133 119 129 73 0
0 0 8 6 0 1 156 0 0 0.011 0.008 0 0.001 34 5.4 0 3.3 150 50 200 8 0 117 131 136 108 0
0 0 2 0 0 0 154 0 0 0.004 0 0 0 65 0.9 0 13.4 92 74 166 2 0 156 158 159 2 1
1 2 0 2 0 0 139 0.002 0.003 0 0.003 0 0 51 2.2 0 7.1 148 52 200 12 4 147 137 145 55 0
0 0 0 0 0 0 148 0 0 0 0 0 0 67 0.4 67 4.9 15 139 154 4 0 150 149 151 0 1
0 0 0 0 0 0 148 0 0 0 0 0 0 63 0.4 30 8.8 35 121 156 3 1 150 149 151 1 1
0 1 0 1 0 0 148 0 0.001 0 0.001 0 0 60 0.5 49 4.8 83 78 161 3 0 154 152 154 1 1
0 0 4 3 0 1 123 0 0 0.007 0.005 0 0.002 28 1.4 0 4.5 77 61 138 3 1 114 112 115 15 1
0 0 4 0 0 0 159 0 0 0.003 0 0 0 65 0.4 16 10.8 91 81 172 0 0 163 163 165 2 1
0 0 2 0 0 0 159 0 0 0.003 0 0 0 62 0.5 6 13.2 91 81 172 0 0 163 163 164 2 1
0 0 2 0 0 0 159 0 0 0.003 0 0 0 65 0.4 11 6.8 15 153 168 0 0 163 162 164 0 1
0 0 5 0 0 0 159 0 0 0.009 0 0 0 66 0.4 16 7.2 23 147 170 0 0 165 164 166 0 1
1 0 6 0 0 0 159 0.002 0 0.009 0 0 0 58 0.5 13 8 42 146 188 2 0 167 172 174 8 0
0 0 1 0 0 0 154 0 0 0.002 0 0 0 48 0.9 0 12.7 90 93 183 4 0 167 161 163 8 1
1 0 3 0 0 0 138 0.001 0 0.004 0 0 0 43 1.1 20 11.3 44 129 173 8 2 162 155 159 8 1
0 4 0 0 0 0 127 0 0.005 0 0 0 0 63 0.5 4 11.3 89 62 151 4 0 129 128 130 1 1
0 6 1 0 0 0 125 0 0.005 0.001 0 0 0 66 0.3 46 5.8 21 112 133 0 0 125 124 126 0 0
0 0 1 0 0 0 123 0 0 0.001 0 0 0 67 0.6 27 12.6 110 50 160 7 0 125 123 125 2 1
1 2 0 0 0 0 151 0.002 0.004 0 0 0 0 64 0.4 40 4.6 27 141 168 2 0 157 156 158 1 0
0 0 7 0 0 0 128 0 0 0.006 0 0 0 30 1.2 0 14.2 77 119 196 3 0 148 154 155 13 0
0 7 0 0 0 0 142 0 0.006 0 0 0 0 61 0.7 52 12.2 79 71 150 12 0 143 142 144 3 1
0 3 0 0 0 0 144 0 0.006 0 0 0 0 77 0.2 62 3.8 12 138 150 2 0 144 144 146 0 0
0 7 0 0 0 0 141 0 0.007 0 0 0 0 71 0.4 67 10.8 78 69 147 2 0 144 142 144 2 1
0 1 0 0 0 0 135 0 0.001 0 0 0 0 56 1 39 16.4 89 67 156 8 0 143 140 142 6 1
0 10 0 0 0 0 144 0 0.024 0 0 0 0 75 0.3 67 4.2 16 136 152 2 0 145 146 147 0 0
0 3 0 0 0 0 146 0 0.004 0 0 0 0 78 0.2 57 4.3 12 137 149 1 0 144 143 145 0 0
0 3 0 0 0 0 146 0 0.004 0 0 0 0 79 0.2 56 4.3 12 137 149 1 0 144 143 145 0 0
0 3 0 0 0 0 146 0 0.009 0 0 0 0 77 0.3 20 4.8 12 137 149 0 0 142 143 145 0 0
0 3 0 0 0 0 139 0 0.007 0 0 0 0 77 0.2 55 4.3 11 133 144 1 0 140 139 141 0 0
0 4 0 3 0 0 140 0 0.007 0 0.005 0 0 61 0.9 16 12.4 129 64 193 9 1 142 138 141 11 0
0 11 3 0 0 0 133 0 0.009 0.003 0 0 0 60 0.5 14 11.4 80 68 148 4 0 137 136 138 2 1
0 6 2 0 0 0 133 0 0.009 0.003 0 0 0 64 0.4 25 6.4 15 129 144 2 0 136 135 137 0 0
0 8 1 0 0 0 135 0 0.019 0.002 0 0 0 63 0.4 60 4 8 133 141 1 0 136 136 137 0 0
0 12 2 0 0 0 135 0 0.013 0.002 0 0 0 65 0.4 68 5 25 116 141 3 0 136 135 137 0 1
0 5 1 1 0 0 138 0 0.009 0.002 0.002 0 0 60 0.5 9 8.7 47 103 150 3 0 144 140 144 4 1
6 28 2 1 0 0 141 0.005 0.023 0.002 0.001 0 0 53 1 28 5.2 123 57 180 13 0 154 149 154 10 1
0 0 0 0 0 0 148 0 0 0 0 0 0 65 0.4 20 6.7 21 141 162 1 0 157 155 157 1 1
1 0 0 2 0 0 150 0.002 0 0 0.003 0 0 47 1.4 10 12.1 145 52 197 8 0 159 154 157 13 1
0 0 0 0 0 0 150 0 0 0 0 0 0 76 0.3 31 5.4 11 146 157 1 0 154 153 155 0 1
0 0 0 0 0 0 150 0 0 0 0 0 0 78 0.2 50 4.8 12 146 158 0 0 154 154 155 0 1
0 0 1 0 0 0 147 0 0 0.001 0 0 0 66 0.4 16 7.4 80 74 154 1 0 148 146 148 1 1
0 0 1 1 0 0 147 0 0 0.002 0.002 0 0 71 0.3 17 5.8 15 139 154 0 0 143 145 146 1 0
0 0 2 0 0 0 143 0 0 0.002 0 0 0 65 0.6 7 12.9 29 129 158 4 1 150 145 146 5 0
0 0 6 4 0 0 151 0 0 0.008 0.005 0 0 61 1.3 15 10.5 150 50 200 8 1 156 148 155 42 1
0 0 1 1 0 0 145 0 0 0.001 0.001 0 0 62 0.5 8 10.1 87 70 157 1 1 148 145 148 4 1
0 0 0 0 0 0 145 0 0 0 0 0 0 66 0.4 9 7.7 22 135 157 1 0 148 148 149 0 0
0 2 1 0 0 0 143 0 0.002 0.001 0 0 0 61 0.6 17 14.4 84 74 158 10 1 145 144 146 3 1
0 1 0 0 0 0 137 0 0.001 0 0 0 0 60 0.6 22 13.1 96 71 167 3 0 143 144 144 3 1
1 1 0 0 0 0 145 0.003 0.003 0 0 0 0 54 0.6 0 6.6 21 145 166 0 0 157 156 158 1 0
0 0 0 0 0 0 145 0 0 0 0 0 0 63 0.4 23 10.4 31 123 154 4 0 146 144 147 1 1
0 0 2 0 0 0 141 0 0 0.003 0 0 0 61 0.4 22 6.9 19 133 152 1 0 144 143 145 0 0
0 1 0 0 0 0 144 0 0.001 0 0 0 0 51 1.1 10 21.7 115 71 186 9 0 153 151 153 6 1
0 0 1 0 0 0 123 0 0 0.001 0 0 0 74 0.3 64 5.9 52 84 136 3 0 123 124 126 1 1
0 0 2 5 0 1 128 0 0 0.006 0.014 0 0.003 23 6.3 0 0 144 52 196 10 2 90 98 91 95 -1
0 2 1 0 0 0 138 0 0.005 0.003 0 0 0 62 0.5 9 8.1 27 121 148 1 0 142 140 142 1 1
5 489 5 4 0 1 133 0.004 0.408 0.004 0.003 0 0.001 21 2.3 0 15.7 107 67 174 7 0 143 125 135 76 0
1 325 3 4 0 1 130 0.001 0.43 0.004 0.005 0 0.001 25 1.9 0 8.3 141 57 198 16 0 129 125 131 35 0
0 0 8 0 0 0 133 0 0 0.007 0 0 0 60 0.7 58 9.9 128 72 200 8 1 133 132 134 2 0
0 1 0 1 0 0 130 0 0.002 0 0.002 0 0 75 0.3 66 2.1 60 105 165 6 0 130 129 131 1 0
0 4 0 0 0 0 128 0 0.005 0 0 0 0 74 0.2 45 6.9 22 122 144 1 0 133 130 132 1 0
0 14 0 0 0 0 133 0 0.012 0 0 0 0 69 0.4 25 10 58 127 185 5 0 133 136 137 4 -1
0 0 5 0 0 0 146 0 0 0.006 0 0 0 65 0.4 33 7.4 30 134 164 1 0 150 149 151 1 0
0 0 1 0 0 0 146 0 0 0.002 0 0 0 61 0.4 53 6.8 45 118 163 5 0 157 154 157 2 1
0 0 2 1 0 0 146 0 0 0.002 0.001 0 0 53 0.7 44 8.1 70 93 163 4 1 157 152 156 8 1
0 0 3 0 0 0 152 0 0 0.003 0 0 0 61 0.4 64 6.1 34 129 163 3 1 160 157 160 1 1
0 0 1 0 0 0 152 0 0 0.002 0 0 0 60 0.4 59 7.1 34 129 163 3 1 160 157 160 1 1
0 0 3 0 0 0 152 0 0 0.004 0 0 0 62 0.4 67 3.9 10 152 162 1 0 160 158 160 0 1
0 0 3 0 0 0 152 0 0 0.005 0 0 0 60 0.4 62 4 13 150 163 1 0 160 158 160 0 1
0 0 4 0 0 0 152 0 0 0.005 0 0 0 62 0.4 59 5.6 25 136 161 0 0 159 156 158 1 1
0 0 3 0 0 0 152 0 0 0.004 0 0 0 59 0.5 62 9.5 38 126 164 3 1 160 157 159 2 1
0 0 3 0 0 0 143 0 0 0.006 0 0 0 63 0.5 35 6.5 33 128 161 4 0 147 146 148 0 0
0 0 3 0 0 0 137 0 0 0.004 0 0 0 61 0.4 34 5.9 15 132 147 1 0 142 140 142 0 0
1 0 6 0 0 0 137 0.001 0 0.005 0 0 0 61 0.4 45 5.1 22 133 155 2 0 142 140 142 0 0
1 0 5 0 0 0 137 0.001 0 0.006 0 0 0 63 0.4 49 4.8 22 133 155 2 0 142 141 142 0 0
3 20 4 4 0 3 128 0.003 0.017 0.003 0.003 0 0.003 30 2 0 6 111 54 165 14 0 129 112 129 103 1
0 0 5 0 0 0 142 0 0 0.006 0 0 0 58 0.4 31 6.1 22 141 163 2 0 155 153 155 1 0
0 0 1 0 0 0 145 0 0 0.001 0 0 0 50 0.7 17 7.3 42 125 167 8 0 153 154 155 2 1
1 0 1 0 0 0 145 0.002 0 0.002 0 0 0 50 0.7 12 6.5 65 103 168 8 0 153 155 156 3 1
0 0 9 0 0 0 148 0 0 0.008 0 0 0 44 0.6 19 6.9 19 150 169 1 0 163 161 163 0 0
1 0 5 1 0 0 149 0.001 0 0.007 0.001 0 0 36 1.4 10 6.7 121 58 179 6 0 163 158 163 11 1
2 0 10 1 0 1 132 0.002 0 0.009 0.001 0 0.001 34 1.2 0 12.4 106 61 167 3 1 99 124 131 116 1
0 0 5 0 0 0 149 0 0 0.006 0 0 0 61 0.4 34 5.6 12 148 160 1 0 154 153 155 0 0
0 0 3 0 0 0 140 0 0 0.004 0 0 0 48 0.9 21 9.5 37 135 172 2 1 151 152 152 3 0
0 10 23 0 0 0 133 0 0.003 0.006 0 0 0 74 1.3 28 3.9 31 119 150 7 0 136 134 137 1 0
1 0 7 0 0 0 140 0.001 0 0.007 0 0 0 79 0.4 20 6.1 67 103 170 5 0 153 148 152 4 1
