1 0 4 0 0 0 144 0.001 0 0.004 0 0 0 44 0.8 2 11.9 33 135 168 4 0 162 157 160 5 1
1 0 4 0 0 0 144 0.001 0 0.005 0 0 0 46 0.8 2 11.5 31 138 169 3 0 162 158 161 5 1
0 4 0 0 0 0 144 0 0.007 0 0 0 0 61 0.5 7 9.5 39 125 164 3 0 144 143 144 1 0
0 3 1 0 0 0 133 0 0.008 0.003 0 0 0 61 0.5 4 7.8 16 128 144 1 0 135 135 136 0 0
0 0 1 1 0 0 145 0 0 0.001 0.001 0 0 60 0.5 5 7.5 46 111 157 1 1 148 146 148 4 1
0 3 4 0 0 0 148 0 0.003 0.004 0 0 0 79 0.4 4 10 20 140 160 1 0 150 151 153 1 0
0 0 1 0 0 0 123 0 0 0.004 0 0 0 60 0.6 0 10.4 52 84 136 4 0 125 124 126 2 1
0 1 0 0 0 0 123 0 0.001 0 0 0 0 70 0.3 66 5.9 30 101 131 1 0 123 123 124 1 1
0 8 4 0 0 0 129 0 0.01 0.005 0 0 0 64 0.4 54 5.3 23 118 141 1 0 131 130 132 0 0
0 4 1 0 0 0 129 0 0.008 0.002 0 0 0 55 0.6 0 10.3 58 101 159 3 0 140 138 140 2 0
1 1 2 0 0 0 139 0.002 0.002 0.004 0 0 0 61 0.4 8 6.4 17 138 155 1 0 147 146 148 0 0
0 0 4 0 0 0 138 0 0 0.005 0 0 0 45 0.7 62 6.7 39 113 152 3 0 141 139 141 1 1
0 0 3 0 0 0 138 0 0 0.003 0 0 0 44 0.6 61 5.1 19 130 149 1 0 141 140 142 0 0
1 0 6 0 0 0 137 0.001 0 0.007 0 0 0 60 0.4 33 5.8 22 133 155 2 0 142 140 142 1 0
0 0 2 3 0 1 121 0 0 0.003 0.005 0 0.002 24 1.5 0 0 68 71 139 2 0 123 106 108 53 0
0 0 7 0 0 0 142 0 0 0.007 0 0 0 60 0.4 8 7.7 20 136 156 0 0 147 146 148 1 0
0 0 7 0 0 0 133 0 0 0.007 0 0 0 43 0.8 30 11.2 48 106 154 4 0 145 140 143 4 1
0 0 5 0 0 0 133 0 0 0.008 0 0 0 48 0.6 46 6.8 25 125 150 2 0 145 142 144 1 1
