13.828847	33.774136
-44.08918	51.464027
-30.002533	79.878
-58.19705	63.859215
-65.40402	56.373604
-82.25197	57.038475
-81.404915	16.068087
-81.16265	29.808167
-50.84742	30.238197
-80.30379	56.427322
-29.59773	81.600586
-97.68985	-16.99852
-46.091633	51.685505
18.953806	84.79367
0.8347047	83.81772
-73.63476	54.389633
-80.3397	62.928608
-42.264877	79.33026
-54.998528	23.166067
-1.3142391	62.485077
-41.975098	86.26821
-94.121826	-20.474907
-34.679817	79.56061
-41.83054	76.554756
18.901297	81.03271
-40.463295	82.16473
-46.307564	44.5999
-35.709522	82.948746
-30.695461	70.71993
-64.32239	56.67754
-4.8581786	86.06396
-85.54712	-26.019917
-41.599422	80.66202
8.95106	36.1417
-79.33024	-39.05984
-44.41567	85.2053
-53.316174	32.67712
-51.888847	-7.9283504
-40.194748	93.80749
-55.580864	36.73426
-46.516575	43.67143
-93.45005	-20.567722
-97.21018	-16.918867
-73.21558	54.21009
-38.920444	45.871094
-73.06928	48.278824
-21.062464	56.568035
-76.93243	65.55758
-51.89486	33.606293
-98.78139	-11.981438
-78.10149	54.850677
-58.352562	61.869392
-88.57172	-28.248066
-65.57368	44.032066
-42.76755	78.11185
-42.624092	76.39723
-93.23433	-25.268465
4.2969203	37.27832
-41.094822	44.11561
-28.366817	41.95058
-40.18343	71.66088
-86.0855	-24.772131
-41.855545	48.14098
-58.89188	58.09936
-27.530788	34.036892
13.135525	81.693504
-49.444252	53.84805
-7.073601	63.160717
-46.6849	52.906097
-5.7436996	78.33668
9.069065	88.76458
-78.03146	-21.10378
-31.819756	70.63698
-73.62885	48.669117
23.690435	88.31297
-65.355644	47.00279
-49.392166	36.83329
-27.182331	70.06529
-42.905796	62.73725
-42.37437	76.247116
-57.94906	64.42752
24.392933	85.24587
-1.3146675	62.529
-89.89726	-22.355719
-42.930405	58.185726
-62.713646	24.29467
-50.61018	52.630955
-55.981853	35.87558
8.890946	39.24068
-23.451458	31.366121
-69.581154	51.810356
-56.786243	70.90177
-93.35327	-21.840282
-45.59447	68.24924
-47.018032	30.72776
-40.01287	93.03641
-59.66625	69.23891
2.6577344	83.67718
-80.10591	30.386524
-81.44535	62.380016
17.469517	65.36955
-99.44866	-17.778622
-54.39817	20.089485
-39.040546	80.957436
-20.862104	29.230852
-44.021294	22.594074
-2.72971	34.887356
-42.88648	42.34222
1.0969583	65.05082
-81.74443	-20.877766
-62.63339	24.326824
-9.935896	67.3358
-41.118145	81.838615
-60.269215	20.352106
-42.571342	51.21924
-31.160997	29.281937
-73.24664	35.607613
52.431007	65.56804
19.465015	61.054157
-25.511217	37.492195
-92.6167	-9.266497
-38.879967	78.17841
-65.506325	58.268436
-99.99371	-13.486539
-52.327602	52.01379
-69.89545	49.834602
4.4582953	44.395638
-30.679358	42.689217
-77.20969	65.52158
-75.58276	27.810465
-74.21708	34.92909
-99.47271	-14.937703
6.78012	39.619087
-93.61552	-21.673347
-73.75119	59.352306
-39.483624	52.663242
-75.78979	63.2878
-54.77801	35.78488
-57.65568	64.350075
-14.364725	17.201225
-83.44287	52.09381
-38.984074	90.86677
-52.10026	36.06298
-71.06322	51.251343
-47.454456	51.544025
-80.851425	54.26242
-17.720137	52.070206
-22.257483	57.596672
-50.67584	49.119144
-0.7545459	63.711456
-29.41862	36.233437
-40.700214	36.878227
-73.67669	60.332314
-30.173565	64.23457
-26.270823	76.54668
-29.445618	62.61146
-34.8378	68.92765
-17.738062	52.02832
9.321292	84.64341
-16.413939	67.476074
-89.68521	-21.660574
-108.380135	-13.934968
-77.289024	28.963428
-52.710964	-2.5292368
5.170355	73.45667
-51.87478	-7.51742
-24.919392	37.205353
-40.284492	92.563034
-98.791275	-11.8220215
-47.19084	53.91264
-58.167202	62.355595
-56.61101	67.43465
-79.16883	36.272472
-30.029161	43.832165
4.521856	73.373505
-29.744345	79.72647
18.05883	82.367096
-80.22192	32.80114
14.403214	33.927048
-73.11999	41.733887
-86.88911	-23.629807
-31.795519	78.65271
18.899672	85.060135
-29.395636	43.801632
1.4609034	34.75657
-60.39222	61.917038
-32.829784	87.42971
-23.503588	56.208782
-92.58355	-8.584626
-58.674397	69.15369
-4.283465	63.92706
-74.02639	27.18469
-57.737373	60.992172
-68.18695	58.267986
-4.1325603	84.722336
-52.12438	37.702057
-41.72277	43.92548
14.031424	35.33129
-82.39397	55.7325
-26.116589	64.268364
-35.693752	89.4192
-88.271454	-22.799538
-74.194405	59.344013
18.602179	81.289986
-87.35559	13.185141
-69.3252	47.89894
-46.921993	-0.50495356
-105.95079	-13.435816
23.057465	87.39875
-43.922115	60.671215
-64.861824	44.495575
-46.438686	43.9789
-73.16809	66.23877
-100.73006	-15.661204
-82.26325	-30.277903
-43.360844	76.43375
-96.73589	-19.30486
-71.344025	63.676384
-84.24811	17.334637
-67.00743	46.86778
15.672135	44.745934
-76.78331	34.08922
16.75914	64.91132
-65.564415	44.325855
-26.211529	76.54987
-72.30576	17.282763
-58.02624	42.458622
-29.062906	64.30266
-97.18838	-18.789515
-73.44313	49.512577
-54.172176	20.491966
-98.29719	-17.882664
-66.73014	46.81522
-74.90881	65.62915
-72.12077	17.859718
-58.32978	44.90402
-75.72537	66.87787
-42.109627	77.011536
-4.9366264	64.44631
-56.4638	64.22082
-73.60249	28.955048
-41.762745	17.187225
17.941347	62.35111
-49.094616	54.88704
-84.63699	15.856223
-42.386013	90.52704
-7.0601482	63.005856
-80.49341	37.661137
-40.282696	51.406548
1.2356267	58.16798
-74.02687	54.713203
-22.724674	55.255634
-40.455837	91.960014
-24.977943	64.0512
-2.7637274	85.35004
-34.381004	39.961422
-56.9917	67.770294
-50.037457	-2.8903573
-41.68909	50.648277
7.452475	70.72181
-102.26475	-13.030345
-48.60291	-2.4622343
-73.835396	27.493462
-80.916534	58.911663
-42.023693	90.41905
-42.84524	-21.354261
-30.398571	61.292904
0.35786584	83.71652
-51.468945	52.607834
-52.776566	38.866722
-40.312954	93.11602
-99.14871	-12.611851
-54.876026	19.855406
-40.579514	46.66246
-73.90795	61.252007
-61.766933	23.853031
22.18552	84.95767
-50.70715	-6.2570477
-38.928726	82.44409
-14.338883	16.727808
-82.36811	62.21787
-87.023056	-27.221003
-27.253407	70.0863
-36.928616	77.35718
-58.011986	59.34924
-50.28666	25.359085
3.884733	85.98851
-28.939528	67.38508
-80.912254	5.3608356
-28.536255	78.19963
-74.91468	63.94496
-73.10946	35.72715
-67.80984	57.963825
-38.538567	45.142616
-80.250404	33.74403
-29.847273	32.94508
-50.511032	31.67622
-24.032482	33.51435
-61.571064	45.826527
1.4201263	78.92683
-69.40419	31.232752
-64.13106	46.688507
16.801115	63.872337
-72.249855	26.300642
21.76622	82.73995
-46.562485	68.01364
-32.794735	43.709457
-40.94953	79.83441
-49.481495	47.403385
4.088375	41.460552
-20.4851	56.301376
-79.08426	54.778637
-38.195053	75.98856
-30.89203	80.5897
-5.945142	76.566154
-15.535713	68.491844
-86.670265	55.32839
-42.847908	79.636955
-40.20731	91.64392
-2.3919458	34.897537
-71.45646	25.89412
6.717637	82.99045
-29.23172	11.013362
-49.607	32.257233
-41.907177	86.30701
-42.744667	44.911785
-99.374886	-15.874672
-41.415974	44.89719
-32.026516	76.851036
13.255975	48.660835
-43.1676	81.88049
21.35396	84.360794
-83.66753	-20.734514
-54.41133	67.94235
-19.270374	-1.2836521
-60.75193	19.825838
-3.8382735	86.75674
-7.6316223	65.887085
-73.38887	35.52994
-22.517244	69.02294
-25.426615	64.89706
-36.32629	83.23359
20.38149	84.32545
-88.810135	13.792547
1.5322907	57.887432
-67.64307	56.89062
-104.869896	-14.434079
-66.40735	57.49563
-40.279873	77.30959
-81.09573	62.951904
-39.01315	89.97906
-53.719322	67.80224
-0.8321929	83.884
-99.35126	-14.89944
-35.54717	31.37336
-80.8065	53.406433
-3.424215	64.50023
5.267682	73.46568
-12.742153	21.42774
-25.609915	12.217556
-39.05596	77.19408
-62.333344	61.934547
1.5974275	66.8488
-86.03015	14.589042
-42.735832	42.618195
-43.420986	82.07366
-22.9811	31.326136
3.626898	37.43692
-55.55903	36.10869
-65.61409	46.966408
1.06175	67.30267
-32.11678	77.51273
-89.2195	-36.55341
-79.33414	52.55059
-73.174934	62.093945
-72.61754	64.711205
23.345608	86.993576
-57.107708	20.684134
19.743134	60.62757
-45.988094	44.745323
1.7074231	81.93462
-72.39015	64.23685
-53.845516	21.272396
-33.333088	72.478294
-57.19731	20.436104
-30.76461	34.661015
-101.62547	-13.46228
-74.26069	48.850315
-2.668656	84.34304
-28.780813	67.98582
-26.903435	43.81686
-59.957283	61.378082
-42.492085	41.63017
-89.65925	-36.660217
-66.33867	31.643286
-58.924618	68.85177
-7.0941625	61.622726
-34.873943	88.268196
-31.6201	43.810696
-87.53451	-23.813211
-80.65714	55.233597
4.3223405	41.603573
-80.25835	62.826557
-12.402202	70.83125
-48.0388	51.889748
16.46343	37.390316
-37.91243	81.31019
-80.282135	28.753195
-69.37734	31.062618
-74.61879	34.703724
-41.623028	89.8671
-64.349045	44.585873
-82.999405	61.704273
-62.388077	61.754337
-79.01112	36.02512
-93.675545	-19.38284
24.834936	85.38788
-2.0823476	57.93646
-26.78444	11.568096
-84.738846	-42.602173
-84.37336	-26.999529
12.498154	82.0969
-39.400806	91.48337
-3.3994613	85.131935
-93.350204	-19.300543
-25.694197	38.653126
-83.25455	61.7263
4.5623035	44.32985
-77.473145	27.592316
-69.00047	46.22399
9.321244	83.19165
-72.47952	63.019375
-24.480185	56.23759
16.592657	64.35156
-45.43343	51.581722
-74.49305	62.545048
-1.8630971	84.24405
-33.36154	69.99579
-85.5586	16.713837
-40.05569	23.25158
-68.8574	48.452633
-40.154842	46.348064
-69.358665	45.412766
-72.55779	29.442675
-88.70218	-29.90845
-43.629242	87.40716
-38.902817	90.86525
-60.92736	68.9343
-38.13385	46.455467
-54.41679	35.337986
-4.9491277	28.966154
14.49659	45.411003
8.556198	38.75071
-43.865944	58.564796
-39.314438	52.64068
-53.16712	61.13073
-79.20347	31.870764
11.312866	83.23699
-42.93271	49.72471
-0.32468182	88.260345
15.235057	66.690216
-58.372353	71.42832
-1.9957016	57.8214
-64.57507	56.85147
-80.572754	62.009
-101.75025	-13.546403
-56.24619	67.96915
-16.796375	40.173077
6.2266116	70.88824
-33.955444	69.04899
1.5156027	80.92871
15.660853	37.33207
-40.077812	80.30207
5.8252664	73.9751
-15.937756	50.995346
-28.455755	42.24443
-5.1724696	61.702946
-72.309746	59.890812
-80.3325	30.78674
7.943027	70.36887
-69.364815	50.437344
6.035213	70.978874
-32.86331	43.803658
-72.74797	61.167534
-3.706671	37.259426
-76.651505	28.452288
18.498537	81.85055
-42.034386	79.82777
-42.561405	74.631905
-29.406052	64.95538
-58.188183	71.04154
-32.422237	44.249695
0.68246645	35.40544
-51.52467	49.154205
-37.124645	39.23647
-27.25126	65.709114
-65.78446	55.62674
-31.533638	70.62346
-72.37088	62.488148
-31.53959	40.958843
18.381014	93.82709
-52.850582	52.034267
-87.71258	-26.604778
16.676636	80.78367
-81.881195	62.11059
-6.22177	34.884045
-25.106525	38.968964
-40.488403	45.671772
8.252342	78.97634
-105.40077	-14.388361
-78.985435	31.60466
-50.86086	33.21309
-73.72932	41.241127
-51.91462	21.198818
-42.804916	75.381485
-47.842133	67.73374
-72.52989	64.889534
-61.380604	62.20121
-70.21392	61.035103
-67.97945	48.3237
-88.17637	-36.47049
-79.14095	64.25887
-68.72643	46.974125
-79.33486	30.652462
-95.60801	-20.11947
-46.995407	44.180653
-35.119617	88.17552
-35.517536	88.63096
-49.27319	32.127323
-41.819813	47.816216
-39.736988	92.996254
-30.528637	61.502396
10.587262	83.58984
-47.2063	67.91587
-41.76624	17.190317
-43.32659	78.84149
3.2441223	72.02819
-64.807625	44.300568
8.396339	38.183044
-43.650513	22.267591
-84.480606	50.381855
-66.65748	56.51166
-10.918293	22.106653
-108.01571	-14.615931
-14.577807	28.033188
-16.217882	67.73039
1.7531058	41.299686
-78.65591	52.974846
-76.64049	-16.579847
-37.387222	44.58174
-10.513848	27.403198
-78.86451	64.750465
-57.93538	70.8184
-77.28456	33.45714
-30.085308	71.1853
-33.218353	29.153429
-75.845795	65.3415
-42.25921	62.610596
-35.383762	31.829016
-75.7991	-14.389425
-50.155964	61.710514
-53.24571	34.96266
-82.591675	56.97103
-31.897678	30.158558
-68.09697	48.848606
-50.26144	-2.2868097
-17.569065	58.434273
-93.32133	-25.969486
14.147589	48.609436
-57.756832	59.12924
-41.59484	93.21683
-38.64799	76.63286
-84.28141	-25.023012
24.499187	82.60911
-81.90534	25.50767
-59.00512	70.72498
-0.33217752	66.076805
-36.186504	44.435024
22.553038	86.06555
-28.150707	63.687378
-22.524004	55.101288
-32.462418	88.18605
-46.89534	52.49023
-51.166855	52.38176
-35.650265	88.31257
-43.43827	86.6454
9.462135	83.98292
-84.58103	-27.46072
-53.39141	51.709145
-83.76692	-18.781384
11.470085	89.47465
-84.86837	-25.929993
2.0357199	82.57754
0.29752737	63.188023
-56.981773	71.910355
4.4931045	72.89313
-67.14626	57.187218
-76.43383	66.31953
-79.43121	32.539505
-45.23742	44.06293
-10.150536	66.56744
-17.409088	58.124176
-10.755698	22.319925
-82.4238	25.32136
-50.364082	-2.2559674
-60.68614	19.97128
37.29153	36.042686
-100.271194	-18.521198
14.170658	35.998558
-61.48424	45.7835
-100.08791	-16.84301
-84.61131	-25.653051
-26.209476	12.319739
-56.228077	37.18606
-64.73346	48.37507
-5.8480005	82.18378
-26.350853	43.060352
-101.05789	-3.0935013
13.87949	48.659195
-38.51093	81.144714
-47.232025	38.336098
-79.03711	54.75213
-56.519924	70.060555
-41.06436	63.508904
-72.78635	53.445545
-58.323967	44.9209
-72.923035	60.00215
-23.821096	59.793568
-34.62453	41.146053
-49.404533	14.950174
-4.1937714	37.0643
-81.22088	57.625263
37.175144	35.511963
-61.84068	45.83099
-78.76717	64.508995
-52.001663	33.881092
-95.74173	-18.219086
-84.54276	-28.016367
-71.1485	63.950047
2.3657563	84.04446
0.96230364	35.46395
-93.08716	-26.48551
-30.995213	33.678646
-81.442215	39.060802
-32.26533	77.34594
-32.586483	87.07713
-95.44324	-20.853302
2.2032769	64.814064
-102.066956	-16.36515
-49.674522	-4.611898
-22.444324	30.27262
-16.389359	67.4071
4.0340304	43.286793
-100.78128	-5.352488
-65.68653	58.027187
-44.69083	21.204428
-69.53531	49.058815
-64.06678	25.802443
-42.768005	81.21384
-76.525795	28.404844
-65.20896	31.069857
-6.8162155	77.61172
-91.99154	-22.304407
-70.0126	51.7199
-81.359375	56.83488
-4.060829	63.24829
-32.374073	31.292612
-22.182932	33.305138
-8.50682	66.502464
-65.7395	56.29833
-41.912827	43.633076
22.342896	82.87002
1.7524376	83.01057
15.914419	44.073666
-98.05416	-11.101656
-73.638115	27.173439
-100.29237	-14.822349
1.9263027	84.40176
-77.22569	24.261057
-7.806442	66.02964
-51.631523	36.73475
-76.281494	65.82722
-58.403088	62.449352
-50.52502	53.872272
18.730593	81.07239
-88.31574	-36.405025
-37.2996	79.30854
6.2423906	83.22118
3.5711696	72.180786
-29.054438	68.301796
