34.73781	-8.321403
-52.84926	29.461096
34.46089	-9.459211
20.336458	45.947533
33.15048	52.79035
54.598446	-5.2483263
-0.1551975	20.252771
-43.58035	31.77094
-4.114133	29.000349
-31.901855	-36.67094
3.713378	3.405815
32.90422	12.649117
-16.253006	-26.404533
25.932962	54.60127
-5.994363	-18.264805
16.825546	46.26388
-5.7600617	-46.44675
22.746069	17.713661
25.320078	34.60848
-11.930483	1.6836064
-10.237777	19.651066
-14.633888	28.02036
30.671295	56.755527
-7.3767033	21.700891
45.37686	24.863316
30.992619	-10.707484
-40.122513	4.7332287
29.957445	25.375948
45.47051	-15.701675
-42.307743	-33.29994
34.194714	37.71607
2.5142984	19.453497
-33.373215	40.165955
36.750034	-4.6903443
-33.293167	15.334759
-55.809635	27.653257
-8.893409	12.85865
-35.52432	4.233353
-58.04944	37.115253
-19.540413	26.524307
46.21712	18.379805
-64.02954	15.199362
54.56859	-26.69661
14.352537	-20.141817
-36.481625	39.843864
-3.8165355	-61.76533
-21.015923	33.86249
-33.195034	27.131659
39.00573	34.935318
38.021023	-11.85175
-29.721445	27.72582
37.08757	-40.59565
12.534216	39.603558
43.77604	2.6501555
-24.070011	39.019764
-25.128393	20.580305
10.58139	19.56383
27.041275	16.446108
-31.247492	33.706535
-35.324314	-30.3904
5.4953647	34.799904
-14.06281	16.445093
13.035042	-16.075172
-18.856964	18.968922
-66.13695	16.11129
-20.026247	34.726467
6.247306	17.232601
49.086082	-31.202324
-40.992023	14.852349
26.68121	47.768917
-3.0991507	63.66047
14.756995	8.404195
-0.79229426	1.8299487
38.457	0.06639872
17.950197	26.126112
23.026293	26.084745
19.55227	30.979515
-7.3564157	-31.330238
19.030378	23.543467
-60.565784	30.52201
-8.274222	-31.84916
0.45359442	17.847908
1.5850211	-20.291601
6.532723	37.034203
-4.224051	30.09778
23.279488	-45.96819
41.903675	30.513584
49.90896	22.104734
-62.814827	35.78421
-27.214775	-30.334045
3.9470482	49.83886
-21.829227	32.960533
10.388689	20.093245
44.687527	-43.659954
15.975025	-0.8696577
30.539803	57.426212
-9.588548	-8.662231
-27.969618	-32.904797
44.158062	25.806328
-31.620596	32.492413
-25.771507	28.901585
-28.118637	2.0231
-22.81466	10.3610935
31.344435	35.136032
51.003914	-3.6773317
-60.860477	14.83122
6.904785	15.604985
-16.347122	-15.718678
-26.542347	22.691883
41.26011	-47.770298
-47.594933	27.933958
-66.24665	33.51596
35.90471	39.88093
-5.0150027	-25.450796
14.752525	4.8107767
8.35439	38.17613
-40.558254	37.299038
-5.1183543	-19.534992
25.783573	-38.202305
18.124111	47.376015
11.104756	30.406647
-24.42646	28.709972
-42.561512	45.276897
47.28629	12.153147
-26.10325	19.140919
39.680866	-43.292767
-17.030617	38.088005
1.6228184	58.195465
26.62659	40.360645
30.322662	33.499653
22.584433	29.582924
49.063526	-9.441995
30.855635	21.94003
31.389381	41.430176
38.146194	43.62798
11.889818	28.544865
-24.298706	26.945305
-6.041186	-30.09275
-56.14661	41.525646
-56.29957	19.831118
-40.496403	38.985676
-11.132468	-43.39429
-9.2886505	-9.983404
-44.91705	33.07343
39.770767	13.054807
48.209385	13.0201645
-22.221663	34.14981
46.677113	19.40949
0.79077935	61.027195
20.022331	26.039324
-35.795208	-30.853294
-4.847494	-20.459904
-8.904608	-23.865738
5.118889	-22.136732
-32.468506	14.419728
50.86196	-0.33097076
-5.3563075	-45.574562
-5.175529	-32.864346
40.003796	-0.2287333
-55.80551	36.020046
-7.209788	-27.044891
48.82439	23.684902
39.339085	44.514904
-56.884743	41.627823
2.1738377	6.063188
-58.141018	20.077692
-6.4619727	-23.15363
34.683395	11.190858
-65.35658	34.492996
-8.75373	13.4734745
-0.3511311	43.481968
23.117804	-44.897068
-40.24257	24.887169
35.800793	-4.562592
30.891523	25.324974
47.306416	-42.403465
22.344873	32.15326
-25.191061	46.792427
10.519911	-13.405719
-2.184477	3.1225557
-10.146943	-42.36589
13.297291	-21.713469
-3.6171484	-18.53618
-7.820927	-29.429533
50.558758	25.858847
33.979015	52.266678
-9.729763	13.450444
8.295663	44.166553
-2.8380527	10.883284
-55.326786	29.029287
14.891076	35.400993
25.078691	30.571474
12.48751	40.385784
38.20502	-3.4959733
0.7614929	61.910004
-61.903545	35.024704
34.125893	38.41353
12.724821	26.900402
10.89853	58.361584
19.019257	32.836315
-3.822664	43.370075
-49.441162	34.652267
42.97282	35.07147
6.725727	-27.960102
4.127492	38.204742
-52.20642	28.133076
-4.520463	27.561083
27.12575	20.436424
31.934397	50.103966
27.746305	-22.498522
17.685694	38.523083
-45.661472	-22.493732
-37.50981	-33.15913
-41.699726	25.78254
-49.16748	34.09672
-9.309928	32.4003
-5.143478	-43.210167
44.489605	-15.334539
-17.952587	39.052315
-36.98638	-39.695557
-25.54306	8.291941
-51.006428	32.046
23.539015	-48.98929
49.341393	-6.420837
22.071045	14.862484
-17.610886	51.665764
33.503998	10.228527
-35.219696	18.08739
27.289356	3.9855068
32.339397	42.682762
4.464425	49.14208
3.3832684	-9.0736
-5.22942	44.49099
13.378856	11.209039
-15.028645	35.306866
28.539942	25.781466
35.076927	48.907284
-0.72434044	15.580578
-11.2937155	-28.698471
-16.054844	17.360266
36.69801	-12.902469
-39.202557	9.392582
-7.4990063	-10.916806
15.224371	-19.003368
-0.4150891	12.196593
-2.5360265	39.915234
42.020893	36.731457
48.72555	13.6337385
29.703564	32.368206
-31.956528	40.46954
-9.08282	-29.067749
-51.769447	37.044872
-13.285388	1.3658894
-26.415752	-27.008068
30.832447	12.937854
-9.796855	26.271406
-9.827941	-47.863747
-73.61885	-15.590004
20.086555	40.69903
14.036371	-10.790165
-27.840618	9.632541
-19.835169	18.305206
-38.538788	-34.288765
0.62922984	20.779224
-36.880413	-32.22209
-74.42876	-16.633142
28.803194	43.50919
-7.3406577	25.026861
32.00536	10.25096
-15.236892	5.930662
16.024685	6.120124
43.18849	-1.172753
-2.0514915	43.338856
-32.49702	22.669838
-31.72909	-33.73012
48.34259	22.18419
-25.100142	43.041252
15.038592	1.2482213
28.858454	16.090792
-43.266083	24.87187
-24.350706	30.511574
7.7376933	21.975695
37.086304	-35.144547
-13.060599	9.284328
42.651894	12.660343
-0.45442876	17.972439
52.588943	-24.79026
30.499928	35.258522
-28.546185	39.211082
-29.805544	12.353359
40.894142	44.981594
16.529995	-2.6623747
-51.897175	24.68293
-30.995148	28.19332
3.829739	19.492472
-20.4129	8.996236
34.22909	8.822586
-4.7068214	43.75079
-31.378101	23.531757
53.450768	24.248209
28.169325	39.239998
13.465634	10.324425
-8.689436	17.07954
21.570524	25.276306
25.7438	19.56579
35.591717	-37.434956
-1.6065898	-22.448765
10.926937	5.393912
26.869492	45.8059
-38.353012	34.58766
-62.539536	15.737509
-22.728537	-29.862436
40.56813	26.641968
23.801044	1.8297967
-15.952948	5.8541546
41.23717	31.18885
-67.193	36.072712
15.560393	4.7102075
49.21697	20.411694
-50.380154	29.611486
-17.707586	28.127808
-57.872982	20.815516
-23.977339	-28.066172
-53.425888	32.020077
44.63562	38.734585
0.7318401	-36.97941
-57.794712	36.719368
-5.163579	-49.102463
-37.07364	4.3279433
-20.032995	43.641006
28.743404	38.621365
-15.001816	17.896854
43.866196	40.542988
-37.805546	-24.492218
18.411634	8.012783
-58.455616	29.375952
14.956554	-15.132758
41.33429	4.4641848
-42.262592	22.401783
-5.0208282	-28.4927
-43.078804	46.461662
5.167855	22.476492
-24.898727	12.4000435
34.092934	1.9884304
8.276301	44.494823
-19.558016	25.713484
-4.2429314	-17.271715
-4.500015	-30.198786
-31.559208	12.104763
35.00073	-1.7603192
-41.186146	36.279015
35.474117	-39.191265
-29.791029	-34.775772
-7.6814995	-28.434181
-60.730118	25.64716
23.858074	12.313316
21.89592	16.339767
-27.269033	-34.936012
44.202095	37.33253
52.579655	-25.24136
-46.36181	27.497608
51.855453	-26.44636
-12.226229	26.744795
18.494184	33.622173
-65.946915	19.664957
-30.6278	2.1260576
-2.6126344	63.46576
51.150272	19.103659
30.228178	53.28557
52.026344	21.521265
-74.388214	-15.312941
-7.157838	12.989077
20.761974	5.849465
-26.770906	14.692085
-54.041767	42.46513
-2.6747322	-52.207073
39.21871	36.82799
-47.058952	28.56214
23.20538	13.467288
-25.493073	11.924763
3.0679624	31.546522
12.810615	-20.609846
2.306652	-5.843227
38.053486	47.19455
17.122711	37.39675
50.589127	21.51779
-34.839607	40.528664
33.32042	8.517868
-8.551082	-24.639057
-30.267506	33.309982
27.55438	36.19573
27.273169	53.565315
-16.04551	28.630692
18.316744	24.317488
24.483955	41.43389
14.143554	-15.440524
-8.59938	30.777016
30.785294	47.981834
-17.847921	14.969702
-0.5889898	-0.34480524
-19.822016	2.6423464
21.677702	36.740562
-43.30676	21.96225
-10.105159	-39.565624
-38.24486	24.593843
49.555553	18.986307
19.661116	6.532273
-25.74391	-27.678953
-57.366173	24.00533
-45.95432	-24.218029
45.38575	-36.012344
-20.936878	26.830069
50.279396	-31.786871
46.361988	1.1630307
15.592069	-2.5139465
44.17581	-3.1638954
16.913462	32.3937
-13.077539	46.479576
-20.510662	2.0506358
54.033096	-24.577066
-9.770613	19.669415
-1.5734823	18.544147
1.1720947	2.1554985
41.254135	-45.722553
-27.007652	46.15321
-44.829353	-18.832096
-35.436996	42.239933
-28.503004	45.72118
-34.82458	13.404272
-22.906317	51.283463
-13.615697	5.857294
-30.278051	43.688515
15.181925	25.709803
40.651806	36.879715
-27.259514	35.217236
48.10688	18.93872
-26.006386	-29.423223
-18.735033	39.1713
40.638412	12.499474
0.29503286	-75.47156
-62.677216	19.328152
-35.64404	28.00434
-9.715681	-38.58616
-31.355522	-30.855543
-52.43852	24.627195
15.305294	2.9244828
-30.61406	2.7211168
-44.39502	37.559097
33.608532	-5.6996593
43.466286	20.986002
1.111197	51.73177
8.192562	33.663445
52.06849	-32.18921
37.86042	1.7146087
44.08235	36.159462
-15.312413	39.44819
39.1528	20.450481
-28.708387	-34.514618
-60.090363	22.687248
-16.344131	-0.48666093
11.460897	-15.735288
44.22769	11.647689
52.99251	-22.834282
25.02325	2.2564573
-63.954216	18.583315
-4.619707	38.491783
-16.18757	-38.87404
-11.049642	6.9246035
26.435019	-47.65903
-38.033985	33.351135
-19.8345	43.069836
6.5863543	-15.700358
-6.078775	-11.629406
-59.528206	33.461937
-11.217051	20.9726
-28.380037	11.664617
-40.66112	27.32953
23.29219	40.952656
-3.4140668	64.22591
-18.086687	51.570045
-27.675007	42.62596
-24.22412	-31.319025
5.327086	16.93516
-26.432802	20.385862
-29.012775	44.09396
-39.809364	35.606434
37.536564	37.08388
-0.3192935	49.07495
1.8905668	-3.1971262
20.00912	46.318203
22.296263	-41.682156
23.337318	38.880985
-5.5504103	-51.940968
1.5528253	51.313663
9.384892	19.537634
-0.25155824	-20.799877
-61.49806	20.975338
18.456879	-13.725621
-7.254636	45.129616
26.69379	14.544081
-28.118565	26.888065
-62.0188	33.222866
-44.549328	31.799673
4.7820864	2.8437338
3.9327607	-8.130839
45.197636	-9.777802
46.452198	24.283884
-37.320217	-37.754642
26.996523	46.927925
1.0395329	59.007343
-36.59466	-40.117653
25.315716	54.4964
-1.562277	22.90632
-41.24225	33.261005
-30.720417	26.843771
32.744114	-4.0502644
3.3684473	-23.779661
18.860138	-14.174652
-49.116238	-27.776339
14.0477705	23.738565
3.5278876	-30.416843
-32.32244	35.564034
52.064854	26.001837
39.05084	-42.35573
-28.91894	29.315874
29.274687	16.172447
-51.13654	36.865475
-20.853754	38.492435
-42.910164	30.76382
-27.88703	38.799084
43.53308	-38.44502
46.493217	-16.585094
-26.623316	33.924988
36.668537	42.104195
-12.756508	26.999876
-19.48294	1.700923
-8.146523	11.420164
-1.5656366	38.32143
-62.028404	15.105119
-73.643845	-16.406343
2.0631843	-0.5618578
-37.94855	31.537241
-64.82328	19.489344
-27.443132	23.763727
28.15601	5.3576226
50.391403	-8.248096
-39.491722	-33.456978
50.60537	29.803589
-41.737404	27.424803
-19.127605	37.493923
-62.94216	22.481754
42.401478	39.611393
-16.710133	40.7978
20.96143	-46.43404
-47.764027	-21.765604
40.852596	30.320068
2.7315297	21.36274
47.890846	17.631289
-36.65367	5.432231
-13.412873	10.05605
-37.92107	5.331668
26.541952	19.0445
18.034426	29.976063
27.881468	-20.439018
19.515505	27.675388
-30.247408	21.88452
-12.724112	46.127895
13.80402	5.4680333
-59.46847	21.68152
-43.570206	-18.954033
51.959656	-30.545172
1.1584014	32.425972
19.873583	34.635323
-46.400673	37.55796
2.1737657	-41.219696
23.08805	14.5461035
-37.860336	7.1967735
-4.442571	14.968478
-47.681347	30.770815
36.86702	-13.757101
33.343605	35.538086
-48.80688	-19.83053
-50.396572	38.05742
-3.7144425	39.241283
41.852634	35.931835
-34.550125	32.060276
33.603725	11.7674055
-43.656246	37.653885
20.845144	36.60749
-27.111874	17.992716
-45.52302	-18.343355
-23.124014	51.775223
-31.88154	24.747883
-19.705412	9.676582
27.534334	42.1623
0.45388174	61.065636
37.74388	-5.678863
4.071158	-23.892216
5.5421734	-37.815823
-13.903958	11.49459
-14.4709	44.75485
-40.16453	-28.243748
41.343876	21.014471
-3.3233445	-53.326366
17.848356	48.3815
-25.011152	37.390507
7.1412144	34.44505
13.613149	-12.097762
35.70527	1.5161086
10.162065	17.713476
30.652185	-2.730026
-4.1494374	-21.462418
-46.42951	-19.179985
-74.88821	-15.958791
-26.901184	36.74391
9.290222	56.704163
-1.0687685	31.100695
30.448944	47.565697
15.620523	26.890293
10.073311	31.252037
-67.63571	34.462936
-64.71921	37.237396
-33.93121	24.268019
50.222073	-3.389712
-16.382927	-25.077803
-65.69893	17.782236
49.65385	26.189507
-11.943821	5.5926237
-7.963457	38.763054
16.939688	-5.6066947
-1.253337	17.437134
46.255238	30.307423
35.383926	47.77028
16.132269	-17.583647
16.71605	9.150671
-56.70009	29.17667
-37.654125	37.11447
-63.30231	20.67797
-40.141407	-32.48034
-51.351727	23.53834
-1.0604992	11.683731
5.5738697	23.786469
-58.730373	33.335472
-6.415838	-20.47918
-31.755568	-35.408962
-17.53547	17.556814
2.5439591	-7.9896564
-4.9646807	-12.369465
38.793938	33.661137
16.254925	36.6119
12.764824	29.036358
-1.2212591	32.464165
12.437139	-30.145098
-28.730097	23.841686
44.02715	30.682657
-50.94583	28.075981
-44.23136	25.055552
-7.3513775	40.453243
1.6427943	-30.391443
34.307926	22.50697
43.542374	39.144817
-2.1310165	38.043427
9.916041	-24.166178
-2.8217196	-20.687845
34.91319	-0.931399
-7.245558	43.856403
3.9550436	30.955656
45.019215	0.7603757
4.5658264	37.79083
-24.259623	-2.922224
-33.870102	16.293112
38.555645	-18.243465
18.2915	41.832455
2.529981	0.90839237
2.1398346	32.23136
-7.682357	42.144318
-9.958278	-40.923252
-52.548588	31.188618
13.659392	2.2866964
-65.178345	21.04828
40.998455	-39.506474
-1.2181178	-52.388733
14.764657	-17.056234
-17.304188	-25.662323
-4.494438	37.187614
2.2034037	5.6028275
20.4183	-14.514419
15.789282	0.56252635
-39.24197	3.1038244
-38.26223	-36.462196
5.376039	1.7131989
20.894442	29.90701
-15.448197	35.941837
30.559378	52.796833
-36.918167	35.012043
-26.919209	-32.83327
-16.736917	15.545448
-42.90757	-31.295433
-64.35382	35.063034
-26.274874	13.907094
-16.394411	-38.468475
-15.437659	42.35057
47.483566	-6.0575314
-12.4091625	6.803376
43.020504	21.226393
34.75507	-6.983967
50.058083	-6.1383367
-55.130978	20.208624
42.918198	-42.248123
-42.85038	33.46119
-15.7114105	-2.2260363
-45.511333	23.778887
31.535622	-3.3967788
20.028242	39.961563
-29.31418	-36.202564
-59.4294	34.620956
53.056545	-8.612281
23.855452	30.804338
-30.349386	29.824724
-27.418047	40.929928
-25.87674	44.216316
