197.076 206.896 192.055 0.00289 1e-05 0.00166 0.00168 0.00498 0.01098 0.097 0.00563 0.0068 0.00802 0.01689 0.00339 26.775 0.422229 0.741367 -7.3483 0.177551 1.743867 0.085569
199.228 209.512 192.091 0.00241 1e-05 0.00134 0.00138 0.00402 0.01015 0.089 0.00504 0.00641 0.00762 0.01513 0.00167 30.94 0.432439 0.742055 -7.682587 0.173319 2.103106 0.068501
198.383 215.203 193.104 0.00212 1e-05 0.00113 0.00135 0.00339 0.01263 0.111 0.0064 0.00825 0.00951 0.01919 0.00119 30.775 0.465946 0.738703 -7.067931 0.175181 1.512275 0.09632
202.266 211.604 197.079 0.0018 9e-06 0.00093 0.00107 0.00278 0.00954 0.085 0.00469 0.00606 0.00719 0.01407 0.00072 32.684 0.368535 0.742133 -7.695734 0.17854 1.544609 0.056141
203.184 211.526 196.16 0.00178 9e-06 0.00094 0.00106 0.00283 0.00958 0.085 0.00468 0.0061 0.00726 0.01403 0.00065 33.047 0.340068 0.741899 -7.964984 0.163519 1.423287 0.044539
237.226 247.326 225.227 0.00298 1e-05 0.00169 0.00182 0.00507 0.01752 0.164 0.01035 0.01024 0.01133 0.03104 0.0074 22.736 0.305062 0.654172 -7.31055 0.098648 2.416838 0.095032
241.404 248.834 232.483 0.00281 1e-05 0.00157 0.00173 0.0047 0.0176 0.154 0.01006 0.01038 0.01251 0.03017 0.00675 23.145 0.457702 0.634267 -6.793547 0.158266 2.256699 0.117399
243.439 250.912 232.435 0.0021 9e-06 0.00109 0.00137 0.00327 0.01419 0.126 0.00777 0.00898 0.01033 0.0233 0.00454 25.368 0.438296 0.635285 -7.057869 0.091608 2.330716 0.09147
242.852 255.034 227.911 0.00225 9e-06 0.00117 0.00139 0.0035 0.01494 0.134 0.00847 0.00879 0.01014 0.02542 0.00476 25.032 0.431285 0.638928 -6.99582 0.102083 2.3658 0.102706
245.51 262.09 231.848 0.00235 1e-05 0.00127 0.00148 0.0038 0.01608 0.141 0.00906 0.00977 0.01149 0.02719 0.00476 24.602 0.467489 0.631653 -7.156076 0.127642 2.392122 0.097336
252.455 261.487 182.786 0.00185 7e-06 0.00092 0.00113 0.00276 0.01152 0.103 0.00614 0.0073 0.0086 0.01841 0.00432 26.805 0.610367 0.635204 -7.31951 0.200873 2.028612 0.086398
124.445 135.069 117.495 0.00431 3e-05 0.00141 0.00167 0.00422 0.02184 0.197 0.01241 0.01024 0.01685 0.03724 0.00479 25.135 0.553134 0.775933 -6.650471 0.254498 1.840198 0.103561
128.001 138.052 122.08 0.00436 3e-05 0.00137 0.00166 0.00411 0.02297 0.21 0.01323 0.01072 0.01677 0.03969 0.00481 24.692 0.459766 0.766204 -7.072419 0.220434 1.972297 0.119308
223.365 238.987 98.664 0.00264 1e-05 0.00154 0.00151 0.00461 0.01906 0.165 0.01013 0.01296 0.0134 0.03039 0.00301 26.138 0.447979 0.686264 -7.293801 0.086372 2.32156 0.098555
222.236 231.345 205.495 0.00266 1e-05 0.00152 0.00144 0.00457 0.01643 0.145 0.00867 0.01108 0.012 0.02602 0.0034 25.856 0.364867 0.694399 -6.966321 0.095882 2.278687 0.103224
228.832 234.619 223.634 0.00296 1e-05 0.00175 0.00155 0.00526 0.01644 0.145 0.00882 0.01075 0.01179 0.02647 0.00351 25.964 0.25657 0.683296 -7.24562 0.018689 2.498224 0.093534
229.401 252.221 221.156 0.00205 9e-06 0.00114 0.00113 0.00342 0.01457 0.129 0.00769 0.00957 0.01016 0.02308 0.003 26.415 0.27685 0.673636 -7.496264 0.056844 2.003032 0.073581
228.969 239.541 113.201 0.00238 1e-05 0.00136 0.0014 0.00408 0.01745 0.154 0.00942 0.0116 0.01234 0.02827 0.0042 24.547 0.305429 0.681811 -7.314237 0.006274 2.118596 0.091546
236.2 244.663 102.137 0.00277 1e-05 0.00154 0.00153 0.00462 0.02448 0.217 0.0141 0.01426 0.01621 0.04231 0.0062 24.078 0.469928 0.628232 -6.816086 0.17227 2.235197 0.119652
237.323 243.709 229.256 0.00303 1e-05 0.00173 0.00159 0.00519 0.01242 0.116 0.00696 0.00747 0.00882 0.02089 0.00533 24.679 0.384868 0.62671 -7.018057 0.176316 1.852402 0.091604
260.105 264.919 237.303 0.00339 1e-05 0.00205 0.00186 0.00616 0.0203 0.197 0.01186 0.0123 0.01367 0.03557 0.0091 21.083 0.440988 0.628058 -7.517934 0.160414 1.881767 0.075587
240.301 245.135 219.783 0.00517 2e-05 0.00316 0.00283 0.00949 0.02018 0.212 0.01176 0.01191 0.01344 0.03529 0.00965 21.02 0.371837 0.646167 -7.169701 0.073298 2.266432 0.100881
244.99 272.21 239.17 0.00451 2e-05 0.00279 0.00237 0.00837 0.01897 0.181 0.01084 0.01121 0.01255 0.03253 0.01049 21.528 0.522812 0.646818 -7.3045 0.171088 2.095237 0.09622
110.739 113.597 100.139 0.00356 3e-05 0.0017 0.002 0.0051 0.01484 0.133 0.00754 0.0095 0.01285 0.02261 0.0043 26.55 0.36909 0.776158 -6.085567 0.192375 1.889002 0.174152
113.715 116.443 96.913 0.00349 3e-05 0.00171 0.00203 0.00514 0.01472 0.133 0.00748 0.00905 0.01148 0.02245 0.00478 26.547 0.380253 0.7667 -5.943501 0.19215 1.852542 0.179677
116.556 592.03 86.228 0.00496 4e-05 0.00254 0.00263 0.00762 0.0166 0.154 0.0082 0.00972 0.01491 0.0246 0.01397 23.958 0.566424 0.667654 -6.431119 0.15331 2.161936 0.120605
116.342 581.289 94.246 0.00267 2e-05 0.00115 0.00148 0.00345 0.013 0.117 0.00631 0.00789 0.01144 0.01892 0.0068 25.023 0.528485 0.663884 -6.359018 0.116636 2.152083 0.138868
201.774 262.707 78.228 0.00694 3e-05 0.00412 0.00396 0.01235 0.02574 0.255 0.01454 0.01582 0.01758 0.04363 0.04441 19.368 0.508479 0.683761 -6.934474 0.15989 2.316346 0.112838
209.516 253.017 89.488 0.00564 3e-05 0.00331 0.00292 0.00994 0.02751 0.263 0.01604 0.01657 0.01879 0.04812 0.0181 19.147 0.431674 0.683244 -6.195325 0.129303 2.784312 0.168895
174.688 240.005 74.287 0.0136 8e-05 0.00624 0.00564 0.01873 0.02308 0.256 0.01268 0.01365 0.01667 0.03804 0.10715 17.883 0.407567 0.655683 -6.787197 0.158453 2.679772 0.131728
198.764 396.961 74.904 0.0074 4e-05 0.0037 0.0039 0.01109 0.02296 0.241 0.01265 0.01321 0.01588 0.03794 0.07223 19.02 0.451221 0.643956 -6.744577 0.207454 2.138608 0.123306
