201.464 210.565 195.708 0.00198 1e-05 0.00105 0.00115 0.00314 0.01194 0.107 0.00586 0.0076 0.00957 0.01758 0.00135 31.732 0.344252 0.742737 -7.777685 0.170183 2.447064 0.05761
122.188 128.611 115.765 0.00524 4e-05 0.00169 0.00203 0.00507 0.01613 0.143 0.00855 0.00776 0.01433 0.02566 0.00839 23.162 0.579597 0.733659 -6.439398 0.266392 2.079922 0.133867
122.964 130.049 114.676 0.00428 3e-05 0.00124 0.00155 0.00373 0.01681 0.154 0.0093 0.00802 0.014 0.02789 0.00462 24.971 0.538688 0.754073 -6.482096 0.264967 2.054419 0.128872
126.344 134.231 112.773 0.00448 4e-05 0.00131 0.00169 0.00393 0.02033 0.185 0.01143 0.00959 0.01614 0.03429 0.00474 25.03 0.507504 0.760361 -6.689151 0.291954 2.431854 0.105993
129.336 139.867 118.604 0.0049 4e-05 0.00165 0.00183 0.00495 0.02498 0.228 0.01396 0.01219 0.01947 0.04188 0.00484 25.429 0.420383 0.785714 -6.836811 0.269866 2.223719 0.147491
209.144 237.494 109.379 0.00282 1e-05 0.00147 0.00152 0.00442 0.01861 0.17 0.00975 0.01258 0.01382 0.02925 0.00871 25.554 0.341788 0.678874 -7.040508 0.066994 2.460791 0.101516
197.569 217.627 90.794 0.00803 4e-05 0.0049 0.00448 0.0147 0.02177 0.189 0.01279 0.01272 0.01439 0.03836 0.01337 19.269 0.372222 0.725216 -5.736781 0.164529 2.88245 0.202879
117.004 144.466 99.923 0.00353 3e-05 0.00176 0.00218 0.00528 0.01657 0.145 0.00881 0.01062 0.01318 0.02643 0.0059 25.445 0.387482 0.756482 -6.012559 0.229298 1.872946 0.163118
115.38 123.109 108.634 0.00332 3e-05 0.0016 0.00199 0.0048 0.01503 0.137 0.00812 0.00933 0.01133 0.02436 0.00401 26.005 0.405991 0.761255 -5.966779 0.197938 1.974857 0.184067
116.388 129.038 108.97 0.00346 3e-05 0.00169 0.00213 0.00507 0.01725 0.155 0.00874 0.01021 0.01331 0.02623 0.00415 26.143 0.361232 0.763242 -6.016891 0.109256 2.004719 0.174429
116.286 177.291 96.983 0.00314 3e-05 0.00134 0.00192 0.00403 0.01564 0.136 0.00667 0.0099 0.01691 0.02001 0.00737 24.199 0.598515 0.654331 -5.592584 0.133917 2.058658 0.214346
174.188 230.978 94.261 0.00459 3e-05 0.00263 0.00259 0.0079 0.04087 0.405 0.02336 0.02498 0.02745 0.07008 0.02764 19.517 0.448439 0.657899 -6.538586 0.121952 2.657476 0.13305
214.289 260.277 77.973 0.00567 3e-05 0.00295 0.00317 0.00885 0.01884 0.19 0.01026 0.01161 0.01373 0.03078 0.04398 21.209 0.462803 0.664357 -5.724056 0.190667 2.555477 0.148569
