1 0 0 0.65 0.545 0.23 1.752 0.5605 0.2895 0.815
0 0 1 0.695 0.55 0.215 1.9565 0.7125 0.541 0.59
1 0 0 0.69 0.56 0.215 1.719 0.68 0.299 0.47
1 0 0 0.68 0.55 0.21 1.7445 0.5975 0.305 0.625
1 0 0 0.275 0.195 0.07 0.08 0.031 0.0215 0.025
1 0 0 0.45 0.38 0.165 0.8165 0.25 0.1915 0.265
1 0 0 0.66 0.52 0.2 1.676 0.673 0.4805 0.45
0 0 1 0.54 0.405 0.125 0.891 0.4815 0.1915 0.202
0 0 1 0.615 0.51 0.15 1.296 0.545 0.3315 0.32
0 0 1 0.545 0.415 0.14 0.82 0.4615 0.127 0.218
0 0 1 0.58 0.455 0.195 1.859 0.945 0.426 0.441
1 0 0 0.635 0.495 0.015 1.1565 0.5115 0.308 0.2885
1 0 0 0.685 0.54 0.215 1.7025 0.664 0.3655 0.4735
0 1 0 0.56 0.455 0.145 0.974 0.547 0.1615 0.235
0 1 0 0.605 0.485 0.15 1.238 0.6315 0.226 0.33
1 0 0 0.815 0.65 0.25 2.255 0.8905 0.42 0.7975
0 0 1 0.645 0.51 0.16 1.33 0.6665 0.309 0.317
0 0 1 0.67 0.52 0.165 1.39 0.711 0.2865 0.3
0 0 1 0.685 0.52 0.15 1.3735 0.7185 0.293 0.32
1 0 0 0.705 0.545 0.17 1.58 0.6435 0.4565 0.265
1 0 0 0.375 0.27 0.135 0.597 0.272 0.131 0.1675
0 0 1 0.775 0.57 0.22 2.032 0.735 0.4755 0.6585
1 0 0 0.715 0.565 0.24 2.1995 0.7245 0.465 0.885
1 0 0 0.595 0.47 0.25 1.283 0.462 0.2475 0.445
1 0 0 0.645 0.49 0.215 1.406 0.4265 0.2285 0.51
1 0 0 0.625 0.525 0.215 1.5765 0.5115 0.2595 0.665
1 0 0 0.8 0.63 0.195 2.526 0.933 0.59 0.62
0 1 0 0.635 0.505 0.19 1.3315 0.5805 0.252 0.435
0 0 1 0.65 0.51 0.155 1.407 0.7215 0.298 0.335
0 1 0 0.61 0.425 0.155 1.0485 0.507 0.1955 0.274
1 0 0 0.595 0.43 0.21 1.5245 0.653 0.396 0.41
1 0 0 0.7 0.555 0.22 1.666 0.647 0.4285 0.455
1 0 0 0.73 0.55 0.205 1.908 0.5415 0.3565 0.5965
0 1 0 0.355 0.27 0.075 0.204 0.3045 0.046 0.0595
0 0 1 0.545 0.435 0.145 0.9385 0.3685 0.1245 0.345
1 0 0 0.62 0.485 0.22 1.511 0.5095 0.284 0.51
0 1 0 0.635 0.48 0.2 1.3655 0.6255 0.2595 0.425
0 0 1 0.565 0.465 0.15 1.1285 0.377 0.3525 0.33
0 0 1 0.71 0.57 0.195 1.348 0.8985 0.4435 0.4535
0 1 0 0.63 0.49 0.17 1.217 0.5515 0.212 0.31
0 0 1 0.675 0.51 0.17 1.527 0.809 0.318 0.341
1 0 0 0.38 0.32 0.115 0.6475 0.323 0.1325 0.164
1 0 0 0.675 0.535 0.22 1.604 0.6175 0.4255 0.453
0 0 1 0.66 0.505 0.19 1.4385 0.6775 0.285 0.178
