49.839455	-18.054464
4.0806727	13.056802
19.21513	22.067192
-6.44677	44.696243
59.28345	61.17506
72.591	14.178766
-44.47129	58.378857
-1.7675446	66.41062
-10.026952	79.07126
19.642885	48.70186
-61.92276	23.977112
28.644787	66.10536
-35.61025	18.935139
-9.766737	78.72396
-28.803131	47.49064
-19.041147	63.980312
-9.121272	47.556465
5.5798616	18.516754
57.44462	53.180325
-23.86654	32.677628
14.655928	78.02815
2.7216024	19.388905
-64.926346	47.385044
-16.475546	61.02139
23.730742	12.913446
45.438633	33.76299
-22.27341	61.47305
6.5328636	46.40817
-36.437775	53.481335
17.351585	41.94589
-27.115685	67.6694
-12.998803	26.180424
-33.71388	55.93445
-28.02936	67.79916
-6.297434	65.47202
26.925013	16.163473
9.031693	26.098776
-65.69873	31.97307
13.683271	23.62676
43.097645	19.616703
37.718582	55.717323
29.110348	-26.109447
-37.05571	16.737673
-31.226477	31.58647
23.485771	26.220284
24.348694	34.24537
20.530396	76.024445
25.632404	-5.710369
-0.6555328	29.545671
56.58337	-18.798346
-38.84148	29.572876
54.233536	24.14552
22.155973	61.529053
22.501165	17.27161
57.873474	28.48233
-32.710403	-28.27529
-26.816593	66.76478
25.788363	42.29008
5.615084	48.138084
4.2455406	6.4013424
-4.352421	46.937813
-20.821611	31.990353
48.228996	73.14133
-8.152697	23.19963
-7.42037	15.360298
2.6407542	27.155464
76.12267	6.8875237
-7.072257	72.653694
-37.727238	70.273674
4.9718375	21.77415
29.480255	70.18546
6.466248	54.152412
54.569088	-24.960794
35.28267	23.675463
-27.039751	66.67787
-22.346275	41.36632
-24.14093	47.222942
-9.558731	62.472767
-5.6636953	38.93467
-4.4626307	40.561295
20.263617	26.661116
1.2577097	10.7583475
-28.835562	43.992805
25.23125	18.48671
11.590034	49.2331
-2.3638422	9.870458
-43.872616	69.19715
20.072605	68.22064
35.98801	29.850636
27.169014	12.5353
74.62472	23.336655
42.73835	57.233444
16.094664	-5.031553
35.015472	63.508934
24.085382	53.07385
-1.0345978	35.239178
-5.917592	47.222363
46.553707	59.739338
-21.965322	44.226162
-41.763927	22.489727
-38.489765	34.413227
-34.431995	42.286358
11.734738	16.324766
19.053377	21.962805
-52.598362	42.70423
-0.7539375	57.975685
4.5856013	38.772934
-32.292183	-44.49587
-2.983204	32.64683
-33.003643	32.649563
47.47214	-15.918679
-19.930489	59.015034
39.60646	-18.034801
-18.060366	43.381516
54.789303	-22.883524
-20.332705	13.14354
39.808376	35.008553
11.652479	2.110008
66.460075	5.671507
38.377857	19.488115
0.057433244	76.61998
43.4678	51.14003
59.49163	9.999007
25.586414	4.2766647
-37.306347	27.890636
55.861607	19.986835
-26.985447	74.125206
44.935528	15.053728
-23.10303	54.23057
-1.2743793	45.370323
-18.246258	53.089832
-29.383162	16.969687
11.823577	48.598152
-6.3788376	4.334702
50.54825	36.559143
34.4926	24.20278
36.78537	50.061924
-10.826298	51.930134
21.697739	9.612336
23.91463	25.882023
-4.1814756	31.603277
17.872282	0.3929096
-43.728607	53.75393
-29.486254	25.982813
28.774475	79.376434
-2.6875916	23.967388
45.862762	41.283993
58.00921	35.64899
23.800793	60.621265
19.196344	75.102615
7.041022	28.171995
-0.16441962	32.278767
35.6982	59.756054
-22.024717	63.14244
-7.096588	86.53962
27.584482	13.266452
15.606942	17.499079
29.707945	60.43745
54.99462	27.569025
-34.034508	67.08357
14.946924	51.040165
-2.5469341	10.039019
63.409924	-17.199272
22.49141	22.47674
37.499996	58.192436
-21.635326	54.581665
65.32389	51.21456
19.541359	38.992382
61.65726	16.251812
15.682294	17.583675
62.133446	43.12714
52.788906	20.129463
-30.882584	37.630474
11.752044	56.119488
36.012787	15.42934
5.22155	56.41641
2.8241365	20.748613
-32.03094	16.655352
1.915495	36.513714
-44.02804	67.09356
22.721073	35.39147
-23.991333	9.687447
-0.22971907	71.66855
-45.435154	53.14251
-11.735166	70.53454
46.348618	17.48595
-21.095627	6.647849
5.3060675	52.782673
9.469867	20.642288
34.113144	38.594448
-6.9978447	46.696075
54.892204	15.003807
-7.364626	37.626343
20.784163	69.3566
-13.00431	71.68624
-33.935776	30.488352
-15.085101	39.65592
2.8642223	-3.5157692
-5.208132	36.511852
16.063536	67.18607
18.590134	48.843937
-33.816624	40.932755
-32.84557	53.31732
-10.821076	34.34084
-28.459543	40.263535
-35.07015	20.207424
22.632046	-4.009531
30.91749	47.864323
51.425556	53.898167
-61.922443	23.977251
68.77598	5.8440714
19.318401	38.784893
-27.004387	68.62878
-41.71306	19.986845
18.469349	-8.018138
56.534355	44.33818
30.433153	70.68022
-56.18005	50.080357
-4.4982805	-18.049297
-33.775898	57.32527
17.646515	31.335457
-11.363356	65.6975
7.856835	29.071388
35.810234	36.73664
-18.638588	-1.7748939
-40.171383	41.685562
-43.262383	18.31781
29.498487	37.601204
-11.693819	48.483253
28.917463	49.888077
-31.755009	21.303104
-5.3635454	26.556297
-23.714798	59.2105
35.85646	74.88784
36.66893	22.07828
-18.530243	56.398876
-2.7050822	29.03153
-0.989984	42.120255
48.295135	-27.23139
-7.9827237	84.749115
60.928905	14.775162
24.173	12.610779
-0.8725289	13.660365
4.7622604	74.387085
62.425808	-3.9047446
-32.35136	19.922522
-18.675243	40.216766
-5.51511	77.52469
11.733707	-2.2655861
-0.82133645	46.945892
-8.975363	32.274364
-30.979004	60.754967
32.56149	25.066229
35.339268	4.156266
-16.710768	24.823822
39.506668	18.213377
-21.079594	41.134033
-28.150917	54.489258
47.64428	45.95363
39.977776	61.90326
-11.618214	30.344915
-0.3440079	52.06276
47.76926	23.780382
58.9679	39.384953
18.88279	33.15789
20.736841	34.431656
0.5579373	71.132545
26.34198	65.81944
8.055007	32.416664
-34.086563	36.17009
31.720858	-7.644159
11.59473	4.3187437
-40.461155	58.342648
20.871546	27.12712
-3.514274	16.798777
-17.263502	17.505606
-29.088196	64.57819
6.279508	38.52683
-7.727819	46.01293
0.77031267	71.60461
6.017846	51.212017
-19.591856	26.35145
28.522305	-34.19829
58.83065	-22.40398
26.999111	16.570055
-17.968786	21.086992
-36.553555	6.711728
-55.287735	38.289635
29.32973	18.99891
57.68639	11.674944
68.50336	5.242216
21.819698	62.791172
45.33044	2.5072184
-43.888424	65.84615
-29.985651	19.708513
37.991814	57.598
31.37709	57.84175
-31.965055	30.01817
58.598618	-25.035223
-26.482523	65.824486
48.214546	73.867134
3.634569	9.465825
-17.311325	23.562983
-39.4122	-17.972593
33.156296	46.727417
7.7197247	6.1399784
52.10402	-11.40107
-37.663162	34.80717
59.176086	-27.710487
3.1490934	31.447618
0.79315203	11.670663
-4.105944	72.871086
75.872116	-1.3193077
-6.886545	29.80028
17.48687	49.140175
12.42613	44.136177
2.4103498	25.995882
-24.384462	56.507088
-22.68967	45.748035
4.5566726	21.291998
-41.906853	56.42804
46.56701	2.631118
59.73027	-21.94107
-47.673813	54.079094
5.3433743	-3.4888046
-5.1715603	7.0157614
5.1057515	27.378412
-22.249004	56.08768
25.989035	60.965435
1.76852	4.3687086
46.794296	22.71575
0.19996732	64.42726
39.80557	50.194508
38.05089	28.663258
53.008198	-21.879137
-29.352737	13.7276945
-2.6468844	14.423249
31.140038	61.43204
33.05755	11.631648
-47.061954	53.06045
0.30890557	59.6148
70.06996	-31.175024
27.06185	-2.5631862
37.930016	23.505676
38.669006	12.723247
11.304915	19.920937
-8.161004	35.29797
-36.312603	39.987297
-33.03219	53.353527
20.930443	15.41001
-44.358837	28.14736
27.14515	40.762863
-9.688383	19.91778
53.224934	-19.165586
-3.9470835	70.26932
36.82221	-5.0487823
-20.60689	42.287434
-34.997295	19.539907
-27.103191	52.269455
2.0768635	61.792477
53.015423	34.76762
-18.850492	64.924065
34.86597	10.853984
55.287045	59.238274
48.12887	7.680371
-13.538101	45.476604
-43.659916	34.45945
36.76628	57.111618
-20.737787	9.944554
-37.262325	61.283066
3.648847	20.467432
31.27725	10.151027
26.54109	59.761505
50.831444	-21.297699
-23.68716	13.959024
39.01182	7.1962366
37.827713	7.5966563
-10.33523	41.849327
26.646322	75.73763
-0.12653692	24.338715
-15.052365	55.405785
30.88917	35.721897
-28.039518	36.287903
-34.133392	65.68615
41.09579	-8.0014925
9.351335	48.29032
-11.998765	62.037685
-23.73459	21.529253
-4.365873	13.287631
21.11607	35.071495
-5.943768	7.7150702
12.198832	62.31659
27.025446	32.239082
0.7316961	45.905746
-11.295823	24.543982
-14.398274	12.091783
-32.01406	58.50814
38.40431	12.582568
43.265354	55.484932
4.446197	-51.82952
21.355053	50.268265
42.99933	45.31857
-39.936882	3.4995043
38.43692	53.271355
40.004654	36.18493
-32.408504	70.29825
-7.5010896	45.13924
-34.027992	-72.395836
-7.1033587	61.539677
16.63132	23.347937
55.374466	64.577286
37.330673	64.080795
44.177177	22.335526
-40.504906	21.169302
13.434031	2.2842875
46.344273	-1.8536264
-41.202927	43.18326
61.097435	40.499657
-29.606524	25.945478
-45.3321	46.170788
49.71904	2.8003643
16.534231	27.420198
35.611763	34.87772
-45.89926	64.73838
-5.5228324	35.84119
60.82346	41.194702
55.25276	15.086789
11.443868	9.770732
-27.49308	49.922775
44.10162	25.804747
37.127632	27.668045
20.020443	34.28211
-30.632343	15.238909
-40.343002	38.527473
21.257607	67.12727
-6.9026036	36.89425
59.6982	61.722042
-33.78002	56.598133
4.336091	62.92036
2.3300653	46.321606
19.60565	1.2501938
53.429592	-19.451452
66.89771	-23.66373
49.09439	30.864405
-33.245636	21.712204
-11.159392	32.761692
34.796906	56.13112
10.295945	-1.7348006
22.393892	4.2198057
24.307121	57.38733
-1.6556883	47.026947
-17.950756	50.480022
46.10546	40.208473
-10.867798	61.649837
-0.78845423	51.712242
-0.5853904	24.406185
-3.542212	63.37869
-37.107487	29.237818
-31.732456	75.43334
28.7611	39.112534
-14.460876	26.500916
59.161198	38.212048
59.74731	39.626877
-16.498457	29.244045
31.62947	21.252413
1.8568956	56.719017
51.909416	-11.038508
-8.145003	53.02556
3.2275045	72.314476
-26.275408	42.10942
15.355954	10.313396
41.705326	65.694374
14.3842	34.940727
-9.24414	34.24756
19.24405	70.67111
-39.90945	50.948174
36.8514	75.04092
2.9803507	32.18003
15.678253	-8.867814
-47.97167	37.608994
52.108986	-23.962639
-17.734823	33.37181
3.492115	-14.550646
-55.04475	30.548199
4.943429	4.0386915
-17.860184	54.866657
5.9270163	87.003174
24.88306	37.03904
46.812477	11.888997
36.432785	19.41468
-46.92226	53.00734
-12.33402	87.49435
24.412058	30.308846
-4.8822503	59.090935
13.754741	15.029167
54.157135	48.012745
60.389637	27.35195
-39.016644	9.640697
42.450653	5.6125245
-9.972529	59.47343
10.68403	33.00617
-29.227568	55.980904
38.99348	12.980373
21.61395	62.480206
74.722694	23.272259
18.785418	41.96936
-25.299345	74.00474
-35.378708	71.835236
21.716751	11.819916
-1.45319	62.210514
21.6619	73.3803
58.573215	7.692419
-5.9019914	3.4263766
-31.44755	-49.550457
-3.1390202	13.827046
-36.163216	10.68143
-24.36473	50.13619
-20.369642	66.978516
-44.525204	69.5661
43.419605	-58.96691
71.59819	36.12413
28.864918	-70.53962
-27.752945	37.349113
41.066036	47.63613
20.937605	22.453009
33.811596	58.5092
-17.042898	14.020692
64.720955	20.009474
22.320871	-83.349846
18.585201	37.773006
74.64214	23.326607
21.36897	28.679728
50.53188	-10.710989
-29.703804	17.822006
-12.937608	70.48623
38.031498	57.116707
-42.099674	66.75166
-30.114033	61.204918
30.813303	-41.327732
57.08196	29.019955
8.996312	46.612255
21.404118	33.78523
-6.521173	85.68218
-34.5833	-46.74763
-38.553196	56.086903
2.50442	44.736095
41.79659	34.73411
-0.5974153	76.64421
26.829853	25.620558
30.937908	51.295128
-30.221975	52.308487
-35.500366	40.503685
43.093315	51.11735
8.310917	39.1285
31.836042	33.77645
-4.133606	23.17386
60.76291	61.16676
37.763714	33.608997
-12.60183	-75.44437
20.14572	40.66759
-17.043518	56.146503
-44.856987	42.36693
36.473797	20.64936
13.62147	3.4087687
3.049547	50.01259
-18.73507	72.4187
56.470245	34.52966
-15.651497	-58.483692
16.116816	14.853
-13.135646	46.738
61.511486	9.252285
-11.6855	63.59265
-30.30459	55.34721
0.6713655	27.986391
31.224527	41.48609
9.449149	47.550354
-23.967907	48.86297
57.719746	44.31593
-7.220754	41.211212
-27.416245	25.46801
6.201216	43.51543
34.139214	18.813257
41.767593	66.13123
-3.739761	21.311865
-30.147278	53.47841
35.35264	0.5052946
40.518627	34.556385
23.919125	44.679836
46.000423	18.012793
12.371372	69.392624
-24.179384	38.033688
15.357848	29.525978
-5.5546074	17.970104
-3.1029146	13.788583
13.127643	15.4408045
-14.692805	41.022076
-13.037021	60.479992
19.669584	67.81709
53.443745	21.859825
40.60933	15.079247
44.916245	47.291798
-45.395424	59.789234
46.08397	55.31782
-29.625622	17.12678
16.982487	47.18952
4.842795	74.177536
-20.812517	77.112946
-34.96502	27.56162
39.005093	70.26078
-28.372349	33.41564
2.950453	31.710737
48.86571	-13.812884
25.034826	19.12163
-13.357025	53.31265
45.745632	39.505882
25.085304	0.09515702
10.50264	-10.512804
12.989166	59.84511
16.328806	22.611008
35.07965	0.7361895
-39.582626	21.508083
-0.7969591	36.387512
34.412903	19.539295
28.24292	10.377826
1.0989717	10.983311
31.086163	53.349285
21.289698	-6.1221786
-13.212465	46.994072
9.70712	21.514109
-15.30906	23.951862
-13.075344	71.963394
-40.253273	41.709373
-53.877388	60.022675
-2.3277714	19.64818
-7.117002	48.154324
4.7738338	47.00452
49.833347	3.3040047
51.3251	36.624184
37.655148	40.281525
22.117102	-82.86433
4.038448	27.944853
-4.211241	61.352573
-45.95189	46.10361
17.090544	7.5008388
-31.967031	25.210335
-6.4170375	45.972935
48.435802	24.8975
22.217325	78.41402
-38.101967	66.76261
50.535454	21.38559
19.408834	49.791183
31.69392	5.969702
13.3534	50.508987
-47.93575	19.287918
-29.361172	47.89551
-17.961704	28.366314
-12.789292	17.801771
-51.606617	46.185173
24.137657	28.584549
47.936676	20.563305
3.6162531	47.803978
65.897095	-32.986042
22.819578	26.530003
58.501957	46.103313
34.491158	1.0564443
34.109848	39.03445
-39.686787	3.2314522
13.635619	29.03343
56.026745	36.251957
-20.465551	65.474625
26.648327	31.974573
37.73591	-12.8352
39.861633	24.140146
17.404896	32.977436
14.55641	15.61967
7.1873918	61.137157
-7.109926	54.4256
-8.706293	43.674587
18.914562	74.99943
60.36602	-22.51993
-43.14904	13.01685
13.556384	14.167129
42.41948	57.30159
-44.35601	58.25089
8.029102	71.93192
8.209676	49.93455
-32.386208	23.306189
48.218533	-27.153936
2.8849032	23.15864
-5.2941337	50.56465
50.717186	37.23196
-32.52941	12.933741
54.770206	36.526142
42.39	5.7614107
22.640268	25.510275
45.514385	40.036427
-21.317385	40.61244
-21.290592	39.62592
17.720682	73.6323
-8.338483	11.417596
-23.656946	24.621666
-23.62494	18.462566
16.240574	56.491123
25.135044	52.967964
24.926233	10.989122
32.791706	27.730146
-15.581816	26.337597
-13.844122	25.058472
8.736794	68.63494
32.169785	52.556496
-42.935055	20.781952
17.140165	20.329582
-20.77769	55.983597
16.827015	40.49578
2.110545	63.80022
48.599365	-25.427187
65.32678	51.212257
30.514065	-13.329257
39.378746	59.52384
-3.0843127	67.70244
-4.1318073	62.82643
-30.77626	37.126514
49.973015	-0.06280351
-9.432906	39.166584
26.997013	64.620674
1.3851155	-2.5383976
-15.420013	25.368248
15.364931	5.266188
-32.90673	42.135624
-3.849086	52.787262
36.30067	9.775401
0.06516596	16.109167
39.44662	4.575742
-45.237312	40.829945
-22.136353	31.795818
27.68012	32.468613
-4.5099583	32.568203
0.6091327	60.074486
-24.8672	14.366451
-12.341463	52.083588
53.102062	66.06701
-23.69236	24.532417
3.6800406	42.625614
27.524054	-13.60817
50.59046	30.190487
53.144276	65.96694
-22.59607	54.542553
4.2527304	27.455448
-1.6442726	6.050084
-0.2565265	61.956135
-7.2859044	23.751102
20.920546	25.525097
29.301304	-0.019957202
-40.982254	46.18664
-6.9480133	73.32284
60.35705	32.909565
-8.616884	47.066853
-19.479534	58.778168
46.772205	11.922959
-19.925632	79.22066
32.190617	33.95966
-4.9245934	31.939613
47.744335	-12.857641
-19.801031	30.930876
-4.3638964	29.005589
-2.8291147	46.108414
6.397882	52.238697
5.512264	75.509674
-8.312904	11.370717
21.488556	56.01589
-31.278854	31.593784
37.409157	46.300125
12.00071	54.080963
-30.223986	55.563454
-28.446787	44.0632
18.817263	15.685512
-45.8873	-18.261396
49.837814	2.4387095
-18.616333	71.035645
-38.795254	73.79905
47.55457	-12.596345
19.727972	67.71936
36.643116	35.278023
-25.30446	74.3342
52.288177	21.760933
14.419337	37.390453
-39.195652	27.67836
-14.397396	12.097334
-27.56766	65.1773
27.296204	46.056858
0.6155953	67.66628
32.91041	23.984568
13.397705	4.339295
-0.25816008	84.65732
-17.830149	54.525043
-42.843647	71.18281
-0.028201694	36.661785
-26.173956	-55.607224
11.367289	38.349
6.587127	28.661655
6.7589	35.078655
18.94319	-9.244393
-11.650263	57.984417
71.96021	-35.64458
49.910004	-26.320253
-25.228407	52.66902
-8.538537	5.0204487
40.526714	24.891716
-52.799896	43.021027
65.07352	20.331902
23.804964	14.839458
7.1661606	66.75548
4.954714	37.250748
46.690678	-21.078896
27.359797	34.59466
-37.522964	57.02583
7.9041696	16.930933
49.99951	17.81258
40.08944	55.2628
-23.735987	59.238827
11.024202	64.53926
-43.470592	66.66715
40.601204	-1.817277
-55.151917	52.347485
-32.34104	-44.66301
40.44598	45.38267
54.840416	22.078493
39.553673	4.5603185
32.620678	27.858572
0.8450151	44.333275
9.917088	72.47311
0.30371872	70.82151
-0.34511182	22.34121
31.863354	12.568884
42.42709	37.26928
42.554306	-4.784515
2.157033	56.314896
-33.863537	55.634445
-17.979578	11.279645
67.30925	-38.03496
11.205602	42.027115
24.470247	20.687775
4.205182	64.88287
14.972526	31.661617
11.081947	55.52193
18.744898	65.8824
43.060192	26.162218
56.65835	28.892912
43.518223	27.388533
71.59783	36.124138
37.144768	62.457012
1.4562904	36.32643
38.254147	38.461723
42.536785	30.590576
7.6870675	23.980015
13.608357	33.401352
20.579521	-15.06894
-54.251686	61.32945
8.032325	71.767166
35.44678	59.97383
28.926487	57.557972
-45.402187	46.175835
27.401297	20.585218
55.28037	59.23031
-6.8924513	75.61569
-30.658962	14.987017
5.085225	7.0967364
39.854317	9.402905
-27.13022	60.7576
-8.055703	40.367157
31.738213	24.294096
-17.92636	24.804922
51.035313	-16.170378
-4.305384	26.543161
60.724567	17.151413
35.921165	28.216824
-59.141438	30.04393
33.79829	63.456024
-37.659115	32.508774
-44.53454	36.923237
-37.15058	63.211132
-1.9330577	21.748966
9.002502	-4.7084317
25.768406	67.56955
41.07513	23.632536
75.93551	-1.506194
25.514664	65.44911
40.66578	25.959631
22.070513	30.547628
20.392696	6.6978416
30.616646	29.987883
-38.359554	10.751541
-20.15768	38.481995
36.18057	32.073517
-9.264599	64.75789
-16.402483	53.630196
-30.31631	10.106878
-3.158822	16.525019
-20.474735	78.67754
6.3429356	-2.1770253
-39.529343	5.7839603
47.7726	45.75139
-47.613914	37.433014
-42.812973	31.796177
-76.68059	-34.370434
-13.793299	48.022976
43.99526	51.527958
-14.54329	62.76737
9.275905	-3.8141732
41.204224	42.80081
-16.704128	27.20819
69.60478	-36.765923
32.90019	24.146694
57.869755	-26.480955
-4.535104	35.26309
1.2678268	21.72871
-1.4963658	40.150063
36.59416	11.299076
62.43517	43.038322
-29.055773	53.084362
-40.147213	38.434635
-5.9602814	55.650227
48.208813	73.403175
7.5784993	11.532009
28.774723	79.38174
-38.199596	33.267124
-44.51954	66.78219
40.044456	9.422927
14.029616	6.334985
41.921234	34.355316
51.247383	37.66175
61.922733	16.580797
47.54694	-6.1483197
11.464985	34.221703
61.2245	40.36823
-39.19008	14.531148
-6.6154375	85.904076
1.0443504	64.76746
8.028155	35.330452
51.071682	27.347443
12.358627	49.762398
-34.152348	24.480743
10.459245	47.011444
27.717371	62.373272
7.826079	32.547184
7.547476	11.361162
39.356163	25.263058
40.782154	27.909079
-22.9453	53.30716
-36.733513	63.314728
-6.8645406	7.2924905
69.55224	-36.888966
22.480627	20.07677
67.932526	-31.810102
-53.17465	60.640495
42.33274	25.938814
47.087616	-6.683626
23.638414	65.83154
-20.109245	59.764194
29.596836	26.251894
15.630771	-68.07454
50.421597	38.153755
4.397406	-1.348905
36.838642	15.808324
56.799416	63.605946
-28.98442	58.585464
-4.8715105	43.765003
-12.804201	62.446423
58.081764	30.22588
0.9329654	48.33499
20.877535	43.781456
58.566425	7.6792502
14.783208	10.592012
69.560905	-32.499165
21.420214	20.177298
0.12722915	36.01042
-30.609207	60.704796
49.09061	-18.997911
-17.398079	26.192856
31.143587	28.604006
5.0774918	71.458954
44.840466	2.457343
8.802362	-9.695347
5.633094	56.750793
-9.770666	33.50289
-24.39009	48.22353
-0.40998116	19.72205
-45.0444	23.69848
48.12405	8.046359
33.826237	26.813131
2.3163617	56.10578
34.22826	61.79083
28.194674	-18.287146
-42.5573	71.623825
-5.3997245	60.859257
41.185013	18.679092
7.0790668	12.941771
21.254162	-1.3103476
31.057981	41.1934
35.78475	-14.187573
27.200691	10.858588
59.55606	43.17525
55.50649	15.481173
-2.3454926	38.640503
-38.13325	64.527176
10.457785	55.515446
61.340893	-20.393847
-3.8681521	44.73378
28.56172	20.232214
19.397339	71.93431
54.11256	1.3656845
31.724144	5.6672235
59.188553	-26.36644
-25.470276	67.42153
46.9247	4.4105105
4.216518	19.527212
12.041151	-0.79638994
-36.36621	49.797565
15.177886	54.579956
-49.906227	36.94418
13.05712	72.243515
35.136223	13.32439
-45.00997	23.693882
-21.878052	52.319065
31.573542	-36.997437
-43.104385	28.09248
4.848827	40.609154
43.730804	26.26436
-12.017522	60.837013
-24.03925	64.63534
8.208964	24.701403
8.811553	25.837315
59.283073	39.916626
-14.374468	69.34058
28.867662	28.249256
57.144215	27.718945
-7.0773273	34.159332
-3.3745515	59.345825
-46.25034	64.46533
40.179577	10.541583
39.86804	30.553663
10.52999	27.119635
33.22366	52.88976
11.594942	22.185226
-25.662394	37.270702
36.82515	64.27087
5.1043196	24.443058
-6.975501	21.77684
57.97451	41.273773
-1.9859277	-19.05593
53.55523	1.4355311
16.64976	62.557293
3.6631987	53.542202
-21.513514	33.46906
49.89664	-14.374562
-25.257204	14.475098
32.320145	28.49447
54.056065	48.002827
8.049085	71.38926
13.249975	59.85801
-33.93383	41.44413
35.430477	19.863024
40.688038	57.887074
-2.42219	30.685005
33.713726	0.81888413
4.247428	39.72837
-15.132628	58.42742
-36.038815	37.203285
-42.921616	31.788443
-30.740118	26.155804
50.216557	30.304548
-39.712074	9.610687
-38.463776	45.268253
-42.88832	56.70082
10.272074	48.127014
-32.148735	20.838882
-32.54879	68.565796
28.098635	-34.363556
-16.997475	47.537758
-38.069187	61.905174
43.665985	-15.452013
37.473	61.36838
-15.538636	69.82996
14.11298	24.562761
-8.519689	-6.179072
-28.185593	43.839867
18.531895	10.801365
59.376793	5.164077
24.067705	69.710526
34.73935	32.483482
13.876805	52.111347
40.825188	2.8123465
-7.470634	26.732613
31.401218	15.714481
59.233643	2.0957243
-8.985563	29.109554
30.993572	12.848859
4.62954	69.3817
24.2877	23.676882
37.55997	61.35944
24.000473	44.86533
26.642693	-9.42556
33.440605	55.435265
1.2378477	41.618114
-15.2673855	38.214947
57.769707	-19.522675
29.822865	70.34811
43.12931	4.988384
-30.203793	20.065342
-34.18655	48.686306
42.877396	16.742306
-57.63941	48.40917
31.471643	42.08073
-8.380724	-1.919213
-8.787773	-0.049611397
35.615818	26.442196
69.38509	-35.59995
37.408443	47.597595
31.80095	4.375471
34.376255	12.451817
43.5876	50.38305
65.92322	-32.985672
-32.01911	24.069733
-12.247055	59.52427
46.618473	54.643284
-44.81387	43.171032
-9.900656	16.258741
-45.940556	56.754948
-6.333577	43.125893
17.50144	13.223137
18.873482	-4.763367
-43.808064	53.78197
42.904663	55.89839
34.615627	41.922897
60.379425	42.27122
-14.488258	60.95088
1.5082117	4.838024
-10.353258	70.80198
-30.591942	15.566396
4.4045734	39.195847
32.156372	-2.095055
5.8664308	27.744835
5.318349	44.910492
21.71892	12.278636
-7.820883	-56.686287
56.73131	35.611183
6.5943503	53.33587
49.592354	-20.016935
22.47907	23.922667
32.61803	32.246643
21.19169	23.256739
70.629036	13.701261
-7.5888424	33.69032
35.65894	52.502457
33.241783	21.170597
31.242825	71.411606
18.123425	63.670925
-32.800755	74.15237
55.860176	-24.396881
-64.3253	41.70256
4.795018	72.72719
47.916664	30.27705
60.584526	38.481922
60.831142	60.888214
-9.610455	19.620764
54.194923	2.1067636
-23.685991	26.95134
-5.588874	29.133284
59.90595	-25.050755
1.237032	51.17542
32.15521	-2.151992
25.062994	37.147194
40.44532	24.890106
45.77871	61.09581
3.0110981	35.596893
-67.72083	26.152245
12.293917	62.262184
38.512417	58.50789
10.705859	33.19506
-25.928885	38.685402
55.903767	-17.30259
13.7502575	34.523804
-20.744034	67.53314
-0.33359423	39.386227
-16.287333	25.627914
-39.0156	8.202257
-24.39473	28.264872
13.486123	3.7121572
6.364582	-2.016229
36.44332	34.61066
23.234102	63.297676
-13.312946	28.099743
-31.025461	53.275608
9.95003	72.81224
48.682667	33.92754
60.01543	43.42583
-38.960083	29.638113
4.591181	69.56471
66.78197	-23.708447
40.1037	20.11633
-6.0090337	32.942554
32.956886	3.6039324
-4.73648	42.554306
40.337215	50.519073
-0.98567957	0.73547614
12.901085	14.766263
-11.859002	52.563766
6.749902	54.783432
-2.9093337	41.791664
37.748947	42.99485
-7.0724764	55.334385
0.5000537	75.84478
19.96116	-9.46616
-38.410496	67.88147
16.48604	39.104874
-45.657154	40.363617
11.002184	13.1764765
45.39565	40.16978
0.90535206	52.884277
10.674064	27.513098
-13.5332155	76.002106
62.640053	44.431522
5.9589314	29.446218
-1.2909999	52.73407
42.340485	45.426956
39.37171	55.99815
52.495808	33.27214
51.660694	53.915127
-16.924654	47.45979
14.907444	47.565212
1.0568229	70.77025
-17.78902	33.888428
68.250175	5.2466316
20.41798	6.530692
8.094854	4.9838195
-18.008223	43.734074
-14.202112	76.617096
52.645447	53.98323
-24.585342	48.126892
44.826393	-16.65739
-46.036922	14.71434
-29.94678	32.840763
18.950014	67.31138
-36.09421	29.778358
19.039581	49.443447
9.322426	45.71836
7.847011	18.183605
-19.482943	46.79115
29.545374	37.617542
-24.771791	36.70442
0.124501504	16.334223
-33.870487	41.322163
17.76518	50.906116
-5.070358	68.70112
-7.4354596	60.290024
11.316539	-1.4470495
10.656296	51.530834
-9.337965	31.426596
-27.61819	36.60016
25.2871	59.05911
82.04375	-31.028902
34.050182	44.35924
14.812161	1.2551212
-13.352527	20.6917
-37.09338	65.72356
57.72215	-19.455856
-42.533504	38.690178
-1.7905699	-2.4498112
10.318468	0.36242774
10.838853	-0.13301662
-20.421001	-59.55217
26.031387	52.934654
-50.54828	9.924909
-6.002824	31.292036
-10.167943	79.29693
-24.53435	28.181793
30.175852	32.29533
-18.119568	39.864548
17.22632	-3.8595858
-38.578735	27.826393
-22.290295	45.01445
-28.130348	25.077082
48.159184	8.264309
-5.652616	77.3755
14.111369	-3.1221337
-4.965932	13.5137205
37.5732	30.585936
-42.040276	64.00644
0.49262044	78.09306
-36.760006	34.635845
56.267555	-25.367678
-31.972694	23.982912
67.60573	-37.84575
-25.500315	9.77891
-5.762491	7.7290936
53.790653	66.3652
-15.010165	24.920052
-0.597117	2.8945608
26.165758	40.957096
36.06556	58.204727
-3.5120106	72.100975
-48.625626	5.284117
23.210163	27.06451
-37.298073	61.11783
-15.341025	44.895107
-30.120886	53.727806
32.748894	35.177307
-51.01511	32.678715
26.398287	22.835348
25.151403	53.54848
26.51205	30.012335
35.15315	11.948916
-2.3669887	45.499752
57.43995	53.1814
5.25894	32.23832
17.70749	40.67421
14.129169	10.922528
29.876186	66.24418
-43.305325	59.931595
-1.0094326	51.424255
-29.721899	20.855562
-44.947807	47.012787
34.028603	26.616993
3.6436603	65.5834
-55.43302	-33.478767
36.401684	34.26546
29.588741	-3.2841823
35.78489	12.123814
52.638645	19.414364
28.643232	-6.2754097
36.221516	31.83712
-37.260506	26.956106
-0.101748005	36.2492
44.07744	24.405895
5.299199	18.303051
-45.339603	65.084656
-39.58828	29.552334
14.671845	51.045113
26.883236	3.3917046
66.1481	2.0658088
31.104582	4.0282006
-45.80341	10.956241
-15.7993355	0.6493388
31.147392	49.24338
-9.508811	-22.161469
-41.162262	57.234276
-10.678022	13.490791
3.9318473	44.69619
34.02875	48.902805
36.249874	13.194978
-15.241307	38.444267
32.363525	-11.218996
26.95047	2.9583154
44.348167	60.46018
-43.02174	27.664623
-43.484386	65.171524
60.76196	26.81528
59.067398	16.38817
61.467102	-20.050339
24.470661	-10.587094
2.2397425	27.06265
8.552658	21.117016
45.095207	-10.210877
-11.136713	61.87085
-8.793042	50.400513
-30.39872	60.79199
-27.125803	49.301018
-46.621086	33.51008
-43.41253	36.357727
-15.656846	31.94551
-53.686527	61.06121
-37.259094	20.768785
-36.997787	32.532883
49.92636	13.992185
51.33026	-23.813087
5.4877305	49.60009
26.298056	5.134668
-23.418827	64.52502
40.843628	-8.62536
-21.367817	30.440878
25.447098	24.638489
43.654697	40.170605
42.75784	28.628138
-52.17371	42.570976
-7.7744646	-2.0228493
38.31967	29.981077
-18.175936	30.223066
7.870103	20.902859
38.013596	18.961258
-65.38603	19.73684
70.616745	13.696992
5.2275286	11.432528
-20.287468	68.02652
-4.1331797	12.6153965
51.133915	-6.8110504
18.262955	41.46415
35.369797	53.52606
-15.563688	34.92992
-42.54337	38.78889
5.2732725	2.1084745
68.71276	4.8664722
43.825382	9.325111
15.785938	-71.791855
-55.058884	52.080807
57.848057	12.162661
65.86377	6.0265
52.09687	-9.834258
13.014535	3.0957506
12.045775	43.34746
-25.545778	36.51471
9.729777	49.696983
19.174263	18.076368
59.958675	43.1285
-42.359512	29.072702
9.082769	26.259743
-15.7434025	0.8401066
-44.897396	22.26336
-26.824059	70.047134
20.427572	33.205894
55.679005	-25.04342
39.5056	63.546333
60.584564	18.877165
7.453551	67.475876
