18.22092	43.732754
-9.844107	31.109957
22.010595	28.99481
-38.710304	7.410163
-32.04326	-32.94011
-29.13161	2.956512
-44.30617	10.852263
-20.215918	15.501573
16.37707	21.908472
-7.010735	4.6026855
-16.43766	18.57161
-14.837262	17.442812
-47.421383	-5.462084
-18.407324	21.388853
-11.779928	38.38345
-15.363283	7.3908253
-34.02044	-35.915348
-4.1991715	26.564493
-35.507336	-16.988405
-9.144532	20.31744
-13.930933	-2.584809
-47.500908	-27.638083
-28.838198	-0.67470115
-29.192207	-25.39705
-13.518801	4.598824
-17.032696	-12.243667
-10.804587	-5.791603
-25.453606	-17.106697
-29.299013	15.035181
-6.7914762	13.681887
-26.922459	-1.469361
-14.87591	16.374353
-44.9197	-15.297938
3.4723923	45.124275
-0.3964386	9.766622
-8.605223	5.900942
-6.8737664	9.925941
-18.421299	-28.54409
-10.40245	9.233732
-22.055666	22.824493
-13.785461	23.796265
-0.18212138	31.919111
-47.506557	-7.9457583
-27.27125	13.649484
-32.700146	-38.539352
-27.136353	21.165562
2.6035955	12.381547
4.170076	23.826027
-45.37056	-16.733759
-17.328375	27.192616
-30.084309	-22.589926
-15.544999	4.937593
7.644799	10.37884
-36.964474	-8.783053
-53.508953	-21.554256
5.5377154	14.495131
-2.0620062	57.485565
-6.2226834	40.225655
33.91103	24.530329
-11.874634	-4.68347
-28.619783	-19.973818
12.517024	38.51377
-31.17461	-35.49445
-27.60994	15.785397
-1.2742567	30.998665
-43.8419	-0.026592698
-17.102028	-20.967571
15.757001	23.791971
5.081247	42.803047
20.74108	29.078228
-40.883736	-16.039444
-13.959243	9.092758
-14.794035	1.1550999
11.304222	17.706343
-36.82481	5.634867
-0.3373304	48.47745
-28.673431	17.01521
-28.220648	21.048283
-47.838154	-15.504631
-18.960049	-11.427838
26.5435	23.49385
-30.357346	29.723457
-18.892027	-32.16741
-31.141935	-15.080949
-26.13461	-22.951735
-56.207882	-12.742042
-30.131235	-5.5614233
-21.557377	10.471285
-33.36471	23.456993
-36.313675	7.462743
-1.6005325	19.490631
-38.315372	-25.596066
-1.2367996	12.942771
-41.311344	2.8745956
-42.842964	-14.962558
16.24739	22.391985
19.208033	29.007444
-25.475761	-24.340904
-35.797813	17.752844
-36.124744	-3.9020498
-8.155377	38.949783
5.4029183	11.888279
-6.4800935	37.50591
-21.630913	19.780907
-27.266806	6.478741
15.5542145	11.78386
-3.5924685	48.820724
9.429119	30.293934
32.132763	15.820367
-35.322044	-35.570576
-47.75697	-25.570204
-13.747474	30.340462
-39.84996	11.187134
-5.3215814	16.029472
2.174581	13.569332
-10.667864	-3.507102
-15.176404	21.697685
-11.132803	28.80677
-41.60163	-1.8415115
-13.49062	35.856636
-19.8423	-6.004957
-10.502012	-44.892204
-20.627361	6.0331836
-17.189363	24.885334
-27.224009	-35.42411
-31.801603	-20.154924
-32.80419	-33.60633
0.7619768	50.39024
-8.209226	11.199205
-34.44092	3.6221287
-11.897367	-13.8684635
-3.2493272	-7.396375
-3.1775951	26.097298
2.2589521	7.2570715
-8.884101	28.217655
-51.5416	-7.4840837
7.8524427	31.97532
-43.243023	27.223408
-37.02465	-16.810055
-27.348665	34.222694
-20.634293	-0.78749263
16.837593	38.70772
-8.752122	16.642456
-30.874311	16.110918
-25.119698	25.58354
-31.500551	5.5822983
10.701017	33.890537
0.9235738	32.384624
1.9767812	43.48644
20.313383	15.963161
-17.676176	-3.570093
-15.842766	27.129555
-31.039879	-32.71124
-27.837278	-7.412625
-24.357082	14.202281
-35.888317	-11.351264
-11.589563	32.070824
14.226231	38.308006
13.349233	18.218254
-4.2958007	19.963717
13.22246	-33.684544
-41.57241	15.931483
5.009029	28.455435
-27.364286	-8.3706455
-7.6412587	-20.042961
-20.214115	32.94784
8.736487	31.274212
-27.233738	-36.604614
-2.0562193	48.696804
5.7653484	41.50827
-7.9295673	38.01853
-7.5177975	-4.0152054
-5.1737466	9.66411
-43.489586	-16.762026
-41.200493	13.422997
12.547213	40.68755
-28.604965	34.301723
0.43630952	10.39136
-34.46989	-4.5653057
-0.06326134	20.7133
-4.7550855	1.6920152
-32.62394	-31.90367
-23.652414	-5.107603
-10.326442	13.911156
-16.642586	4.2196198
-12.412528	-3.4024122
-26.70706	34.83558
-25.271214	-13.030936
11.982145	45.18824
3.8599498	43.354168
-25.395357	2.8741877
-50.835667	-8.913014
-25.396282	-2.731424
-33.789318	2.4955242
18.362432	35.53026
5.2620277	18.185963
-28.777805	6.686723
-39.24525	-10.035467
-26.502396	7.400586
-19.286282	-16.358484
7.3005342	29.783756
-30.869053	-5.2698627
-11.939918	7.0571485
-0.28997707	19.085236
-33.212727	0.37643242
15.786052	52.854897
-2.0771515	15.511227
-16.38143	10.4501705
28.006	45.78219
14.455504	49.771885
-1.7947072	17.813194
-19.043093	10.18693
-18.793688	15.593632
-19.212654	19.008718
-11.678892	22.865383
-50.556854	6.2426276
1.9124192	22.121717
-13.985826	-4.9204345
-24.266186	-22.798735
-9.014408	-45.361595
-15.299102	-8.469692
-11.391012	37.289303
-39.58275	22.390068
-25.483173	-8.280275
-14.916227	35.382156
-15.892776	-6.6932716
-30.917723	-4.2876363
-11.196649	-12.401051
0.79414755	21.644604
-14.153865	0.87232053
-25.14127	4.248248
-4.6356463	33.605545
-22.757666	-19.602491
-29.222498	-17.256332
-20.523176	28.171192
-1.9501308	44.94837
-13.475678	-18.582602
-38.44793	-11.572431
11.74255	23.618736
-8.0796795	33.593315
-3.7837532	45.406403
15.494248	33.57078
-11.9719095	-1.8458773
-3.3823433	40.321583
-14.082078	6.9250865
18.60223	37.824787
-5.7220817	41.547165
-28.434776	36.82277
-6.390567	7.898748
-13.839461	-7.3488016
-12.648121	30.34245
20.054792	36.507164
16.696623	36.73261
-0.61146194	40.259228
-28.181581	-24.691736
-45.222916	-12.72671
14.864276	29.168272
-40.179714	-3.795334
-7.491687	-12.135803
0.47610173	22.172646
-38.94347	31.955917
2.7845714	7.784571
-2.4170654	-12.374282
-44.42991	-16.103182
-28.618526	37.554226
-27.041084	5.9964085
-41.12148	-1.330778
-15.279092	8.077734
-12.292321	12.073741
13.77497	39.311756
-31.589119	-2.4694984
-11.68141	26.462849
-30.173986	-20.263323
10.691793	16.831182
5.2935	5.9124503
-22.257391	-26.26467
-8.788816	-8.023589
-34.273144	22.160192
-30.420341	-14.503609
-20.135384	53.65003
-17.539644	-0.6171489
6.0851746	13.610978
-4.9952283	11.710752
-23.459497	12.8268385
-10.4206505	37.611824
-46.58427	-28.176239
8.460018	21.266039
18.154943	28.944105
-25.88596	21.198866
-17.827494	21.276567
-10.079495	7.97307
-17.105528	13.806359
-23.781424	-17.936598
-24.64897	29.687988
-38.45999	-9.539173
-24.814837	4.4407406
-36.169544	-23.598902
-2.1065302	0.71754974
-29.947302	6.9781537
-41.886406	16.717096
2.0597336	31.627792
-25.811361	-21.79939
-24.98815	8.646569
-9.888469	4.253749
0.7041858	-12.042916
9.066402	49.229244
-40.30783	-4.7830753
-40.122856	-0.18381113
0.58218825	45.592525
-12.198257	-3.2733607
11.148538	32.17684
-36.92428	-23.995617
-42.23138	-9.951216
7.259389	13.027364
-19.845129	-27.602682
-6.174832	20.206146
-8.195265	59.960136
-24.2973	31.118227
3.3104007	21.500385
21.683107	34.6003
-4.0728188	4.7079864
9.31649	26.16348
-37.958233	13.133048
-13.691753	45.104904
-10.6833515	34.736813
-35.80288	-26.125082
-41.61815	-7.904525
0.8603874	3.647345
-5.732055	30.849974
-30.284267	2.6567006
-19.774567	0.32609686
-48.44853	-28.341818
-19.44097	6.789537
-1.9242074	50.651356
-25.31206	1.4255917
10.0748005	13.846415
7.49355	17.940063
-30.418108	30.23718
-4.948748	-5.723032
-45.88914	-35.40007
8.117813	21.810936
-6.2128205	-1.3121616
-8.804543	45.45001
-32.037983	-9.384192
6.6775393	36.083054
-50.252663	8.674085
-23.44072	-12.806152
-39.192566	10.384282
-39.561714	0.4571126
12.1378765	27.70434
-30.296644	-39.233994
11.823981	13.9522
-42.014557	-11.922516
-39.72789	-27.218575
-19.313566	20.91926
-35.91762	2.4280622
-2.6582022	18.683014
-17.692379	28.073843
-8.420531	32.499077
-38.19487	-31.605192
-18.375925	23.55268
-31.45753	-6.5177784
-14.135772	14.633296
-5.91	42.40696
-8.321847	24.167246
-26.766685	32.93722
-48.11839	-10.535326
-46.294945	-9.468586
9.771119	16.400103
-16.704508	-1.1336678
-4.740395	49.622917
-33.410824	23.387768
-24.816616	21.663008
-9.893446	47.754185
-3.4764564	17.679766
6.926538	46.27911
-27.019117	-26.713179
-41.615932	10.05042
4.860876	46.522312
-34.970932	1.343054
-52.424896	-7.1069393
-1.3721684	39.487892
-0.4765296	45.015663
-46.053375	-3.3016434
-32.34467	-22.003365
-8.031734	1.1381464
-36.32571	-16.911175
18.839323	30.158743
-47.080715	9.75514
42.663773	-24.275684
-12.733451	17.71659
12.419078	30.2521
-19.110775	-24.065672
-31.964674	-37.506035
-41.061176	-17.175516
-8.927299	4.2086077
-46.369144	-8.451332
-37.87417	-31.333387
-34.798935	4.102101
-16.30682	-14.313775
45.85067	20.580425
-43.0048	-9.762185
-20.064697	-11.051952
-50.269444	7.544135
-14.830437	45.518467
19.866611	27.775549
-26.680567	-11.725483
-35.5484	-2.0673652
-24.684551	-4.377733
-1.6465503	37.67399
-30.435175	31.69459
-48.261833	-5.1729765
10.257426	11.103115
1.3685561	4.098437
-8.18544	29.586487
-31.477242	-21.414299
-42.905956	-21.855455
-44.901276	-18.532118
-35.86555	-3.0115538
3.2422347	41.513603
-27.898325	9.047419
-14.437601	-24.080313
-38.824123	-26.581268
20.068163	19.367172
-8.672166	25.450438
-9.6456175	-1.647317
-38.09907	7.0922437
-6.168704	9.189343
4.7507386	26.492792
-8.255069	-7.637763
-20.108522	37.93442
-10.10968	30.4984
10.433785	32.32639
-44.834023	5.0737348
32.10042	21.067692
15.357726	44.44103
23.094809	21.11878
-40.682518	13.413286
-24.262072	-8.386759
9.8158045	26.46389
5.5930166	44.928604
-1.5164905	48.761597
-5.397074	-3.1544387
-2.8997421	21.624378
-28.604324	15.679125
6.3724895	19.579311
21.23138	49.51188
-39.336082	-6.1182275
-1.4840065	39.19573
2.587623	35.937496
-8.883968	30.557564
-15.077804	49.98635
-45.355755	-8.106777
-49.538963	12.066577
6.227172	52.389076
-37.371166	11.861702
-32.88149	4.548299
-19.605566	23.49326
-51.405373	9.54055
-37.445923	-10.495455
3.5181913	35.201336
-1.0457727	16.371492
0.389842	-0.8191553
13.968567	28.65422
8.695417	41.902103
13.563665	27.6046
-45.411	5.055541
5.935614	18.658022
-44.554718	11.169719
4.2637053	36.449566
-20.658428	20.443096
-22.05688	-6.05602
-0.1953141	23.76526
-23.459114	31.604836
-16.235401	9.327213
-14.625398	-7.310291
-37.643883	-23.29418
-35.435543	0.25857088
2.3702815	38.10991
-19.231644	43.42963
-17.08601	-13.43689
7.147499	44.144527
-12.107553	-8.527138
-5.79789	32.007626
1.5697329	27.012325
-16.93905	40.143414
-23.341444	-17.312206
-3.9189389	24.462317
-35.59275	-4.820054
38.718243	25.209036
21.06594	26.430052
8.568251	40.806725
-13.320047	40.784527
-8.438116	2.6568437
-11.12581	23.43342
-36.61585	-25.397156
14.572952	40.384243
-27.012194	-35.05477
-21.383726	-2.5528295
-20.128393	11.078999
-2.9152083	44.598694
-45.095856	-0.5194082
1.7114528	23.976492
-35.9899	27.76228
-16.978815	30.220024
-44.55807	-6.14822
-17.507301	-14.269314
-18.40336	7.318137
-8.669318	36.967648
5.0783505	44.388622
-11.319587	2.612791
-19.249144	26.123146
-23.284672	-30.708105
7.201891	37.3198
-27.783014	-22.260178
-2.0971565	26.52113
-5.7485948	-2.4577029
23.805197	34.425644
24.679869	34.497147
1.2184446	17.201298
-17.33184	33.406902
1.8834583	20.156683
