-17.49968	5.513987
-17.525593	6.2067566
-12.566975	7.245424
-10.998069	4.568369
-9.618275	-6.328888
-7.951938	-8.206903
7.862664	0.1751836
9.036659	2.8062859
-12.662947	-3.3695607
-9.7936125	-3.264123
5.339729	6.1322117
8.165068	5.3602705
-0.84627914	2.5008116
1.2018721	2.0118797
4.133465	-11.038797
4.374859	-12.632845
-17.46952	3.0733228
-19.108715	5.1240826
-3.1239595	11.716971
-5.91216	12.660833
-3.7128768	6.2248025
-6.290451	0.040786564
0.57553506	12.610906
1.9139193	5.922919
-12.506426	8.528267
-13.868429	9.897579
-9.093371	4.728965
-8.851268	7.5842214
1.4586658	-2.3599381
-0.53729343	-2.8002577
15.91771	5.2621574
17.016047	5.5149794
-1.4974153	8.361746
-3.483475	4.172909
17.087967	10.826959
14.323061	10.275152
7.4192076	3.0682259
5.7280188	1.914916
14.9754	-2.4605937
12.5750065	-2.1507688
-12.344351	12.4910755
-14.768578	10.381777
0.40068406	13.011131
-0.4921595	13.22704
-8.854	7.84423
-5.8704095	6.5091147
4.4557505	11.347095
3.9381251	9.364132
-12.773926	1.4701906
-13.439852	4.841229
-12.639351	-1.3428619
-10.84507	-0.42411524
-0.23200488	-2.6916304
-5.573703	-5.647686
12.001767	-2.3801723
9.61861	-0.380733
-1.7646782	-2.6431878
-5.02497	-2.3292658
12.04125	3.6121435
12.074808	-0.26516724
2.617518	6.2918572
3.2504814	5.108188
9.586607	-17.521618
9.78837	-15.709488
-16.65593	3.7664201
-13.748967	3.8592699
-0.44664568	4.4510903
-1.5350085	7.766038
-10.546569	0.08950573
-11.107356	1.9636445
-4.684532	7.8619843
-2.6974053	12.915973
-13.793292	5.0697827
-16.398695	3.0702236
-11.676147	3.359303
-12.335812	3.6335146
-3.6605277	-9.488877
-4.1001573	-12.1743965
11.69183	-2.2486467
12.977457	-2.1571884
-3.1414518	-2.9379787
-4.454561	-7.123425
13.71054	3.5966454
12.599436	1.0048026
2.9049072	-4.041744
0.84010303	-3.2972383
9.286672	-11.108635
7.5737786	-14.920074
-13.316851	2.31569
-14.42367	2.4688556
1.5326266	14.543834
-3.0725572	11.422
-14.24917	4.5860043
-13.046997	-1.8920188
3.4719415	11.704932
9.63925	-2.7773838
-14.7600975	1.212698
-17.309242	-1.9228117
-12.010918	-3.7155378
-9.613128	-2.0152917
-5.145261	-13.681278
-3.9211645	-15.070252
11.190268	-6.2061367
7.228334	-7.0045676
-8.562001	-11.158354
-9.880254	-7.0995655
11.2251	-2.4721925
10.733758	-2.3313498
3.4545746	-7.3690596
4.019185	-9.375877
10.213744	-19.53056
12.118744	-19.010319
-16.44259	-3.9952369
-16.864971	-1.1378119
-5.0997	1.6614957
-5.0139275	3.7890856
-11.132546	-4.8132973
-12.4928	-2.5019102
-0.544848	8.220522
-1.2232106	2.942687
-19.88108	7.8787546
-18.264442	7.5844655
-16.260328	3.2868023
-14.453976	3.8507545
-3.2200994	-11.109909
-1.8651416	-6.098014
13.691787	2.5477223
15.036665	5.895032
-6.6215	0.26958224
-6.027122	0.17495644
12.295418	3.7872477
10.333408	9.000297
0.035300553	2.4515567
-0.1462332	1.6072164
13.341063	-8.477353
13.344559	-4.9690385
-18.06338	5.6328115
-18.01239	4.1581354
0.049181163	15.572048
-1.037292	14.684697
-12.818786	0.39797002
-15.313082	5.904496
-0.18427062	13.116994
-7.402421	17.42935
-11.3699045	4.6536937
-10.017586	0.88513565
-11.356136	3.0347145
-10.957021	1.8571632
-0.78109	-13.62277
4.054587	-13.530909
17.227055	-1.8701423
17.510918	-3.4142408
14.403156	2.5838404
12.130682	0.40041518
1.1297154	-1.9792383
1.9253638	-1.8368561
7.392603	-11.390425
7.9432435	-12.472438
-10.957459	0.50750273
-11.710396	0.5022198
-2.7892795	7.637989
-3.7052703	4.4093323
-8.855496	0.5169531
-7.604327	-0.62466633
11.087571	-2.7159
-2.9146118	7.0079927
-15.214723	4.359207
-17.805416	6.3458524
-12.601141	-1.6972218
-10.8702345	1.1915121
-3.058887	-6.5350366
-3.4428554	-8.987249
8.646632	-0.77625465
12.506688	-1.7791116
-6.0072727	-3.2966244
-5.9502378	-3.7670932
12.674797	4.0994763
14.08518	7.0472126
9.494817	-1.1569211
7.851421	3.2703981
16.707926	-7.1844993
12.455303	-14.300358
-17.26706	4.5832148
-17.813438	4.3346853
2.9422889	11.431065
2.5706055	12.820826
-14.896628	1.9341424
-3.7459688	-1.9001951
1.1841731	13.337176
0.5807524	11.35903
-9.848099	-5.433872
-9.247415	-3.6102147
-4.9635906	-10.097485
-6.3332806	-7.739144
-1.7436578	-15.742752
-2.68162	-12.6016
8.560916	-7.487589
10.066227	-8.923348
-2.4230368	-11.764667
-0.8312405	-12.475135
12.346554	-1.1566634
10.6121235	-4.586276
3.452154	-6.1805944
2.3369985	-9.728033
9.672752	-17.2989
9.844863	-17.221382
-9.438899	-7.684404
-8.975232	-8.687022
-1.0424773	-1.0207376
0.41057503	-0.97225
-7.927328	-8.661435
-7.8411474	-5.978703
-5.2249904	-1.4751005
0.5661149	3.5276954
-18.852318	8.733865
-17.386843	9.1256695
-12.600105	7.765212
-13.910288	6.0926857
1.9298564	-8.609303
-5.429209	-9.665571
11.53616	1.0301808
14.594384	5.130645
-3.8564403	-5.3486633
-2.711134	2.3298507
10.222851	2.190491
13.00247	3.271841
5.671902	-1.0507331
3.7518697	-0.44424117
7.0027275	-16.355495
7.9292474	-11.613292
-17.543655	1.9198406
-16.65467	2.236457
2.1351824	13.151727
-0.47466707	15.838631
-14.278331	5.8976
-14.6123905	3.379787
8.5646515	8.457611
3.5851512	12.233225
-14.194292	-2.6692688
-13.50224	-0.9364989
-8.900079	-3.5625806
-11.494811	-4.906969
-0.7074194	-12.650323
-1.1026411	-15.490303
13.583629	4.2243624
8.475396	0.39879277
-3.1775465	-6.1175103
1.4633023	-6.977101
8.967788	-0.17215937
11.109854	1.100773
7.334136	-5.0167627
5.9576874	-4.464199
14.735151	-14.453409
13.950384	-16.171316
-14.687469	-2.5739493
-13.257873	-3.006654
-0.98755085	5.130376
-0.42205113	6.135683
-14.151639	-4.069996
-12.391435	-5.2630754
-3.5709596	5.562722
4.8144994	0.9623165
-16.09605	-0.71200347
-15.145489	-1.6296313
-10.86503	-3.3216152
-11.629398	-4.6697087
-1.9546533	-14.666903
-1.1918311	-14.7282505
14.345156	-6.849145
15.3484	-6.7529383
-6.633456	-10.323051
10.886461	-3.4472685
10.850588	-2.9152293
2.3409896	-8.769539
3.1403422	-2.8363745
10.361495	-16.764614
10.245937	-14.321054
-16.418827	-1.6175711
-15.689526	-2.1315708
-5.7975097	1.189975
-2.5637596	-0.039058685
-12.640892	-2.3296647
-9.23929	-1.2430768
-1.4051397	-0.85721445
2.5694757	-4.22509
-12.487478	1.6606921
-11.6746855	2.296729
-7.0773406	-1.5638835
-9.0485325	-1.2276726
-3.9519544	-11.863047
-1.447916	-10.210854
14.978549	-0.47473842
9.776901	-1.8006587
1.848441	-2.3943524
-0.7834878	-6.036896
15.41118	5.1940174
12.813806	2.9292476
6.0281215	-2.9220958
9.453147	3.089007
14.097921	-11.062294
14.503979	-13.812548
-11.472214	-1.6264784
-14.2771	1.390955
-2.68466	2.8575945
-1.2897499	4.2288117
-10.13488	-2.6255364
-9.959937	-2.1164289
7.00152	1.7871295
2.9780197	-0.124637485
-13.6302	1.662327
-14.262919	3.2507253
-9.800157	2.6567283
-8.399275	2.8061352
-2.9360979	-10.576819
-1.1640036	-12.076857
11.563869	-0.12616688
11.665448	-0.78452826
-2.1179743	-0.36266375
-2.7225251	-0.9523823
14.152786	1.2253957
13.145599	5.071412
3.6566992	-0.31413206
7.4451113	1.9965063
12.18752	-13.770047
11.856363	-14.156137
-12.6001	0.5409706
-12.540817	5.599086
-2.3692	7.2386694
-0.37796485	3.8073845
-10.902533	2.0971222
-9.996621	3.0988598
-4.678431	6.942164
-0.744483	5.419427
-13.481758	10.924681
-13.6556	3.612616
-8.812002	7.2561035
-9.754955	4.308472
-1.1801052	-7.937958
-0.3540249	-7.059317
10.554212	-0.57100046
11.032227	2.3977385
-8.080444	0.31753767
-11.052352	0.16975725
13.946464	3.727907
12.825832	7.540262
5.3263297	4.9372244
2.5732486	-6.710308
14.100138	-2.4720075
9.715761	-10.14112
-14.428833	7.1419263
-13.981013	4.0880632
-1.1714358	13.8897505
0.12506807	14.206335
-11.51748	6.1665516
-12.813118	-0.15981591
2.6390924	16.69179
-4.387347	19.506386
-13.273075	3.458631
-15.617967	2.58458
-8.634996	0.25301683
-9.513794	3.3555694
0.18909311	-8.777267
-1.8045503	-9.039425
9.2636795	-2.5507803
7.7527313	-1.7258401
-5.221561	-2.478343
-6.6841545	-1.2186927
10.79137	7.2892694
9.856914	4.5341277
4.4827332	5.0273004
4.015108	-0.041217685
9.221486	-13.54778
8.425108	-10.594819
-15.919157	5.097657
-14.73155	3.3766246
2.6270292	12.345663
0.18059519	12.301033
-12.802521	0.28698993
-11.375168	0.6097909
3.436367	9.555344
-5.729905	13.592764
-9.833452	13.750505
-11.391074	9.619333
-3.31447	6.14063
-5.808095	6.999777
-0.88792276	-6.676847
0.50845146	-8.807012
14.454284	-0.08545577
14.814644	1.5809915
-0.4574945	3.6929712
-0.6454663	2.870738
16.148766	5.9237165
12.293802	9.3055725
7.3757257	8.018454
5.196505	10.017761
14.344843	-6.067617
13.456366	-11.093812
-9.293353	8.999884
-9.311785	4.9454985
2.2789068	12.920567
2.7264953	16.59626
-2.500916	8.5314455
-6.8105364	10.452107
2.3244674	19.069883
4.695095	19.41217
-16.443693	5.9857264
-15.101704	6.26222
-10.083841	5.524767
-8.247843	-2.3893936
-1.3213046	-14.372953
-0.9717579	-15.469172
13.431346	-4.4384875
11.668157	-5.6289163
-5.8754187	-4.5783167
-6.1874857	-0.62900233
9.903746	5.1536193
9.221519	2.2236745
0.9164059	3.6699152
0.27515352	3.5979328
9.038872	-12.608757
8.859474	-12.350976
-15.765854	8.974514
-13.839666	2.0547009
-0.2227205	3.5684361
-1.9394283	11.720534
-9.859592	1.4919052
-11.16813	1.6658353
-2.5841556	12.177656
-0.6064124	12.209261
-11.359999	-0.5854268
-11.228835	-2.5826552
-12.749943	-4.582156
-11.242211	-8.01262
-0.53906393	-13.307233
-0.09873557	-13.031605
16.108917	-7.712917
12.52261	-10.269594
1.1345048	-7.452748
-0.21097648	-10.220129
11.220071	-1.7000817
11.013068	-3.641829
4.026608	-4.190109
3.6807344	-3.7037296
10.738434	-10.2346325
10.401394	-9.640543
-10.467108	-4.919012
-11.727869	-3.576261
-5.7881413	-2.0151322
-3.073027	-0.55041933
-7.3136272	-6.6153955
-5.3141627	-6.2023396
4.5965962	0.74307764
8.467647	-1.3195292
-14.665321	5.0118933
-15.766653	4.4114404
-12.110198	1.4708891
-10.9347725	-2.2390618
-1.222863	-13.292865
1.1056802	-11.91507
11.22489	-5.238372
11.939026	-4.99635
-1.6668823	-1.928447
13.858921	-0.0021419525
14.082027	1.4364483
6.8523417	-0.83108854
6.6285915	-1.5644203
14.119418	-12.898981
14.913712	-14.619291
-15.299252	0.24303287
-13.894221	5.8723707
-0.08889976	12.242484
0.6711339	12.370379
-14.573033	0.6563188
-13.152247	-0.7277444
-0.35427678	13.604301
5.755224	3.7446973
-11.19766	5.3883986
-13.965635	5.227599
-7.819469	2.2042902
-10.065669	7.966305
0.09355044	-8.975778
-1.8333321	-6.8926473
17.570454	4.7327256
16.174994	4.7570677
-2.2315383	-1.4625907
-2.5908265	1.4850752
13.4556	6.4817166
12.90256	6.45145
4.4700603	4.71028
3.992747	4.387685
12.940676	-7.7271767
13.390412	-8.632198
-12.171329	4.1833386
-13.051228	4.6542087
-1.2728878	14.377542
-0.59824616	15.5071945
-11.603011	2.748766
-11.0363455	5.957829
3.570041	10.601518
3.680352	13.417181
-18.582367	11.552382
-17.68274	12.228281
-11.706206	10.635145
-11.052107	13.555791
-0.63130355	4.3980565
-6.756265	-2.4171355
11.2316065	4.3973546
14.552361	7.3210773
-7.427827	5.697977
-7.4196696	2.1395571
14.914157	9.688587
13.075995	11.837112
0.7181064	8.98324
-0.43484116	8.172302
12.073104	-4.5839767
11.878332	-2.6212506
-19.203081	13.266901
-18.024727	10.022387
-0.14641929	16.779543
1.8385093	22.904066
-12.329948	9.035305
-13.064147	8.701962
2.1285696	19.584719
-0.14972544	20.120598
-15.818167	-0.4606321
-15.899928	-0.67911553
-9.985856	-3.9445715
-11.584001	-5.4798293
-2.706881	-15.798084
-2.8618236	-19.413176
6.765609	-8.861861
9.075066	-11.809656
11.83584	-6.107368
11.195198	-6.8014116
7.403305	-8.148191
8.207258	-7.116918
11.808847	-17.173271
12.5776205	-18.617632
-15.080163	-2.7503877
-16.642532	-1.8930151
-2.3820674	1.5814375
-3.2719252	2.7650504
-13.719894	-5.407195
-4.9776087	-0.4933623
-1.0267131	-3.338491
-5.6196136	0.60373354
-18.086498	4.8967037
-17.48873	4.7066565
-12.5949	2.4109352
-10.13772	3.167218
-3.5626783	-8.824088
-4.7635736	-13.2937565
5.415555	-7.6258864
8.666956	-7.850974
-9.321566	-7.1663613
-10.049807	-4.6614656
8.831221	-1.4843818
10.362265	-2.6373138
2.961252	-1.3811053
0.5456048	-2.2788322
9.65201	-19.721642
9.022817	-14.925745
-17.742062	3.5219564
-16.552593	0.9699692
-3.8773785	7.342744
-3.3934114	8.771393
-15.741332	1.677291
-11.615955	-0.49468696
-6.60442	6.399902
-5.6859393	5.190841
-15.064331	-1.509798
-16.03678	-1.1791108
-11.460995	-3.4334152
-8.579163	-4.1688123
-5.8281994	-16.749632
-4.5199037	-17.453896
13.26616	-5.1519213
14.299621	-4.990644
-7.1387224	-10.5221
-3.8467245	-7.0256853
7.4592633	-5.7691803
7.375113	-8.61702
2.1845891	-11.596384
7.324587	-6.3986697
6.8954	-19.51151
9.219581	-14.040913
-16.05066	-6.4883986
-16.083084	-5.686865
-1.57662	4.0373454
-1.6634345	1.01646
-11.687062	-5.5223103
-11.516907	-5.6660376
-3.7277708	2.202717
2.2737646	8.479131
-15.2701645	6.3782353
-14.218258	6.4655366
-10.444175	1.0187114
-10.116805	3.8865104
-1.3595033	-8.357982
-2.2737412	-5.0066934
14.161196	3.5090404
16.387053	5.869669
-1.6814107	-1.3380046
0.4254278	1.3468302
17.872623	6.522298
17.430582	8.905561
10.519657	3.6253953
7.1511183	3.3014803
16.74718	-9.649803
15.748421	-8.170879
-15.851938	2.8767526
-14.859759	3.653133
0.059438705	14.360679
-0.24035496	13.00551
-14.57587	6.907547
-12.98041	5.0568366
-3.2705226	13.353504
4.927901	8.437211
-17.272154	4.562539
-15.351313	1.6503702
-9.623869	-1.2948853
-8.537191	-1.5208251
0.06722593	-11.403496
-0.5837283	-12.803731
11.643111	-4.4361124
11.382066	-5.9999747
-5.3816133	-5.159227
-4.6600337	-5.9351463
14.837053	1.5538152
13.183741	-1.3572326
2.2735205	-5.7138715
4.9020452	-4.7701464
11.677135	-11.392527
11.145523	-12.611816
-15.462062	2.3409808
-17.463385	1.6154752
-2.1602576	2.9226956
-2.2823386	1.9526857
-6.434946	-0.8178121
-9.817652	-2.2052855
2.5348449	5.979995
5.469118	3.0274444
-17.1127	7.019764
-14.23744	14.276875
-13.4135065	6.9357157
-13.40764	6.757483
-2.4303129	-9.994614
0.29897285	-7.1168365
13.385587	2.0582895
13.704957	1.2847843
-4.815166	-1.2021763
-2.5969703	0.41081005
12.826287	6.6397753
14.166055	13.860577
6.4442143	5.962037
6.2601085	7.4909134
12.619547	-8.368947
11.685562	-5.4419365
-16.76489	7.2062654
-16.364037	6.6360445
1.4900165	16.644695
-3.5243106	12.123037
-4.560508	8.22068
-10.326227	8.59402
1.6131217	10.776912
-4.9697733	10.399112
-11.1282215	5.153322
-13.028556	5.7871695
-11.476891	0.16729063
-9.875483	0.6917146
-2.6858664	-13.965919
-4.944007	-10.957039
5.7293854	-5.460806
8.99099	-4.88424
-6.031995	-4.3681207
9.308812	3.3332617
9.233907	2.6940122
2.4589527	-1.9074063
2.8885908	-5.000037
11.197927	-11.703709
12.128626	-11.786545
-16.437042	4.307169
-14.079488	2.3427072
-1.86254	8.441191
-1.9943553	5.945864
-7.3241777	1.7229197
-10.116291	0.4200393
1.2402172	5.300171
-1.1047328	10.540567
-19.724579	5.4258714
-20.806229	6.1361694
-11.701653	0.52551687
-12.562756	1.2870362
-2.8944044	-13.472906
-5.76405	-10.87827
9.2906275	-1.3587409
8.290206	-3.0967073
-10.043406	-5.33665
-9.721514	-5.269704
10.408222	4.762338
8.388719	-1.9612641
2.0807638	-5.36104
5.213955	-3.0508556
15.354291	-9.902664
9.868866	-14.42775
-17.878088	3.9785075
-16.640362	2.544731
-0.0422405	12.228841
-2.655949	8.4962435
-15.91857	0.5991145
-15.670078	1.5019419
-5.766244	9.309746
-5.7587924	6.901102
-8.111394	3.2322447
-5.837918	3.4904678
-7.348203	-1.0550604
-8.417873	-1.4436519
1.5905895	-8.750652
3.1662817	-12.4575
14.571463	-0.4981903
14.3926735	1.884896
8.822665	-2.1866186
8.316231	-2.6717772
9.957958	4.9161596
11.983555	6.170077
10.352892	3.5876603
13.133953	4.5551257
10.620138	-12.104147
12.069723	-12.128217
-10.4306755	0.77367824
-4.85124	-3.7102115
1.8378625	11.688792
4.554347	10.700506
-3.827739	0.4197181
-6.016673	-1.2846924
9.147344	8.462061
10.467339	5.626219
-17.868425	-1.4652574
-18.121876	-0.24767971
-12.694866	-4.575121
-12.84393	-5.265626
-4.5200853	-13.66748
-6.236865	-13.098997
10.548427	-7.763758
10.113847	-0.24666941
-5.6017046	-6.705715
-6.511073	-6.4033847
8.219851	-4.266069
4.900155	-3.6349034
3.28895	-3.72155
4.7772493	-2.737727
12.037761	-15.786344
12.57864	-14.638155
-16.669405	-4.761083
-17.055252	-2.2119558
-3.2042034	6.2346935
-6.261482	3.6857073
-1.4125165	-2.0189033
-1.3485118	-0.97878945
10.872451	-8.157505
7.900155	-11.086111
-19.071842	1.5164044
-19.132996	3.3769634
-13.837208	-0.48265713
-14.632082	-2.897719
-1.3776436	-12.579937
-6.891363	-12.071114
10.693427	-3.3192844
9.474354	-2.8460834
-7.967412	-7.8055677
-7.635211	-7.405575
10.782414	3.1903472
7.752632	-2.861796
3.8940732	-1.3093371
2.079167	-1.9530926
11.940289	-11.41987
11.392679	-15.06256
-17.316805	-4.4611483
-16.385748	-3.0621567
-7.152924	3.6925645
-3.4202921	4.515995
-13.591423	-4.448435
-13.430806	-2.138733
5.7142315	3.8388295
3.1869845	2.2289371
-6.2860208	1.8611548
-8.19029	0.4687035
-8.062056	-1.7066078
-5.18583	-3.6867156
4.410349	-7.585579
2.667493	-10.1640415
14.000492	-0.350578
12.615726	-0.2500576
4.719764	-1.7405478
2.3834124	-1.7237703
11.204589	5.921136
12.504335	3.7641172
5.8009386	-2.4885938
6.399212	2.9989986
15.702012	-8.174691
15.485766	-3.4029028
-5.823724	-3.013781
-0.55827713	1.4466239
1.706813	2.167647
-1.405133	3.5555196
-7.4048967	-0.13472962
-5.3816566	0.95799685
5.940861	5.91723
5.6167765	3.8791823
-19.547573	1.4875491
-18.562477	2.6362681
-12.93719	0.7001401
-15.353818	0.4811164
-5.051922	-10.677858
-6.9718895	-10.26227
14.397371	6.311187
11.517106	0.3382252
-7.594013	-1.6998107
-2.5859103	1.6995281
14.858999	8.563143
16.705315	7.5004253
3.4105544	-1.2627563
3.509132	0.7782232
17.009735	-8.438049
13.331289	-5.0613794
-19.818077	-2.135955
-18.166822	-1.021986
-2.6295567	7.6883326
-3.026016	9.375856
-16.260122	1.9879062
-13.353908	2.9988394
-0.18671185	12.088333
5.127942	10.785495
-12.428143	3.9361339
-15.902674	2.5057483
-10.635508	0.38760078
-9.941672	-0.28209025
4.516452	-3.6728396
1.6005418	-8.10885
17.516796	6.604501
14.960091	3.0861845
6.6354384	3.7649317
4.118463	-0.39037007
13.828077	13.123508
14.714899	8.501901
12.311346	0.42490578
11.168813	1.6654253
19.061956	-3.710649
15.784208	-3.458437
-8.474599	-1.7332985
-13.18928	-2.7897258
0.9933708	12.157762
-2.5774026	5.488481
-12.5451145	1.6316643
-10.63334	3.8097725
4.9765387	12.480559
2.458913	10.598084
-12.795317	3.0728557
-12.315585	3.1557672
-12.500092	-4.4771643
-12.772578	-3.7792668
-1.1949909	-10.429951
-2.21055	-11.007076
17.89836	2.0520515
17.242624	1.295465
-3.6825557	-0.26228428
-6.8656597	-2.1567755
14.523975	4.5617394
12.602844	3.7993422
5.76488	1.5099547
7.8206453	2.8695283
15.906421	-10.90663
13.250687	-9.926483
-14.406342	0.30769253
-17.607674	1.4520775
-0.28457856	2.1235547
0.45338804	7.7133555
-8.755547	-3.8328424
-6.7870893	-3.2105038
0.81227994	8.402153
-0.3074179	9.025961
-14.945086	3.6694775
-17.712742	2.3993216
-11.43013	3.0185695
-11.950789	1.734533
-6.6101336	-10.943367
-4.4360824	-12.489866
11.7584	-1.9715893
14.133575	-6.1374464
-10.879122	-4.2435455
-9.32256	-3.831933
11.145231	0.30429697
9.257377	6.144508
8.410465	1.8692536
5.317089	-2.523335
9.343314	-12.493475
13.255668	-10.04271
-15.648206	3.172
-15.166464	2.3632379
0.32168463	12.4185295
0.24833554	8.272089
-11.803944	-0.1172452
-14.059043	0.5719495
2.1525636	5.167431
2.7108736	7.141614
-18.563946	3.8235629
-19.052223	3.432095
-15.819124	3.515917
-15.831419	2.126168
-9.824808	-13.370772
-3.9627676	-10.453712
9.879435	1.2076375
9.575397	-1.6033804
-5.2216644	-5.0541334
-3.130756	-5.537924
12.715961	3.5707097
11.518064	2.7942348
3.5659115	-5.5417204
4.6459255	-1.4133599
15.405771	-13.81577
14.768368	-15.270737
-19.16453	2.9614353
-19.379272	3.6387842
-2.9147475	9.515839
-5.988268	9.144711
-15.877113	-0.82003355
-13.024452	-1.5735232
-1.8514469	7.5784225
0.33225584	13.356752
-12.228262	-1.40593
-11.547705	-1.1717834
-10.9081135	-6.3039093
-9.115875	-10.015057
-0.43635988	-17.488075
0.18288803	-16.856653
7.5934715	-8.034494
7.4179254	-5.705836
-3.7718782	-8.370011
-1.7371444	-7.314178
10.712951	-2.339346
8.819995	-5.663809
5.2049427	-5.72223
5.843814	-8.750339
8.698578	-18.925978
10.353394	-18.400497
-8.687226	-5.6024218
-7.9709797	-4.922543
2.7386582	2.682145
1.6702194	2.9226031
-6.313229	-5.6828637
-4.435111	-4.883047
3.6779122	-0.05503106
3.215123	-1.1988907
-7.992802	2.19482
-10.561482	0.6026082
-7.6880484	-0.8897526
-8.287793	-1.1107129
6.9228973	-5.7526784
2.3070717	-10.984151
19.535519	8.06942
16.521976	0.9502272
2.5866194	-0.25113702
1.7409261	-0.7622715
14.486208	6.4701195
13.472992	1.447229
8.405395	1.4497786
9.024567	0.7599623
16.87908	-7.7036924
15.539553	-9.20879
-8.73189	1.1910567
-6.59995	-1.2474054
1.8759147	5.2999973
3.8293242	3.8407376
-6.647849	1.726422
-10.340086	0.21685338
8.645221	5.856694
9.972488	5.534047
-9.204466	1.1928265
-11.469996	1.1179402
-12.984768	-7.356294
-10.206942	-4.471999
-1.6135044	-10.748303
-1.3631394	-14.478737
15.982783	2.1820278
14.063953	0.16219899
1.5177827	-4.884645
2.5010672	-3.03303
13.999498	10.607413
11.57934	0.88461417
5.1094904	-1.2902329
5.633244	-2.412229
12.159681	-8.981569
13.496431	-10.009971
-8.409244	-1.037057
-11.705356	0.46030426
-4.1912193	4.5742693
-5.216374	6.3501625
0.4907081	-4.5948534
-4.3507924	-3.3479395
5.9840517	9.614496
2.3223002	9.874567
-13.491455	5.239087
-7.817314	4.234837
-14.460431	0.44544536
-14.0261345	2.1512887
-9.017516	-7.22087
-5.821435	-5.864853
12.053148	-2.9827297
13.9097395	1.2332373
-2.184944	-1.0177503
-6.7115097	1.179446
6.368482	6.1292
10.079902	2.9625137
2.4498708	-0.46804154
4.3536806	-0.7005554
12.026222	-6.365755
13.35576	-1.4741921
-17.949749	3.1931458
-17.251926	0.9770936
-2.1423416	9.49485
-3.154068	10.817512
-14.120579	1.9071536
-14.607653	2.477125
8.531521	11.974304
4.0221024	8.090091
-13.165932	0.86663413
-12.054912	-0.0013301373
-9.331981	-1.3834323
-9.182137	-3.636098
-1.9513876	-12.99013
-3.5160842	-11.775349
10.789928	-3.276733
11.907649	-1.8149507
-4.61316	-6.3950877
-4.6412897	-6.4916005
11.847974	7.168371
10.700911	-0.33489046
3.9122438	-3.9780352
5.052321	-1.832425
12.814289	-15.979179
12.361172	-14.942694
-11.676834	-1.4466096
-12.016197	-3.197137
1.7923412	1.7406512
-1.5998676	4.408967
-11.155751	-4.2221813
-10.363429	-1.4078069
7.3664737	0.24246848
5.0573554	-0.61434
-19.177097	1.569411
-20.052109	3.3632572
-12.721666	0.14243865
-14.34486	0.9302461
-5.1299653	-10.319109
-8.664739	-8.162618
11.661181	-2.0620031
10.642111	-4.003948
-5.653349	-4.64965
-7.8414564	-3.2327127
8.3225355	-0.25364292
8.405687	1.5991491
1.7846372	-1.7659624
2.9965382	-1.309495
15.366635	-11.079847
11.291933	-11.83694
-16.611956	-1.5861425
-16.97496	-3.4043047
-2.1413817	12.2084055
-2.414672	12.792309
-15.599836	1.0050399
-13.192827	-0.09152484
-2.7092643	3.992157
-3.9498892	7.8507853
-19.21239	0.87619257
-16.488987	0.7979696
-12.40811	-3.8273315
-12.867916	-3.600016
-2.528846	-15.484531
-2.4706972	-14.036913
8.617218	-6.2255077
10.521807	-4.5022993
-7.0843544	-8.3876705
-3.1763783	-4.7200775
6.963084	-5.1274867
8.042833	-0.6340124
6.392064	-2.344708
3.6148832	-2.0812707
8.070642	-15.849669
10.644669	-15.215786
-14.691395	-2.5911448
-14.9547825	-1.6723094
-4.4471793	2.8351
-5.1553693	5.2560573
-14.538753	-2.3136506
-13.598374	-2.5158346
-7.838562	2.070757
-2.219223	6.429105
-13.945381	5.361979
-14.491767	4.055677
-10.968042	-0.4922607
-13.468111	-0.24457085
-2.4909763	-10.100052
-2.1591823	-9.110786
17.41546	2.731137
18.157944	3.7964783
0.54612833	0.308465
0.7828569	2.0812144
17.107256	10.448592
11.754341	5.429249
11.7861595	4.162106
10.746871	-0.015853286
11.93587	-9.511381
16.836643	-8.704261
-17.161581	2.321422
-13.012081	0.5075673
-0.5610624	9.624142
0.41457725	8.677713
-10.6076	1.5170962
-8.590609	0.77233386
6.411374	9.2273855
6.468394	12.542618
-17.61166	-0.25560284
-16.14829	0.06980705
-15.697786	-2.5500305
-14.108553	-0.34812856
-6.5161057	-12.272772
-7.4550867	-12.45343
12.585976	1.1046373
12.863283	-0.4761496
-3.0309408	-5.979222
-0.93004644	-2.4360886
12.077156	1.653648
10.581542	-1.0751164
3.8326778	-3.868868
3.4823644	-5.366888
16.240849	-10.879052
12.59949	-13.313887
-17.366034	-4.803175
-18.697931	-2.3536346
-3.5370398	4.254149
-4.735227	5.175824
-14.247836	-2.1184878
-14.632819	-4.269285
7.549402	-7.9357033
10.253042	-8.66279
-18.57154	4.050658
-19.252205	3.2193604
-14.839609	1.0572102
-14.768116	1.8292181
-3.5196748	-11.726509
-3.0978727	-9.2479725
13.575956	-4.389135
11.060165	-4.482328
-7.6110115	-2.602114
-6.811631	-6.166079
10.376556	-0.6649327
9.176004	0.04449798
2.9742317	-1.2574531
1.431729	-4.020927
11.631692	-14.58997
11.988579	-15.479699
-16.59035	1.7340922
-17.180744	1.1048559
-5.177063	8.719902
-6.445009	11.710382
-13.5285	-1.0054245
-16.546879	-0.6995828
0.9436549	6.3668537
0.46761355	6.8616056
-14.577791	1.7241306
-14.4276905	-2.7012806
-10.321499	-4.636324
-12.35733	-6.936745
1.1320963	-12.57093
1.6917627	-15.129679
16.817602	-3.3575215
9.992163	-2.787249
-3.4806898	-7.287088
-2.5480876	-5.347621
10.4620285	3.0876658
9.543162	4.1592374
8.916802	4.603116
2.3076336	-0.5345785
16.045706	-11.432464
7.728239	-16.801117
-13.917607	-3.0080984
-12.635099	-3.3099575
-1.8428285	4.2302766
-5.816167	6.22897
-14.80781	-1.1779556
-14.4504385	-4.699967
4.9972095	-7.2200394
-0.9894872	3.9250798
-10.01294	-1.0878105
-9.256304	-0.04041958
-7.1230626	-2.760488
-8.966351	-3.5471852
5.323057	-15.25215
1.3560555	-14.351855
8.594498	-7.709778
10.918827	-2.7289913
3.8895028	-6.0759153
-0.75174737	-8.731915
8.449442	-4.929056
7.3129325	-3.37192
4.887663	-6.8819056
3.4839058	-6.7259784
12.420784	-17.26077
12.712805	-14.462755
-10.773703	-5.926899
-7.5932407	-2.1180167
-0.5250826	0.46526474
-5.516675	4.722676
-8.549491	-4.4789476
-2.4027576	-0.8863261
-0.80634546	3.89728
2.319971	0.79206425
-18.957901	0.034602165
-15.990448	0.3799491
-16.696245	-3.5381134
-16.17273	-4.2069116
1.0588155	-13.9366455
1.6354501	-10.229975
12.93576	1.439951
15.40633	3.8815753
2.1282892	-3.0324986
2.2106245	1.6707532
9.614618	8.283869
8.0851555	5.1151967
3.7166486	-0.19464177
8.295664	3.615294
15.587459	-7.721754
13.890191	-11.625135
-15.204271	-4.069372
-15.647136	-0.054574013
-3.306724	6.394499
-6.4420285	7.200496
-8.468594	-7.3777113
-14.793617	-1.1470895
7.415729	6.8228827
6.8492346	4.8388495
-9.828063	2.1504426
-14.430754	4.3942413
-13.938028	-0.99234617
-12.97041	1.9080367
-4.6939144	-7.659749
-1.6631141	-5.117857
19.893906	6.633803
21.66176	8.245811
2.4189093	-0.4214205
3.6282456	-0.875516
15.016429	5.636456
14.846477	8.269382
3.9794319	-0.15224689
5.0894084	4.5539565
13.623436	-8.999305
14.114213	-7.9755116
-13.804494	2.3636181
-13.055658	3.277213
-5.4194956	5.062055
-6.3874536	3.077805
-12.937205	-0.46092188
-11.99996	0.76249623
8.628127	8.353359
0.7510952	10.184328
-16.908283	3.3228672
-15.704977	3.7641437
-14.908859	0.37693396
-12.004674	1.1803253
-0.8474479	-6.5106144
1.8106875	-7.396882
10.91192	3.607703
15.776342	8.720367
0.9432926	-0.23640907
3.0797517	-1.2873363
12.402046	12.666461
13.738672	7.71978
8.605827	1.0918893
10.205114	3.8577833
13.885556	-9.0150585
13.635862	-11.350781
-14.675245	1.0452838
-12.461363	0.0408473
-2.798892	8.358949
-1.482215	5.7135434
-11.65661	1.1822479
-12.426235	2.39885
-7.1898236	5.895143
5.7968006	7.2454286
-7.758635	5.3134966
-14.750422	1.1766925
-12.836689	-0.30337
-14.098632	-2.1025393
3.4472897	-9.729756
-2.516412	-10.774694
13.192993	-3.415062
15.226404	0.8878058
-0.9040729	0.10236347
-1.3985052	-4.4075994
11.790384	5.50718
10.6917515	6.2977695
2.008205	-2.9565659
3.293933	-4.757846
11.662383	-4.882295
11.313544	-4.543659
-13.54027	-6.714184
-14.475914	-2.5795338
-3.2204313	3.0446615
-6.0523796	5.656555
-5.3873596	-6.7092023
-13.116802	-4.150521
3.8375053	7.328895
-1.6569214	4.0666866
-16.340424	8.042795
-15.380795	8.767879
-12.645816	5.675991
-11.661465	3.7965336
1.336591	-6.054918
-2.43968	-9.147956
16.795193	-1.7601823
12.269639	-3.6139407
0.47239268	2.0557003
-2.808339	0.81014836
13.8077	1.8561244
13.151417	6.0633607
2.868092	6.6128554
0.95361435	4.558897
15.1232815	-10.581393
9.99792	-7.9676504
-13.1164055	6.442336
-12.858196	6.889388
-4.5729237	14.247573
-3.1604664	10.754049
-10.313458	3.831797
-10.658117	5.7180595
13.566689	15.329956
10.29686	12.099698
-5.146084	6.8915977
-4.729366	6.9269047
-10.926113	-1.470493
-9.624666	2.9222183
-2.917103	-8.071937
0.09742212	-7.475982
19.07724	11.786855
16.505587	5.5925226
3.8721206	-0.8909041
5.1843204	3.5119445
15.648342	11.521356
14.51109	10.314484
7.7526307	1.7031605
9.245288	3.7001903
17.99084	-6.771056
18.23044	-5.197475
-5.9702907	4.8352394
-8.788773	1.5679526
1.016173	7.905375
3.082908	11.740554
-2.7233095	2.596644
-4.730532	4.174717
10.875784	9.461993
8.685663	6.73705
-12.356913	-4.236657
-13.347332	-3.569792
-7.979093	-2.5291777
-8.897335	-5.065479
2.8914742	-11.37369
2.616705	-9.346658
16.3603	-4.131452
13.334351	-2.5022354
-4.1616583	-5.650912
-2.314146	-6.147255
10.556952	-1.5136125
11.204849	-2.7073467
4.653511	-2.628775
5.3662777	-1.8914165
9.319534	-14.153864
8.856435	-11.025267
-12.688387	-2.3773398
-14.792877	-6.3108234
-2.8685439	-0.77582735
-3.8238978	2.525435
-9.130351	-3.7187145
-7.4806533	-3.7721531
3.267484	-1.4421239
4.8030233	-1.8608913
-1.2481284	3.0358365
-2.8198502	1.2597942
1.1117822	-0.82734394
-4.932377	-0.9822052
7.1424594	-8.632508
11.781222	-9.638707
20.279856	1.6156315
18.971462	1.0751662
8.59136	-0.93358856
8.981178	-0.3796774
14.177105	1.5191255
14.683768	3.6368806
11.998901	2.8119597
10.947537	1.9743528
21.371399	-8.546872
23.47726	-6.398002
-1.072135	-1.6508307
0.40787733	-2.1952758
1.835019	3.390893
3.0924213	4.6355
3.6660118	-0.7889943
5.468773	-1.0058353
8.783354	1.3787799
9.67932	4.950435
-12.326991	0.7593913
-10.351791	0.97886896
-10.319141	-1.7791961
-11.769469	-3.7221205
-1.2228453	-9.2748165
2.4329786	-7.349744
10.445639	-3.6540174
11.238003	-1.9696724
-2.9687233	-3.494464
-2.5445147	-1.0099328
8.39182	1.6506785
11.050396	3.328472
1.4639181	-2.480864
1.0635548	-2.7891903
9.090202	-8.299926
9.833732	-5.9700174
-15.694395	-5.585386
-14.154595	-4.1470175
0.1980145	6.5532703
-1.4058368	5.2732854
-12.06062	-4.146638
-16.622562	-2.0586064
7.334833	3.371688
11.663052	9.505482
-19.260685	5.301142
-15.2093525	2.6724098
-4.169239	-11.559927
11.100172	4.2891564
-5.658874	-0.7011771
13.494888	8.522035
4.2701054	4.8192935
12.337507	-11.687277
-15.68891	-0.21658635
-1.4538376	13.203531
-15.589991	3.2129753
4.9760723	11.637701
-13.134298	0.1965568
-10.373102	2.1314976
-0.038499355	-13.545486
14.2702465	-1.3096409
-3.1953979	-2.1131973
13.751204	5.95024
5.1585674	0.8046261
12.914951	-10.09828
-15.695341	3.2695355
-1.3910539	8.3501425
-10.171056	0.17731023
3.0846844	5.7244906
-14.046341	1.7278173
-8.899784	-1.3246317
-0.10271692	-6.4694715
11.89344	-0.6352976
-6.235416	-2.0058255
13.301456	4.050879
5.723634	-3.4487462
11.463804	-11.528179
-16.299908	1.6183852
0.59747785	13.686731
-11.531542	2.717122
4.3367105	3.5532875
-8.958542	0.22019535
-8.109726	-0.12377727
1.1837894	-13.587776
13.194731	-3.976089
-1.987263	-7.317782
12.350228	-1.3791149
4.778043	-7.5627146
10.615476	-13.2033615
-11.403092	1.2014989
0.6428859	1.6910734
-5.2927423	-1.9000584
5.259036	6.4596667
-18.107586	2.89561
-15.28693	4.421505
-5.287441	-9.877185
5.0607066	-2.5712867
-5.667348	-3.951117
8.650809	4.9126616
3.5077298	-1.3359673
10.694408	-14.033211
-15.952103	0.8322371
-3.6125844	11.288773
-13.404297	0.8649211
-8.113874	9.078557
-14.695235	3.97616
-9.520244	2.9403472
-1.7974105	-13.461708
12.533952	-3.049993
-2.2120135	-4.3517904
10.2071705	3.4898345
5.6932926	-2.2658472
8.115953	-12.793085
-14.699624	5.4712644
0.5652696	10.2873955
-11.76494	0.5709256
-3.3443203	6.4444246
-16.001385	4.687542
-12.656925	2.1371
-4.0694294	-14.600457
9.492363	-9.226239
-10.550993	-3.9070249
10.20786	-1.2735627
1.5621722	-1.9353212
9.742686	-12.070218
-16.36845	3.9772844
-5.0816402	1.011508
-13.451168	1.6526068
-6.288641	4.88255
-14.98289	-0.040211916
-10.17745	-0.23358399
-1.9800258	-12.163137
10.461596	-6.879157
-5.639023	-6.068487
13.616081	4.6533346
6.0644016	-1.131347
10.499611	-10.809065
-15.558458	1.2699244
1.7862697	7.1780148
-10.715482	-1.0814505
-1.9766037	6.8018293
-11.202259	-1.0782185
-10.590532	1.0304908
-1.8616683	-12.072529
12.572897	-1.693215
-4.5292015	-6.9494634
12.785881	1.6229182
1.3944294	-2.5311844
12.928518	-7.4743013
-13.952103	-0.1471591
-1.2659138	5.352622
-4.01665	6.2074585
1.5159116	0.5155523
-9.267149	9.211313
-9.039991	4.39513
-1.1143684	-11.725861
9.699804	-3.5809846
-1.4114747	-2.8242908
13.99403	5.7405324
7.823168	5.6640797
14.128542	-8.194212
-11.818197	0.6566974
-0.61466944	5.1760893
-5.9181566	0.5205138
5.308109	11.679448
-9.484917	-2.38311
-7.444351	0.39546925
-0.26371798	-5.760407
6.9107113	4.655667
8.414431	5.4814634
5.376865	-0.55106
15.646313	-9.325378
-11.424763	0.2591213
2.0367265	11.123756
-9.268125	0.53310674
-0.5628017	12.305262
-15.234751	11.862662
-10.226799	8.892697
-4.0858665	-4.298593
14.032005	1.9386663
-5.0941186	5.203067
14.099537	10.479933
1.2781132	8.369719
11.308687	-5.2846975
-11.749966	8.23102
0.13723934	15.670145
-10.36608	10.504244
2.344231	19.762148
-13.126334	-0.5430839
-8.945662	2.5793595
-2.868598	-13.347958
9.985141	-2.5144074
-3.0746193	-3.0595806
16.10681	3.4857914
4.9149094	-0.37119782
12.511303	-12.63508
-14.088551	0.7731351
1.4516157	8.2173395
-11.015477	0.8615324
-7.244974	9.532452
-13.418547	1.9888078
-11.319979	-0.56288743
-4.4615855	-10.04937
12.274899	-0.80735457
-5.2204895	-2.9781098
11.942625	-1.8637564
3.9304824	-0.19808388
10.0691185	-13.658403
-14.076367	8.001045
1.8329782	11.265549
-0.6263745	5.2630987
6.103821	-4.098959
-16.545347	-0.7418122
-2.209707	-15.588419
12.3126955	-8.9424515
12.982016	-0.62616414
5.3286533	-6.1844635
-13.335662	-3.0035307
2.9150527	6.220152
-9.533004	-1.8087001
-2.2800968	3.3948755
-16.62341	4.7085414
-13.80367	1.125516
-2.6785026	-11.944671
14.951569	-1.8388478
-5.844738	-6.784654
13.741788	9.390218
0.9278134	-0.30364165
11.812808	-9.088797
-16.353893	3.9080422
1.2898679	9.543539
-14.513361	0.23476714
1.8300406	2.369357
-15.648863	0.097278595
-12.976199	-0.6889116
-4.3022184	-11.471619
10.1435585	-1.0321074
9.858417	1.4796252
1.8491695	-1.677029
12.55596	-15.539064
-13.890303	-3.1224556
-0.3224057	2.0583665
-12.116911	-3.4649293
9.568517	-0.80697703
-15.079195	2.0535865
-11.452542	0.75420666
-3.6984046	-13.056101
13.891549	-2.681527
-5.388666	-6.951254
9.81162	3.861754
0.63477355	0.9088082
10.379261	-13.773426
-16.000664	-1.1420016
-1.1024833	5.9393215
-11.761301	0.41486156
2.7173972	-1.2812487
-11.201216	1.9908824
-6.7385483	-1.0297302
1.2327456	-5.998007
14.633641	5.1033564
-0.97566545	-4.094527
16.553106	7.1942186
5.7310786	-3.9740653
13.15329	-15.434206
-13.493559	2.0035565
3.9468112	8.41458
-8.144351	-2.3992758
-1.3553846	10.570532
-11.481188	4.890291
-5.7992706	0.7774102
1.0068316	-11.179421
16.92478	2.4417005
3.9035094	0.8634828
17.213766	11.984172
10.385555	1.9851187
16.953323	-9.28417
-11.229174	3.0791743
1.0328695	10.657326
-5.0085907	2.6667552
9.808289	7.965479
-17.930172	7.8981724
-14.294573	2.6751971
-1.8282635	-10.139433
14.894982	0.31730068
-2.483428	-3.667446
9.983326	5.5254455
3.3262568	6.701631
9.975716	-10.861306
-15.654036	4.7740974
1.387262	12.858526
-13.677258	2.9618235
2.0841172	9.830946
-15.899815	3.3178792
-8.750706	-0.29873717
0.6499846	-13.304829
12.677164	-3.8982887
10.755345	0.09879112
-0.538128	-5.926502
8.581453	-17.514345
-2.9389405	4.7665915
-10.725924	-1.61952
3.6789727	6.37293
-13.103182	2.1487358
-12.730538	0.1546
-5.512548	-9.007765
13.236184	1.1467733
4.559131	-0.02510345
11.613859	-13.630978
-12.206456	2.4260077
-1.3487289	5.5234804
-12.757082	1.8139317
-7.5758114	5.718662
-13.230629	0.45340657
-11.442448	-3.8432465
-3.991971	-15.744951
7.626366	-11.001964
-6.803512	-7.3223376
9.600629	-4.4178243
4.303445	-7.6104403
7.3000402	-20.802866
-15.154243	-1.6577892
-2.064053	-0.88304114
-9.841921	-5.5501623
-3.1688795	-1.3635435
-17.195402	1.4145203
-8.542653	-0.62084484
-7.017096	-12.328291
11.491066	-10.306036
-12.535561	-7.5972333
7.1986895	-3.8458557
6.7877283	6.810106
5.7044225	-20.682587
-16.086401	0.532166
2.545795	4.4816847
-13.227407	0.5611963
8.423086	3.9549706
-13.783301	10.221486
-6.8353434	9.859429
0.020011663	-1.1714883
12.497601	5.502704
-1.5732034	-0.9047762
12.687917	10.183907
7.3362517	12.533738
13.191053	-6.664377
-10.580578	4.8997793
0.9917539	11.997759
-6.5862794	6.1783557
4.5999727	8.338581
-16.448326	-3.252435
-14.354833	-2.8930235
-4.115959	-13.978741
10.537076	-4.082239
-7.8805594	-7.9785223
9.683405	0.72853726
-0.15727082	-0.8278731
11.362199	-12.214803
-17.130512	-1.6461416
-3.1318107	6.1680174
-14.663305	-3.8527398
-0.3532557	3.5273182
-17.472069	5.6011415
-11.473378	3.4275699
-6.4877744	-10.618294
8.656746	-3.1925535
-6.6631484	-3.3156195
12.059641	2.6947002
3.7223978	5.98561
12.140732	-9.415401
-14.456313	5.062072
-1.2037996	8.490808
-9.409016	-0.6668936
-4.65233	7.626994
-9.645087	0.063934326
-9.954756	-3.8217497
-0.60695314	-13.518568
13.653873	-8.330541
15.59087	-0.96902966
4.941981	-6.7025423
11.306931	-11.873071
-12.454994	-5.2585254
-0.12300539	-1.1696452
-10.227209	-0.06478417
0.5780157	-1.5050316
-14.418774	-1.0388107
-9.619594	-6.8634815
1.3077409	-19.28162
10.119367	-3.8926778
-3.8682284	-5.0031123
10.838172	-2.1397715
6.1468587	-5.43695
12.63701	-19.39659
-13.451555	-3.0120578
-0.2703653	4.7186155
-10.493044	-5.8225746
0.84816766	-2.207508
-17.264465	2.7184644
-14.0216875	1.8396409
-5.8332605	-14.779444
9.990122	-4.201909
-10.91673	-6.558921
2.0754235	1.7145213
-0.8120457	-1.0071311
9.473435	-17.980097
-18.481882	-2.0009809
-6.68693	8.341341
-15.139214	0.65156865
4.541399	-0.20437288
-15.691415	-3.9642897
-12.034304	-7.1668572
-6.002995	-15.593988
6.990143	-11.370881
-4.9850693	-11.800506
3.1398501	-4.9739323
-0.62008405	-11.124852
5.348736	-18.77914
-14.499393	-7.4031262
-5.3164654	3.7170577
-13.765575	-2.599628
-5.1117344	-2.807055
-18.962591	-0.6402168
-11.882128	-1.8925552
-6.701477	-12.045685
8.307319	-6.046222
-4.1882973	-6.9674664
4.1185145	-3.3975651
3.0431623	-6.80058
10.763912	-16.589016
-18.123402	-0.6937939
-2.285005	1.4907162
-13.21419	-3.455735
-0.034750238	-0.98789644
-13.102717	-0.55949926
-9.6869	-3.5417838
-0.02854681	-13.453075
18.39906	-0.50309694
0.22254014	-2.5489287
12.621493	-2.8242354
5.853571	-5.1691365
13.703614	-13.452777
-14.789225	-3.2660115
-0.7997957	3.7691226
-9.496163	-4.164868
4.4646215	-0.014431834
-18.67908	1.927244
-13.637956	-3.5076714
-2.9398706	-13.957083
9.069978	-2.3590841
-4.1133637	-6.7275157
7.561984	-1.8649988
3.2568123	-1.3975942
11.226824	-10.970072
-17.53303	-1.7324231
-2.797473	1.9994574
-14.690222	-0.9525845
2.4082117	3.5193696
-17.112165	5.876011
-12.6761	1.349167
-1.536263	-6.100241
17.389727	9.334212
-0.10587537	1.8805698
12.959085	11.575942
9.097702	4.837429
14.8376255	-7.0788565
-15.704155	6.3836694
-1.5053842	7.242679
-16.621689	5.431943
13.7056465	-1.5471814
-15.895033	0.84172034
-12.532119	-3.159392
-4.841268	-11.314227
12.098299	2.1615129
-3.958962	-7.767133
9.195521	4.2247953
3.9641418	0.9518037
10.551612	-14.301828
-14.319597	-4.256365
-4.004975	5.0887585
-11.249518	-4.561928
7.4775896	1.9303944
-12.73875	0.3192942
-7.5419054	-4.2132416
2.9774191	-16.6233
15.990352	-0.9883872
3.3332977	-4.421075
13.556002	-0.61485946
8.750992	-6.847506
12.596625	-13.14765
-10.42502	-4.364844
-3.8536353	0.1755186
-10.87528	-4.0893946
2.1669452	-0.89474785
-11.371787	0.21777105
-12.228029	-3.6420903
-1.4332674	-4.0958557
18.470798	9.1923065
0.9135213	-0.019991457
14.711003	10.273799
8.908102	2.7678123
15.13505	-8.247437
-10.2627945	-0.851012
-7.1935554	2.1518004
-9.953977	-0.14283395
14.243111	2.1094525
-16.545639	-2.3932264
-14.616575	-6.3483515
-2.6165395	-15.187202
6.1705475	-9.054296
-3.3308518	-8.465456
7.132937	-2.3180504
2.474359	-7.3622875
7.164501	-17.698156
-11.82171	-8.551962
-3.552825	0.27858824
-11.166841	-6.0492043
1.5129538	-0.77848005
-8.351104	7.1746798
-3.5803473	-1.1112025
5.8488865	-9.460498
15.667514	5.6928754
-2.6767309	-3.1201308
13.306748	4.4524307
3.9973254	-2.3283896
16.041111	-9.510437
-12.561399	3.6314406
2.4377007	4.4330792
-8.80645	0.047303915
7.794357	8.50423
-13.232913	5.2931204
-13.064898	-0.28187257
-7.5236087	-10.825132
13.165953	7.128944
-1.6984302	0.6539977
10.675297	8.070109
5.431208	2.3117313
18.050919	-5.703452
-14.072662	-1.8939096
-4.1390743	11.154691
-9.172509	0.3786071
7.761824	8.711162
-12.582148	5.6549234
-9.608995	3.6365733
-2.1404018	-2.4490983
16.833168	11.3668375
6.2359443	0.18138197
12.486135	7.234073
6.3667583	6.014559
14.734619	-5.163502
-13.3711605	2.08519
-0.611879	12.397897
-10.282029	2.2644444
-0.46942556	2.5364368
-14.569466	-2.6694734
-12.376006	-5.0969596
-0.68259287	-16.682669
10.335045	-10.8292885
-3.382525	-9.0180235
9.5102415	-5.5809746
4.2973013	-3.4855628
10.927795	-18.573488
-14.6744995	-5.7293196
0.15048915	4.1111755
-13.120242	-4.348948
3.9318767	0.06274533
-14.250631	0.46282768
-12.072716	-2.19407
-2.863309	-9.987429
16.236279	6.6563144
2.3286777	-0.91040385
11.731512	2.8888493
3.7877781	1.5870936
17.865482	-9.874462
-17.402868	-3.7167118
-3.903054	4.323123
-8.547052	0.95157814
2.6560788	6.1100297
-18.55319	-1.2741573
-13.430898	-0.3353938
-4.62244	-11.969862
12.613026	0.3307625
2.909331	-4.3826733
8.064822	3.6410918
1.313194	-0.77711296
8.620489	-13.040615
-17.914974	-5.2813845
-2.8523471	9.075419
-13.629417	0.76983404
-0.5082739	6.498697
-14.39221	6.934575
-12.803043	-1.0727471
-1.926626	-11.509489
14.076191	1.4081612
-1.079515	-0.3192258
11.611689	5.120357
6.2966404	0.49497503
12.663208	-13.831555
-14.245465	4.226232
-5.7235622	11.446403
-13.464323	1.5679328
0.7129884	6.251954
-4.649397	7.252728
-7.345157	2.0137818
3.1367354	-4.725596
14.080284	3.3238513
-0.038357258	2.6045125
12.098153	6.864522
14.047417	8.543742
15.784171	-4.296253
-8.100157	5.5895314
-0.6101334	8.660603
-5.5824366	3.1851814
0.4399558	8.495592
-11.247076	5.4836607
-10.447237	-1.7517469
3.2667162	-7.1639347
14.666372	-0.2942745
0.7140808	4.729746
11.435494	4.881493
8.459044	5.9145403
16.698994	-5.9193625
-13.512058	3.8700747
-2.2960482	7.870283
-5.8090615	1.9812518
6.415046	6.01125
-15.904076	-2.243325
-11.012835	-1.5255306
-3.9506783	-8.828998
15.617042	-0.25228143
-1.8533673	-6.5244074
12.06719	1.9544983
8.765475	-0.7410618
14.308358	-12.650475
-14.308467	-0.7173395
-3.5898712	7.6792936
-14.09811	-0.8194432
8.929587	6.4295297
-18.789196	1.4950647
-15.818545	2.8426027
-6.6948533	-7.682064
11.044443	3.9968271
-3.704477	-0.9436221
11.897645	5.752507
1.6666701	6.257271
13.695674	-6.278469
-18.00474	-1.393992
-3.5320547	6.2652516
-13.4619055	0.73145854
5.8580446	0.81197834
-16.675182	-0.7922816
-16.66535	-2.2773142
-1.8172979	-7.5597916
10.155329	2.3482282
2.210494	-3.4296331
6.73908	3.2499409
3.8062873	-3.4394565
15.0446415	-10.407143
-15.118376	-3.872455
-7.394335	4.7163763
-16.118649	-2.5995646
7.9359217	-2.5344887
-15.18364	2.609258
-13.922053	-0.96252966
0.91157365	-4.2528763
14.241244	0.6456094
-1.5391331	-3.4386263
11.000727	-1.5506423
7.116684	-1.1434588
18.22436	2.611072
-15.60232	1.9476231
-0.01635348	11.725074
-10.039056	-1.5504878
2.4392676	12.752066
-5.996498	-0.4196515
-1.799823	-1.5652285
4.49872	-13.398222
12.160966	-1.7207694
-0.6159644	-6.068213
10.396164	-1.222345
7.3385215	-2.521983
15.847084	-9.858435
-8.534565	-4.588727
3.3963122	5.019979
-5.424125	-2.9913502
5.013485	0.5140838
-15.015154	5.180645
-11.091105	-0.35351223
-0.6605301	-10.228844
13.109166	2.927434
2.2719026	2.8306909
11.297623	10.849769
5.0363812	6.0031514
11.4914	-4.6502438
-10.943384	1.6603692
-0.9576961	7.6839156
-9.705849	0.66314065
-4.0759163	5.7181654
-8.362028	0.90892005
-9.2310295	-4.7927904
-0.04118657	-10.63766
11.628331	-0.51736593
4.7417727	-5.009576
8.809631	-0.8195636
7.47775	0.39574736
11.101618	-15.578541
-7.819186	-3.2548065
6.3301334	14.702215
-6.114088	-2.0372975
13.200523	8.7672415
-18.927858	7.749977
-13.186814	0.5152421
-7.6887045	-8.107662
15.275406	6.0247397
-5.8866444	-0.8699162
11.46175	3.7575507
-0.061723948	1.1441898
8.029377	-14.171067
-17.227581	0.061558247
-5.5177164	7.5476265
-13.532394	0.3550793
-4.249604	11.547667
-14.8315525	4.3082895
-12.675686	5.766009
2.643904	-7.0286627
13.215914	-2.5657063
0.22602725	-1.0293932
13.072205	4.27263
4.4315114	3.869134
11.723967	-11.877535
-13.3010235	-0.49093044
-2.5669131	7.211849
-12.479155	0.7181418
6.225251	9.284707
-11.961895	4.9035244
-9.455074	3.7913404
-0.5818956	-8.472058
11.600468	-0.77451146
-1.4411116	-0.4432478
14.849685	13.720955
11.751156	8.492501
19.12847	-0.93983984
-10.844988	-0.84873545
-3.3511314	5.7528152
-9.309925	4.0287833
7.6251507	12.4509325
-15.45808	0.60252666
-9.115726	2.523315
-1.1537809	-14.455297
11.146384	-0.7376882
-2.1840367	-1.8366866
8.289019	0.17500126
6.857131	-2.0386474
13.76917	-14.120635
-12.986263	-2.7939754
-1.4718218	9.157326
-11.546675	-0.52881765
6.939566	5.430274
-17.765202	2.9848661
-13.515486	-4.1504893
-5.313168	-10.937144
12.0536785	-0.59730077
7.4462185	6.511487
4.9856243	-0.01143682
12.437971	-12.322962
-16.641033	-3.055296
-4.270993	11.297262
-15.495045	0.6124299
0.18617442	5.418929
-14.877093	4.4067364
-12.09646	-0.54581594
-1.37268	-11.418957
16.36973	1.6160988
14.302631	2.2898195
6.1839266	2.3498042
12.439667	-13.690084
-12.832985	0.041626334
-1.9762146	8.541947
-11.611572	3.3473387
2.0935125	9.236357
-16.18341	2.9936776
-8.273756	-1.1056715
1.8309655	-12.194647
10.397852	-3.316734
-6.4792395	-4.4996867
12.14481	4.361678
4.8709164	-2.6344671
13.575622	-15.207529
-15.901569	0.58798563
0.2816378	9.969228
-11.261861	-0.24829125
8.617176	9.410365
-8.260418	3.2457933
-7.9190774	0.46941495
-0.5789877	-13.911707
12.532192	-5.5710387
-1.1595287	-4.1834493
16.252316	2.865203
5.605728	-5.337183
10.666404	-10.418448
-11.939711	2.7839222
-0.7307592	4.6189394
-6.9972496	-2.813693
6.3460526	2.3489492
-16.701342	2.0651724
-14.557881	1.4865304
-7.2823453	-7.54383
10.826157	-2.3864064
-8.843797	-4.2932725
10.847372	1.172311
3.2882948	-0.46301484
11.472429	-13.247304
-17.075851	2.1330657
-1.7268354	9.62415
-16.276459	1.1571323
-0.46590042	7.6565514
-17.52769	4.1397705
-8.719659	2.8467863
-4.8625083	-11.1569605
14.759815	-1.4783835
-2.0544763	-4.456069
10.157252	5.9367104
7.533732	-6.4307485
9.847923	-13.501432
-15.153669	4.8489866
-0.06451607	12.90386
-11.691958	2.9470406
2.3066268	5.1836576
-17.3591	5.5456996
-12.181603	0.08170557
-4.064098	-9.728839
10.826225	-0.76012444
-9.410092	-3.5782886
11.633707	4.6595235
1.6581037	4.865417
14.3318615	-14.057692
-15.749163	3.6728861
-3.4734817	7.8854046
-10.843412	1.8555021
-5.5958066	4.6263237
-15.7476425	1.9867542
-10.022108	1.3673863
-0.540766	-9.657555
11.60387	-3.4532063
-5.2824035	-6.4517894
12.65412	4.3054686
6.201666	-0.14623183
9.697838	-13.412325
-15.227098	1.9837873
-0.31979227	9.453815
-10.645828	-0.48092514
-4.6304913	10.938927
-14.297758	0.10853076
-10.419124	3.025662
-0.42317033	-9.743731
11.916001	-0.23799548
-5.834004	-1.6719236
13.078819	5.759595
3.0825737	-2.9903295
12.443392	-9.734437
-14.555801	3.6150408
-2.162251	5.2248683
-5.6957912	5.562385
0.6661998	0.14730597
-15.005405	8.39983
-9.603596	0.9228623
1.5214036	-13.355951
10.943689	1.1318413
-4.909296	-3.1607027
10.952883	4.728384
8.117596	5.2173696
10.74534	-6.110342
-12.69565	-0.5842273
-0.64707637	9.454642
-3.163308	2.1690226
5.306184	9.108608
-10.791395	1.263017
-7.353659	-2.2089772
0.52074414	-11.50868
12.284369	0.47413534
-3.4122305	-3.9100606
8.425075	1.9752033
3.924866	2.1642146
14.07865	-8.827815
-9.726875	-3.3207047
-0.5186969	12.288448
-9.456949	1.7027838
4.859178	5.2914352
-15.499699	12.74374
-7.7696066	10.893888
-5.938402	-4.0825176
13.074978	3.0565712
-1.5536612	7.72651
13.125189	11.386293
4.1291947	12.623846
11.287741	-2.0447125
-10.135651	13.316409
-1.5027394	17.558498
-11.040397	7.4717736
2.7288418	16.266571
-13.281001	2.6831036
-7.940748	2.7947478
-4.619378	-13.043707
9.574478	-2.5964162
-3.4969463	-3.7222335
13.720915	4.7065005
6.284566	1.8737595
13.974361	-10.86046
-11.406652	0.5859272
-0.2638501	1.9294044
-13.0925665	0.75837046
-1.7202642	4.7984447
-12.938543	-0.103070736
-9.022074	1.0025306
-3.74114	-9.7382965
9.730818	-6.554847
-7.665633	-5.459853
10.5709095	-2.4559083
2.4849691	-3.6330273
11.249344	-11.4207
-14.487974	4.9723716
-1.1411651	7.2224035
-2.6812034	4.5104628
3.9336047	1.6315358
-15.578432	-0.7707026
-1.7673237	-15.72446
11.173656	-10.2450695
12.861719	-1.9211478
6.338447	-6.654358
-14.008102	-1.433137
0.9342761	2.7415388
-9.662632	-3.6820989
-5.1812363	0.6260526
-17.682325	4.5482516
-11.264086	3.2262306
-4.3479357	-13.729802
13.508363	1.5537422
-1.3847773	-3.0962913
15.675039	8.614897
4.106191	0.5525734
12.617193	-8.168991
-16.108435	2.9876919
2.1187572	15.494959
-14.064835	3.3335266
8.851008	2.2605226
-16.572594	-0.22135353
-11.638489	-0.6946734
-2.614125	-12.831217
11.94896	-1.5164826
11.104049	2.097284
0.3389812	-4.5438695
12.81739	-14.46531
-13.525438	-2.9317555
-0.378447	2.8614657
-9.14996	-4.8300066
8.11808	-2.8786643
-14.299915	2.3383758
-10.431897	1.7670503
-3.1007004	-13.9156475
9.611197	-5.467435
8.43274	0.8007862
1.3792212	-1.0159847
10.309104	-14.973305
-14.789394	-0.0137985945
-2.6513987	4.0200796
-13.103737	-1.2293679
-4.7357264	4.8674183
-11.096389	-0.59310615
-5.540767	-0.44290137
1.0546131	-11.063807
11.321629	-4.4256735
-2.917139	-3.5266213
12.64276	6.0321627
6.4754963	-2.7449214
11.880094	-11.362471
-11.021849	-2.3283803
1.4159069	10.979811
-8.275621	-1.5854509
0.55031395	6.8243465
-11.134943	4.643422
-8.786892	1.5396047
3.5267522	-10.4351425
14.432037	0.89312273
1.2046411	-0.44199932
18.999428	6.68495
11.855446	3.3681808
16.296032	-10.271761
-12.227804	4.919105
0.47669208	8.858366
-5.948915	3.6510892
4.153303	7.57809
-14.008743	8.953941
-12.573256	4.199054
-4.8013372	-10.01942
12.116627	1.2932683
-5.248194	-3.7234583
9.0661125	5.06606
2.5780663	7.3932223
12.590933	-13.685652
-14.710118	3.4885273
2.6515388	12.595758
-14.066107	5.2920885
6.174941	7.2305174
-15.423271	2.7910624
-9.003002	-0.0796445
-0.48999047	-15.445076
11.317537	-6.6692305
10.644736	-0.7008688
2.4782624	-3.743722
11.626787	-13.627873
-2.6703963	6.203368
-11.622086	-2.341661
4.3267345	2.4726446
-11.0075865	4.9856253
-9.896241	1.1788688
-4.729121	-8.123717
10.565544	-5.9036837
11.30356	-0.17715783
4.6069965	-0.31556058
12.457703	-12.253196
-11.105661	6.476592
-1.4010696	5.3573813
-13.592324	1.2235783
1.2906042	1.0498514
-13.732731	1.6722288
-11.927653	-3.8543568
-2.404551	-16.67865
7.315175	-10.670748
-6.8463554	-7.895144
12.523424	-3.2138047
4.4679127	-8.145378
10.257252	-17.99526
-13.376049	-4.0024824
-3.1105275	0.76151454
-7.5229425	-7.3677607
-1.6359421	-2.8508325
-19.213753	7.6999035
-8.604415	-1.9724134
-6.155433	-14.100719
12.488098	-12.717785
-11.824944	3.3896582
7.5501575	-4.391373
2.1482139	-4.853864
3.748257	-19.488373
-16.94967	-1.6416717
0.34317398	7.3135004
-14.301921	2.0908244
-4.7648053	6.4838467
-13.398851	10.881893
-10.131991	5.8115597
-1.4524288	-3.5040534
13.019381	3.5519502
-4.4638886	1.6004927
11.365446	5.630621
5.4066668	5.312065
8.0639715	-11.313284
-14.306547	6.1487427
2.4302301	9.385576
-4.4149446	7.9744716
-2.3170872	11.028988
-16.478456	-1.3231854
-13.989253	-3.1208553
-4.92863	-12.141739
11.578347	-10.855888
-7.350912	-6.247383
8.386873	-0.38632816
1.8235672	-1.2380979
8.811875	-14.059248
-17.796762	-1.6597878
-2.3875399	8.510048
-16.124784	-0.9821274
0.88298047	2.0127072
-16.476719	11.436457
-10.7792845	4.856907
-2.3994331	-10.608199
9.360564	-0.28422433
-6.2886057	-0.6325656
14.783725	7.354504
6.0550823	3.8378391
11.345158	-9.44018
-14.835096	7.8875785
0.8426592	11.274266
-12.991444	6.9286456
-2.6253269	13.120568
-12.548769	-1.971067
-8.702106	-5.373872
1.7825817	-15.228486
14.437859	-6.550852
10.622443	-2.3475318
3.0125437	-6.1918726
11.112982	-11.0464115
-13.858215	-5.5818095
-2.7079387	-0.3790567
-8.5565605	-3.0315723
0.7210969	-1.0944793
-15.490231	-0.6533375
-9.06174	-6.766207
0.3847332	-17.461174
12.271711	-4.468186
-4.0116863	-7.4096236
9.197253	-5.9466834
4.432795	-5.6389246
12.783171	-18.567844
-15.401821	-4.227535
0.79855895	0.8949177
-12.454018	-6.6206822
2.1548316	0.67138875
-17.597229	0.71102023
-14.191984	0.8425852
-4.356599	-5.314953
12.49169	-1.7221817
-7.344146	-6.866979
4.1725073	-4.891785
-2.4064808	-1.3390274
11.291471	-20.73246
-17.854023	1.4529294
-7.803126	9.389767
-13.664171	-2.3148463
5.2483416	0.009585142
-15.374905	-3.807537
-12.142472	-6.1503224
-6.7246146	-16.426746
5.8544216	-10.497217
-4.9865	-9.825982
2.932501	-7.6250467
-0.2003721	-9.650156
6.028414	-19.730862
-12.092249	-7.3478875
-5.404134	-1.6060125
-13.1536045	-5.9165993
2.5331802	-16.543943
-17.526863	-0.48771477
-13.0137205	-0.68641734
-4.6923494	-13.39049
10.09555	-7.96453
-3.4951072	-7.7802544
8.969238	-4.756626
4.4029546	-7.4408956
9.769339	-17.490665
-15.749636	-3.3856504
-1.6303244	3.5278366
-8.494757	-5.080021
6.3089542	-8.59058
-11.280453	0.08793259
-11.196479	-2.333619
0.39599323	-13.910988
16.183567	-6.4312873
-0.94950175	-7.607684
12.605617	-2.7153633
7.9543486	-3.5329006
10.863521	-15.453333
-12.381056	-4.4665923
0.24647254	2.0433893
-10.806694	-5.520247
2.015843	-1.8695778
-19.382711	1.7057314
-13.986949	-0.95422935
-2.7366626	-13.914636
7.865349	-2.722228
-2.8277586	-4.4278336
6.879451	-0.06550312
1.920459	-1.9187696
11.734061	-10.508906
-15.268024	-0.6201087
-4.590102	0.8357038
-15.970999	-0.25939178
1.0630552	5.5277905
-15.297613	5.399467
-13.463708	1.1091479
-3.7590547	-8.431037
16.677263	8.120586
1.2429655	4.626446
14.292517	12.664341
10.172136	8.301656
17.19703	-7.1302805
-17.912697	3.8675473
-5.0154157	10.180885
-14.712391	1.946142
10.613405	9.255126
-16.174366	2.0396037
-12.869801	-0.1408571
-3.6437523	-11.880066
11.506396	1.2876815
-5.747305	-5.2650166
10.766533	5.267374
4.1384287	-0.28095937
12.479158	-9.612083
-14.052338	-3.9312103
-5.5597014	4.8519444
-7.983259	-2.5006485
3.6281323	5.2089586
-9.565871	-1.9423523
-7.3978643	-6.498399
2.9279883	-14.801825
18.30195	-2.057745
1.8117282	-7.1692886
11.246595	-1.6194887
8.319027	-8.568075
16.107056	-12.808752
-8.264126	-7.6101475
-6.2673516	5.408409
-7.6730556	-7.96231
-4.876004	0.92752767
-11.804676	2.9412646
-8.806256	-1.4680357
2.0981936	-5.125953
17.082426	6.64265
3.7637525	1.0529257
13.435709	8.124014
7.98053	-0.67661357
16.269432	-5.3331943
-7.0382195	-2.8847818
-5.8101206	3.3324363
-3.4873943	1.2041346
8.826658	8.664265
-14.475283	-0.62000823
-10.952517	-4.217192
-1.672899	-16.052555
10.1868725	-5.9785314
-2.476459	-7.9027624
7.777317	-2.967386
5.8371973	-8.68489
8.682329	-15.954304
-14.185816	-2.9245305
-1.7291309	8.392705
-9.46501	-5.7770433
11.808287	-0.99365616
-12.23325	6.797639
-5.6933646	-0.45080853
5.291783	-8.488611
12.705938	1.5652581
-3.4238143	-3.2566671
14.282363	4.576269
3.8710399	-1.6954815
14.691008	-13.901478
-12.143738	3.4778862
1.6678597	3.2262852
-8.420737	-1.0733098
7.7636814	5.1557646
-15.306741	2.721745
-13.220179	-0.52871794
-1.2269092	-6.9683957
18.740162	6.8491507
0.8218205	-0.7003825
10.99949	8.929681
7.2844486	3.942659
14.290649	-11.687829
-15.113655	2.1710794
-5.129855	8.197197
-11.786261	-1.8821559
17.899158	1.7966948
-12.2026825	6.139829
-12.3509865	1.282679
0.29192173	-1.0711033
15.464697	9.137144
3.3031402	1.5821054
10.804782	6.8131704
8.799688	5.9520235
16.933027	0.21366167
-12.0413265	0.8798703
1.2156384	13.836205
-12.212342	1.784502
2.2703574	5.2981534
-14.459019	-3.8233864
-12.273968	-5.9934306
-2.6043096	-16.800718
8.41233	-10.75679
-4.7466526	-10.866555
6.908841	-3.055954
2.455325	-5.2682495
9.717926	-19.932808
-13.296886	-4.405942
-0.9766728	6.557544
-9.4230585	-8.77718
8.702003	-9.240152
-14.57494	0.4760065
-13.025514	-2.5568943
-6.118888	-12.412607
14.71395	1.9029982
1.3665707	-3.889815
9.540531	-0.8891512
4.259388	-2.4418705
15.479299	-11.229529
-19.06974	-1.7421815
-5.463438	-0.686378
-13.28862	-1.9425428
0.21897385	0.0479635
-19.889175	-1.6373014
-14.24417	-2.0699446
-5.2730474	-12.530616
13.847973	-0.69378585
1.8194093	-3.1408887
7.2585573	2.8610134
3.81312	-0.7826226
10.32259	-14.246204
-17.370228	-1.3160611
-4.095895	7.9363737
-15.972536	2.4258053
3.3812869	4.587034
-14.9423275	6.0163093
-11.524738	-3.4694552
0.15711665	-11.6545315
12.835396	1.0362537
-1.1198406	2.0541358
9.206439	4.435749
6.0667224	-0.15274006
12.28145	-11.204611
-12.751873	-0.91672134
-2.1627455	10.5659485
-13.776046	0.561157
3.5894752	3.847332
-7.6032863	10.6421585
-5.187506	4.1162663
2.131784	-3.8359356
17.69634	7.732465
1.1667061	3.650742
14.776869	11.385912
12.936247	8.7307005
14.197681	-2.9041991
-6.5067067	9.037973
-1.3176019	10.577706
-1.6488376	5.055107
1.4506512	11.526792
-11.99029	9.521932
-10.663767	1.7443746
2.837194	-8.044821
19.719856	2.8119254
-0.74935293	2.2662537
9.802518	3.209466
8.630439	4.2287426
14.757222	-3.9767723
-14.360586	5.2968087
-1.6616488	8.56046
-8.829198	2.3439844
6.7099953	-4.3957243
-15.235026	1.2090957
-11.665193	-2.1666596
-4.165509	-12.262457
11.841793	-3.7425683
-3.756325	-8.31433
11.307213	3.5324278
6.8494215	-1.9661075
11.458272	-15.5836935
-13.76145	0.606634
-2.356342	7.388967
-13.898857	0.5026628
4.6709337	2.1406956
-15.225402	6.331867
-14.683984	2.2808752
-8.444327	-10.21063
11.949965	6.1014667
-1.7931437	0.53567064
10.620174	5.544485
2.5470402	1.4316398
15.185419	-6.1966825
-14.101294	5.200175
-3.213562	8.500926
-12.067217	-0.2999928
8.576858	4.142512
-16.194721	-1.6136456
-14.342414	-1.103637
-3.3132503	-10.870545
9.519354	1.4477388
1.5920975	1.7580621
6.487958	-1.3237132
4.727319	-2.42358
9.363331	-16.719727
-17.647396	-3.337836
-8.212001	8.436985
-18.106737	-1.6372297
10.917683	-0.7025995
-16.019524	4.2721834
-11.987936	0.044938803
-2.3395658	-11.265329
14.3784	4.1584873
-1.6564918	-4.3371325
12.065876	-0.11264539
1.9981531	-1.6509933
14.366684	-10.454611
-13.824148	1.5676222
-0.8464444	8.914673
-12.4636755	-1.8768698
3.9963362	6.173583
-4.997432	0.5117769
-1.5882928	-5.709358
6.536891	-12.846809
12.792105	-4.119215
-0.08516717	-5.6014833
9.846659	-3.2447286
7.4042916	-3.492088
15.471201	-10.961864
-5.312829	-1.5708861
1.2866597	2.3351479
-7.1716766	-1.0209246
6.764244	3.3891277
-10.313574	7.934213
-11.514467	1.1376054
1.9111793	-9.251714
12.04094	1.690784
0.27289295	2.0418007
8.886018	9.599951
6.7887774	6.9189124
10.503336	-4.6767745
-11.9533	4.27155
1.3739676	8.125047
-9.203215	2.0680046
-2.4269834	6.8799925
-8.176592	3.965613
-6.233248	-0.92545176
2.5138397	-10.361086
13.110739	-1.930224
3.9964995	-2.720354
6.726058	-2.8836617
11.037031	6.8245697
11.87271	-13.554371
-5.919379	-0.23978007
3.421822	11.308188
-7.240964	3.0152092
10.728463	2.9908538
-19.748043	2.447744
-12.695344	-0.5509184
-6.036449	-11.137875
14.048546	-0.10443199
-6.875002	-4.4253583
11.103494	1.9181932
-0.57622635	0.583723
10.369562	-12.974732
-17.465193	0.4429667
-5.561291	4.722228
-11.84331	0.059383154
-4.711383	5.954236
-15.145992	6.47239
-13.246145	3.4703822
-2.1935315	-7.2439485
14.42622	-5.4532294
-1.0832919	-3.8374767
8.093555	3.0545573
4.4172645	6.9754305
9.295277	-11.390534
-12.841225	0.26122022
-1.8819721	12.044565
-8.652069	2.1653795
10.2532425	0.4039297
-3.472135	8.96777
-10.025	6.1690645
5.716815	-3.1514287
14.741627	6.6793337
3.1582403	4.857373
12.639469	10.2804165
10.427797	8.349885
16.674639	2.4303799
-4.387953	3.4096837
-4.239872	7.9568014
-6.533942	8.805387
8.756043	12.177258
-15.0187	-2.9001336
-8.799128	-3.242868
-3.835547	-14.0855055
9.462345	-1.0165032
-2.4230056	-6.6606674
6.9798145	-5.0202436
6.55756	-5.8128777
12.215004	-17.592726
-14.107536	-3.501443
-4.868403	6.6425295
-12.541055	-2.843265
3.2728124	0.1784684
-14.412881	4.994358
-12.401464	4.4744506
-9.6488285	3.8825572
-10.587243	3.3419724
-6.0083766	-1.8264608
-5.113283	-7.3614044
11.327505	-2.1907
12.923721	-1.0920427
-3.3379512	-1.9786413
-0.7032777	-4.2724733
12.918615	6.920067
11.573732	3.529931
5.488487	-3.094736
7.1856914	-3.5270107
12.288123	-11.987557
14.811071	-8.81742
-12.68655	7.1207232
-13.47434	7.0703907
-2.9489386	8.333661
-3.4592524	5.728024
-13.08381	6.678274
-8.372638	7.341611
4.165271	8.063429
2.432397	10.452081
-9.006549	1.4309967
-11.696803	0.19687653
-9.801269	2.3318982
-10.920195	0.6972058
-2.6487687	-7.0472608
-0.7460501	-7.4098682
15.771633	2.1702461
12.741157	-0.14512956
-3.943326	-0.22945094
-3.2767692	0.5182575
10.878227	3.3616552
10.630036	2.9808428
2.28493	-0.36134678
2.7046366	1.0215615
9.810492	-10.427749
9.676202	-8.24791
-14.913511	-0.42260373
-14.4017315	3.842133
0.89829874	8.142634
2.0787132	5.322931
-10.505446	-0.13881207
-9.052645	-0.6441922
-3.1579092	8.208086
-3.729658	6.453267
-11.974078	2.3390346
-12.496965	2.431711
-9.571617	-0.86056876
-7.6507077	1.0492098
-0.7941079	-10.092784
-1.395114	-7.9648
12.893541	-5.881334
14.026878	-4.552279
-9.3640585	-2.2323153
11.192173	0.43442512
10.522897	-1.5998347
4.1449676	-2.1140094
5.5946193	1.2363892
14.754269	-11.342791
10.313543	-12.590021
-13.846848	1.9791788
-12.013332	1.458184
-0.22712758	8.330498
-0.4502039	6.4460306
-11.097315	-1.5427816
-12.050548	1.7885072
-3.8108807	3.417518
6.5116644	-6.1431994
-15.205706	3.0283542
-12.537507	-2.1551456
-13.690174	-3.026092
-11.079457	-3.8052483
-1.9095135	-12.365464
-2.1847875	-11.681477
9.234023	-10.289587
12.579132	-1.9835916
-3.4253747	-1.0707793
-5.5846786	-0.4673524
6.1807737	2.014285
7.4027553	4.8548574
5.2657146	-1.9522657
3.573254	1.537289
10.308758	-10.595537
7.917308	-12.324843
-15.038205	0.023056984
-13.696392	0.54117894
-1.5059174	7.579673
-4.3694663	1.1439955
-12.109999	2.5706058
-11.597082	-1.4779649
2.9010034	4.0302052
1.3240286	6.278224
-14.50359	7.7267146
-14.559015	7.48757
-10.473167	7.77699
-9.1146555	10.948739
-0.54689014	-3.3347492
-0.430099	-4.5565124
15.012908	7.3892264
16.110739	10.537602
-0.6368668	2.2908897
-0.33567238	3.5203686
13.693943	8.689252
12.5603485	7.401704
9.071302	5.0222692
8.166697	9.615024
16.787537	-1.6830611
17.697334	-0.6448407
-16.220037	4.2027273
-13.701254	4.607164
-1.3262689	9.107277
-2.071428	10.717163
-14.107536	8.074623
-9.257414	8.617508
-1.6767112	15.415064
5.7193213	9.771621
-18.361977	6.9778814
-17.263575	11.929515
-15.605527	6.173726
-14.637672	5.3361683
-2.9024541	-12.972392
-4.5069323	-7.193084
14.132241	-2.975039
11.375359	-0.4643609
-8.240475	-3.8304548
-9.921553	0.8814746
12.605581	5.9312177
12.659218	1.4509962
1.2503742	0.90084416
-0.3736663	4.826711
13.816626	-9.535633
11.350542	-6.6457376
-12.456209	7.609829
-19.358223	10.154014
-3.0039873	9.708548
-3.2572362	13.758351
-15.523878	8.519966
-16.645771	4.78587
3.474225	7.0926137
-4.0726795	12.112066
-14.2097025	3.4582682
-15.035225	8.133677
-13.204873	6.8879776
-13.974893	8.324102
0.37468028	-4.2938614
0.9255905	-4.5222354
15.9893465	8.989328
14.659833	9.104684
2.4894674	1.4987904
1.8452011	-0.20877957
14.440638	13.139077
13.271501	12.61864
3.267551	5.760896
5.2689953	5.98011
15.50661	-1.4651785
11.523341	-0.6996317
-14.176235	10.64237
-16.530224	7.3137903
-1.8867927	13.760504
-1.7108098	11.918008
-8.559968	6.457056
-11.044437	9.469916
8.220403	10.628137
5.3432827	8.332486
-14.147877	3.29042
-13.345202	5.293122
-12.496402	5.9805784
-9.558918	5.4786043
-1.0411687	-15.442576
-2.9157414	-10.477523
12.737499	-3.9065435
12.598349	0.55848014
-5.828315	-5.332056
-5.7509165	-4.2361197
13.271578	4.010578
12.794603	7.122262
2.312354	-2.8773422
2.5684457	-2.4332745
10.221125	-11.312099
12.230587	-11.837046
-15.15222	3.7803416
-16.02258	5.969548
-0.24532118	8.504587
-1.0346859	9.619188
-11.716691	4.7936854
-11.066831	4.362169
3.4853728	7.7742815
6.820511	2.8746276
-12.963678	0.24686098
-13.956211	5.417995
-8.324663	1.6285096
-14.07492	6.207629
-2.4972863	-9.876994
-2.469491	-12.621298
14.434725	-1.1128726
16.489614	-6.285869
-3.2732868	-5.643273
-5.093595	-7.081726
11.924323	5.1824417
15.59011	4.867877
6.3442893	-1.8950264
5.2061033	1.630781
12.858751	-12.647974
14.066017	-8.692018
-16.66045	4.2455616
-15.743511	5.035798
0.47783414	10.125539
-1.3413777	11.177644
-10.764099	-1.0567156
-14.8874	4.944246
1.276528	7.400079
6.0229154	1.1773975
-15.4059105	-1.5895231
-14.716135	-1.6003301
-11.757756	-6.3026752
-3.4787412	-14.723615
-3.3026183	-16.176533
10.703776	-2.2223022
11.661535	-0.17648202
11.327979	3.6623015
8.54929	-1.8395765
1.5728741	-4.9544315
0.5644185	-5.8459883
10.107357	-15.102128
9.118776	-16.799976
-15.090101	-3.3921695
-14.596624	-4.8319793
-4.4001503	0.64102685
-1.6674258	-0.12850636
-17.563383	-1.391304
-16.772331	-3.086548
0.6492442	3.9304
-3.6476455	4.435831
-9.7967005	0.18184614
-11.301491	2.4059715
-8.837554	0.5852521
-11.396848	-0.023624495
-0.7465451	-14.365852
-1.1551762	-16.294233
10.4768	-6.4973636
11.553092	-5.603102
-4.4740095	-5.1902313
13.02788	-1.2062854
11.655665	-0.9817329
6.116971	-3.3954551
5.4709716	-4.4969816
14.0748005	-14.037451
15.655819	-14.889389
-14.373539	0.9485496
-14.530742	2.9232812
-2.3467822	0.48756063
-3.0752957	2.6419559
-10.977404	3.454809
-11.879264	1.2915134
-4.4121127	3.7494383
-3.9940915	-0.442405
-6.6805086	5.408283
-6.205735	5.335812
-8.503272	2.6964827
-9.615873	0.18631047
3.2341924	-9.753564
3.0214045	-10.81193
18.99136	1.4640776
12.630105	2.439855
2.4348497	-4.5226417
0.4378438	-2.5479107
17.017254	6.2373466
16.153734	3.2344947
7.7744694	2.0250018
8.755926	1.9785765
20.67503	-3.8781404
17.141207	-6.663218
-8.222523	-0.6173029
-9.088847	0.13557713
2.479525	13.546453
-0.871918	8.768574
-4.8805547	4.6002035
-7.459547	1.6939499
2.5673213	11.779991
9.801873	9.154266
-14.476152	5.0649853
-14.185127	6.465164
-11.909466	3.2208593
-10.038161	1.5448087
-2.650794	-12.49623
-0.5455699	-11.591423
10.316574	-5.740481
13.096291	-6.4408913
-4.4043856	-4.9070735
-5.1538424	-4.145837
13.688255	2.1985664
12.490866	8.097046
4.998508	1.1179955
3.479368	1.3952614
14.490187	-14.465247
14.077699	-12.245956
-15.65812	2.126161
-15.042447	2.2688997
-2.0121922	5.373869
-1.6056219	7.539427
-14.062853	2.8899698
-9.574074	-0.12135768
1.9393182	3.5654368
3.058617	4.176508
-12.798693	0.17125559
-16.140644	-2.0784378
-10.31082	-1.2758099
-9.734751	-1.072006
-2.6847532	-15.565451
-2.3709402	-13.499363
10.405033	-3.731911
13.117191	-1.1649033
-6.4450903	-3.855969
14.647505	3.1773524
11.982879	0.74996406
0.5346565	1.3016438
0.61544913	-3.336219
12.211085	-13.977247
9.919007	-14.454186
-16.051083	-1.0695157
-16.671883	-1.0503874
-1.206561	6.882218
-0.7699454	8.250947
-14.698225	1.8389444
-10.581724	1.2426096
4.306141	8.280462
0.42806458	9.037854
-16.632877	0.91875935
-17.823265	1.630733
-12.770698	-1.5815988
-13.932858	-0.63394415
-3.6114657	-12.588855
-3.299837	-14.575161
11.153685	-6.548827
11.498688	-9.445137
-5.359346	-11.949236
11.913015	-2.4751859
9.961193	-4.676631
2.6015682	-10.319372
2.5036516	-7.359146
10.720966	-16.553665
9.188665	-15.98778
-17.67968	0.58491164
-18.080841	2.0148053
-7.891222	3.0121331
-4.745362	9.41083
-13.991789	-2.1186821
-13.411169	-1.747885
-1.8188447	0.11631608
-0.1104188	3.4336467
-13.623415	8.158342
-10.81381	6.4049487
-8.364464	1.229258
-8.6109295	10.279761
1.1380162	-3.6363406
7.2536407	-5.81707
16.932684	10.210112
18.353191	2.8280625
1.2427628	3.5901904
-0.8021455	1.0604674
14.950315	15.256621
14.964252	13.146637
11.012366	3.8412614
11.055787	6.614752
17.350641	-5.8661923
17.311089	-6.4163923
-14.228613	2.2514682
-12.615396	4.4385934
-1.2187939	14.010554
1.0835787	13.805733
-12.596504	4.663074
-12.168856	6.2104588
13.293884	10.419474
13.956297	11.462199
-5.8245487	1.4533527
-8.872157	4.5332627
-9.514348	-1.161498
-7.2222953	2.2157226
1.8997965	-7.131015
0.33717728	-8.514825
14.794487	1.2999074
15.389603	0.4354512
2.2794883	1.8326553
1.7696426	-1.7201279
10.179843	6.9855127
9.669287	2.9715738
8.814512	1.5243207
8.492878	4.8543015
11.724754	-9.410127
13.416587	-10.05268
-9.079128	0.9351228
-9.892218	3.4778733
1.461349	11.281458
-0.78237486	9.902195
-7.3377852	0.74761355
-4.659622	-2.4432485
11.280794	11.179556
3.8598528	6.4722958
-15.642461	-3.6462305
-14.8326435	-4.310977
-14.217341	-2.652892
-10.542349	-5.8761125
-3.6895678	-11.783956
-6.1603813	-12.390316
10.897695	-0.91743314
12.040991	-0.17618012
-2.5737414	-11.757893
-2.7980738	-11.679362
8.540594	-9.757762
5.723257	-6.701715
3.8712592	-9.165443
4.045718	-9.290071
6.9259205	-15.126589
8.566858	-13.882651
-16.919682	-5.0278535
-14.758607	-6.962782
0.2796446	3.327283
-1.2394192	2.9406652
-14.033674	-2.009357
-14.098228	-1.8897827
0.6241318	0.8751817
9.6241455	-7.7414484
-19.694492	5.5413775
-18.549301	4.52005
-15.204918	1.6951866
-12.688982	2.5736463
-3.271536	-10.534052
-5.2410216	-9.344016
11.282412	-1.1927416
11.982429	0.023009952
-5.04725	-2.5971956
-8.795569	-1.2429571
12.256287	8.082746
9.467936	6.539235
3.7195601	-1.101998
0.38995612	4.784981
11.802765	-11.881395
12.13629	-13.198778
-19.186834	1.8844094
-18.545843	3.926032
-6.042081	10.110271
-3.0928004	13.024427
-15.461819	2.3952675
-17.9553	3.254506
-4.954092	4.6371994
-2.480914	8.319068
-6.6683664	5.1886125
-9.788016	3.6709096
-9.016841	0.30926764
-8.009142	-2.4575062
1.3710346	-8.909838
3.8097978	-7.0784507
11.528984	1.0188367
13.258896	2.6011243
1.2799218	1.3564236
-1.6370186	3.413683
12.241406	10.448041
13.478843	12.64585
8.136035	6.1265306
6.20778	3.889351
13.004908	-6.81914
11.056471	-7.154493
-8.319889	-0.19097698
-5.677064	0.07845402
3.9869542	7.9498596
0.75308686	6.8958797
0.37659276	2.8770914
0.9586061	2.2853403
8.968963	12.468947
8.91539	11.999921
-3.1065624	8.472409
-7.471194	9.358213
-4.348009	1.77735
-1.6309443	10.22455
6.354909	-6.8345833
6.4714494	-0.93376255
17.028019	11.047425
22.822796	8.584271
0.99344945	4.6335645
4.0281467	8.939376
14.035898	10.756632
13.292754	10.379442
5.918412	7.2932067
5.698368	11.74979
16.265984	3.9795294
12.103584	2.9703846
-2.2286098	3.371967
-1.2306423	7.5408874
0.9253861	9.416119
4.764739	13.90664
4.261334	9.7456
1.41223	8.929909
5.9986167	10.7859745
9.909344	14.222568
-11.625286	2.3038447
-13.114796	4.497896
-10.177136	-0.9311918
-11.92649	-2.0365407
-1.809943	-13.813869
-3.950076	-12.243071
14.678886	0.054977
19.243788	3.6642995
-1.1017946	-3.2411842
0.22741139	-2.3636627
12.008619	0.8320317
14.694738	4.0835137
6.877159	0.1407376
4.7164855	-1.6027447
14.341726	-11.54952
13.194269	-11.356776
-15.080944	-0.42164648
-13.894985	-0.16710627
0.35801846	7.61718
-2.634973	2.508103
-14.874565	0.3684113
-14.818273	-0.84208107
13.446625	-4.432262
-0.4449575	7.1679115
-12.371201	6.0700183
-13.40346	1.5304656
-9.783834	-1.603561
-12.4022255	-3.1107945
-2.3913202	-12.339441
1.6297514	-7.2512064
11.25959	-5.935192
10.541622	-3.5870152
-1.552949	-4.794789
1.1277435	-2.8719277
8.803517	1.4963629
10.711111	-0.9225176
-0.61646116	1.2013167
0.8332132	-1.4290416
13.643789	-11.297424
12.580627	-13.815975
-10.652135	2.406251
-11.612943	1.3137335
-3.692491	8.836603
-2.6137495	8.411719
-1.329399	4.0037136
-12.362989	-3.3291566
4.4945025	7.969386
0.34206367	3.934076
-8.8365345	1.6250684
-10.000029	3.180767
-11.815454	-0.33607423
-14.037642	0.22898287
-0.32775187	-8.044541
-2.6918044	-7.26086
16.74033	1.8785923
14.559867	0.57020223
0.23645282	-0.20023501
0.29259872	0.5379853
10.421905	8.341656
9.036844	8.7211275
6.7677746	1.8447036
7.587872	8.022257
11.780664	-7.952779
13.598184	-7.11477
-14.956142	2.4657242
-15.502092	1.0418165
-1.0650415	10.532429
-3.614133	11.205096
-10.427588	-0.22737542
-10.418745	-0.29491436
7.7007785	7.2297993
0.62544394	12.23771
-19.075043	2.7344565
-20.057388	4.1579466
-15.741366	0.37037212
-13.649305	-0.5312618
-3.84753	-7.147745
-4.160793	-6.281892
6.657239	-0.8819119
6.1910686	-1.478056
-5.4114294	-5.4505816
-6.9880524	-3.2090213
3.230413	-2.9310422
4.045639	2.5809722
0.36908317	0.9166524
0.5674501	-0.059256554
7.489003	-17.261465
8.733968	-15.608147
-13.322846	1.5302478
-15.813417	1.3340669
-6.8243275	10.738226
-7.5961056	9.869866
-11.444725	-0.39053857
-12.273838	3.2418725
4.163148	5.0252557
-3.2412858	7.5317597
-6.6667624	-0.33088803
-8.947859	-2.8366964
-9.74388	-2.6027088
-7.811999	-5.9989505
-1.974611	-14.454439
-3.2252467	-15.632691
10.044884	-6.042487
9.925186	-3.8170123
-5.348483	-6.8906
-2.6812696	-7.625316
8.430211	2.4401245
9.647065	-0.24192615
4.4751205	-3.6789129
5.1030703	-3.3892238
10.980704	-12.389065
8.721987	-15.375711
-11.975772	-2.6942225
-10.892002	-2.6687655
-1.3797375	4.247449
-4.3539305	1.0104444
-9.081265	-1.4922959
-7.5104175	-5.342503
2.7075543	1.5563653
-0.25032035	1.6968336
-17.303648	3.5673542
-15.393826	3.2021515
-10.198521	0.7704636
-13.552958	-0.8237455
-3.7520373	-11.433107
-6.385715	-11.995508
14.39517	-0.4712528
11.522875	-4.3275175
0.3592565	-2.7593288
-0.7264838	-1.849895
8.061375	3.5033953
10.490162	4.490857
2.263095	-0.28029677
2.6067429	0.81566274
11.3693695	-12.333622
13.358603	-5.5922728
-16.644299	1.2126598
-13.719364	2.8230302
-2.519851	3.7329302
-0.97406226	8.465956
-13.500906	1.8025854
-14.420955	-0.80379033
12.335106	-4.109725
5.7789392	10.3478155
-8.7370205	0.017524242
-8.357215	-1.454767
-6.9817424	-5.996208
-6.7899237	-8.316857
2.4395406	-11.946951
3.1189868	-10.208645
20.37578	1.1737456
19.081614	2.3995318
2.4264429	-4.8354917
0.92954826	-4.9661803
16.596863	5.986395
15.76177	0.7431967
10.049143	-2.0738068
12.974119	0.46865728
17.832233	-9.184952
18.186085	-8.031001
-8.8718605	-8.129631
-10.255687	-5.207358
-0.28377843	6.7860584
1.9066643	7.1967955
-8.95657	-4.637835
-4.048445	-5.410292
18.762691	3.0615883
12.351395	2.6751618
-8.402285	1.5467274
-6.0774727	4.5510793
-4.1381817	-2.7596693
-5.0204153	-3.1099946
6.256094	-6.130498
5.586267	-7.452142
19.269436	-1.8957884
17.38203	1.5813491
4.073702	-3.8648915
4.450283	-0.8898847
16.028816	2.2457933
15.519547	4.726803
11.841494	1.3661965
12.319214	-1.8212843
15.150428	-10.428629
16.24849	-9.571776
-7.001169	-0.6899103
-5.952551	3.151249
3.9697845	1.7658443
0.22548783	3.805488
-8.3753195	-2.7250073
-7.1216793	-1.6769278
11.437265	7.7216463
9.501391	2.4132705
-16.566652	-1.8550885
-15.849489	0.35712242
-10.869239	-0.7992835
-11.650761	-3.0430253
-4.4182196	-15.54016
-3.3126984	-14.848692
12.474643	-2.4268265
10.19569	-3.5450904
-5.910658	-8.758116
-3.7691088	-6.8497777
6.6542273	-5.5614924
7.4554405	-4.6294904
6.6805596	-0.9687091
7.5700564	-6.1942487
13.452635	-17.09814
14.4629	-13.865255
-16.783958	-4.99706
-16.62939	-6.1109395
-3.9434807	3.5253944
-3.3909926	3.8420322
-12.757362	-4.1348205
-15.571447	-1.0552855
8.456805	-11.398565
-1.1094612	-1.7374202
