-9.418953	0.4599303
-5.1244073	-1.2970328
-13.399481	1.8930831
-11.47817	1.4436554
-17.992586	6.4054136
-17.284334	4.85588
6.299496	-7.501484
5.298254	-8.90864
-18.50969	2.724759
-19.593327	4.126319
-9.731495	-3.481392
-8.172731	-3.2676125
5.693088	4.1138453
3.251669	5.013574
6.724723	14.896806
9.202694	11.433707
-14.756832	7.0456953
-14.405835	5.010615
-12.262788	3.2770984
-9.429245	12.469537
16.252892	7.341841
14.025004	3.789226
1.4734423	-16.449293
4.398496	-13.624418
7.4309916	0.4588733
11.835876	3.0486495
-18.327206	0.8435199
-17.865274	4.6790137
0.7770694	4.252445
2.8283255	2.703667
-8.226843	8.112106
-6.274119	5.9028616
-10.44086	9.814522
-12.159439	6.103265
14.297655	0.305367
14.409083	0.2817192
-12.722492	5.6090198
-14.91974	5.5348706
1.6108232	1.6753268
1.9977571	2.2227266
9.3716545	7.4118223
9.223269	2.6893182
18.130615	10.525385
16.56976	13.27073
-8.058996	5.6670127
-9.883877	6.4785843
-0.9788556	13.429173
-1.6356748	9.62469
20.775362	13.453906
22.226685	12.9632435
9.188244	-8.4399805
13.332483	-3.8012378
14.204702	13.758864
12.498474	12.90597
-12.496069	7.59436
-11.8376665	7.7218122
-2.023705	-3.3381069
-1.7946491	-4.2864676
-8.725501	-3.0237703
-9.883704	-1.968833
-12.545059	-0.19570634
-14.512136	1.9751647
12.233784	-8.930095
10.126261	-3.1541471
-13.592632	-0.83686876
-15.275239	0.18351775
-1.7401935	-1.2577276
-1.6347454	-0.69422704
8.705773	9.2975025
4.551601	5.3459706
13.219941	12.723378
14.032791	18.493025
-5.8451095	2.8937614
-10.583628	-0.42084083
-4.3170786	7.368324
-5.253912	9.187249
17.317537	6.89697
19.333902	8.634121
11.515113	-9.12979
5.448412	-13.571569
11.448597	9.731293
13.46962	10.741222
-14.278891	5.3640394
-13.5217285	5.289943
-0.90660167	-5.194716
-1.2518955	-9.309068
-10.786884	1.3625172
-12.317816	4.9548726
-13.6532545	4.360866
-13.037234	0.7420678
9.917267	-9.104048
8.458355	-12.185322
-14.559108	2.8098876
-15.690929	2.4382882
-2.218559	-5.0810714
-2.3786888	-6.7560997
6.592471	1.8165519
4.2658153	-3.3542082
14.0405245	12.313244
13.34385	12.780367
-13.880756	3.655323
-13.709629	1.9722425
-3.4152532	12.618111
-5.2076373	9.249101
22.798008	9.190462
20.593962	10.649735
9.610617	-14.759577
6.6966457	-17.551613
12.257288	3.9560575
13.699178	4.916737
-15.308139	5.7941775
-15.417372	5.449573
-4.9600825	-10.6757145
-2.8070874	-11.242083
-9.698855	-2.897842
-12.477403	-6.4343987
-11.9264765	-3.1148832
-13.157008	-3.782073
5.6791573	4.8598385
11.120771	-17.209427
-16.664352	0.03296542
-15.778932	-1.663123
-5.809985	-6.693469
-5.192881	-8.264273
7.4672446	-6.7874703
6.412674	-9.24116
9.153151	2.4435678
9.657101	7.2814765
-13.39399	-4.157243
-14.343724	-0.5004105
-6.4566092	10.010227
-5.737458	4.00017
14.937171	2.2304044
16.765173	2.8210952
7.604519	-17.963879
8.232325	-15.5434475
7.690716	1.0026093
6.0123315	1.4745722
-16.3314	0.6833401
-17.26173	1.2537575
-3.1763067	-3.9281013
-1.0815523	3.9825077
-13.364698	1.7612507
-10.216467	6.456562
-16.123127	4.8718476
-16.05388	5.8585668
11.165342	-5.4687457
13.156363	-1.2781606
-15.194701	2.1412964
-16.267012	2.810109
-3.2578285	-3.7591197
-4.4939814	-2.1399307
-0.44166946	0.9247869
2.266323	0.2623734
14.638708	19.562006
15.543361	22.321594
-13.315951	2.1165297
-10.571727	6.2168927
-0.93872213	16.873993
-3.8130264	17.06843
21.296152	12.854759
21.943565	14.365901
11.2096815	-10.664354
11.157911	-9.084862
14.4639225	13.209265
12.683371	15.18939
-17.591757	6.194836
-16.982388	9.432846
2.8272843	-2.8082404
-0.12211287	-5.1331253
-7.8015037	-1.6695398
-4.1100183	-0.47376657
-10.993144	1.2613087
-8.046825	-0.78181165
10.621775	-7.364113
9.200112	-9.311464
-13.175914	0.22402537
-12.911239	-1.5388074
-0.843776	1.2407815
-1.6189728	-0.46125078
3.1887414	5.029109
7.0534906	4.501024
10.206803	15.081372
14.251953	13.410694
-8.902733	-0.83402497
-6.8457904	-2.4447577
0.13600898	7.7835345
-4.138892	5.05929
22.161566	11.619193
21.303913	8.019037
10.259283	-11.588366
9.22616	-13.967272
14.694275	8.779663
15.527073	10.822416
-12.752155	5.873382
-11.836838	4.200245
-1.0915229	-4.9608126
-2.3043294	-6.429758
-11.845082	-4.301939
-12.130754	0.20180675
-13.297792	-1.2397258
-13.628092	3.9596121
17.856165	-11.453462
15.264946	-11.28875
-11.5264	0.35533634
-13.306393	3.958842
-4.9797697	-2.5858006
-5.3738985	-1.6930819
12.193422	4.473402
11.983702	5.6430855
15.687674	13.541658
15.811471	15.576402
-7.257002	6.983911
-14.990586	2.04385
-1.4231963	12.490473
-1.0985999	10.507835
22.880642	12.430773
20.573612	10.771983
12.078653	-15.354177
14.800941	-11.9591
11.092082	7.791524
6.6050224	2.9703603
-16.513498	6.543561
-17.357397	4.0828714
0.06847274	-11.706157
1.0996933	-10.028079
-4.7289157	-6.2566876
-6.00801	-5.6556025
-5.766581	-6.775064
-8.351311	-4.6538115
8.705888	-14.643523
10.991707	-14.9823475
-6.094418	-3.7194893
-10.49131	-8.456708
-1.536918	-9.52556
-0.16288865	-9.785897
7.1121893	-8.962938
5.0551543	-9.225168
14.097435	-1.4434631
13.49635	-3.140866
-5.635311	-9.504315
-2.0332308	-10.339099
-1.7623436	-2.3724856
0.42052197	-2.1904297
16.742687	-3.3840716
17.522171	-3.6590092
7.7091556	-18.033066
7.3805685	-18.23077
11.92477	-0.8310195
9.97913	-6.3399916
-10.185858	-3.4348817
-8.52128	-5.220441
0.14954978	-4.176679
3.9301734	-1.7338078
-8.193673	4.499243
-11.08155	3.7295818
-13.349749	1.5916197
-14.687017	6.1122212
10.12969	-8.443052
10.593567	-8.950409
-16.720095	1.2059317
-14.060934	0.8842453
-1.2989174	-3.4300966
-4.2833576	-1.7744138
8.04891	1.492035
6.841071	0.36545202
14.140018	13.835653
14.431345	19.78673
-14.144014	3.9228516
-15.417894	2.538217
-2.2945657	13.228866
-3.615467	13.948999
16.737373	15.471109
15.828219	9.501139
14.260875	-10.403201
10.253946	-12.227642
13.164333	5.5648613
11.015287	5.771531
-17.356506	9.425798
-17.844473	7.839717
0.006256342	-5.79639
2.1549525	-10.206657
-7.7688193	-3.0952349
-7.737663	-8.343246
-13.177801	-5.4374003
-14.079142	-1.8984677
13.069893	-12.94257
12.125706	-14.08988
-15.085184	-3.7791247
-15.360657	-6.499727
0.2905944	-8.240969
1.6665332	-7.2855506
8.69743	-2.3819613
7.084893	-3.0351183
11.589397	7.1085744
9.640481	4.6896996
-11.056725	-1.9891652
-10.254732	-5.5732536
-2.7473845	7.322773
2.465669	6.105792
19.501427	12.050215
15.065866	3.9396207
13.730648	-15.268612
12.474591	-17.32534
10.665422	1.4642727
10.919461	3.5400014
-14.462778	-0.00810957
-14.806715	1.6244078
-1.9192319	-11.913835
-0.6459266	-12.572307
-11.098249	-5.947225
-10.467061	-4.372958
-13.888096	-2.1396635
-12.210657	-5.361302
10.9248295	-14.55044
10.193487	-14.475154
-15.956461	-4.0106044
-17.354017	-2.5479383
-2.8719697	-9.4454775
-4.178451	-7.6697063
6.2786603	-2.0237753
6.154363	-3.2509968
11.152754	0.59691924
13.330243	4.677892
-7.9490633	3.1103656
-7.9036884	-3.4018579
-7.0582433	-1.5276061
-7.3016763	0.6720077
19.704027	-1.6217906
19.887306	2.4185202
7.9811735	-17.26089
7.9361167	-16.458231
11.351229	-1.6062974
14.197565	1.2723827
-15.283744	-0.21727705
-14.283995	-1.6731772
-2.2618694	-8.964066
1.6788721	-9.184499
-10.029194	-3.675838
-5.787014	-2.8703103
-11.250815	-1.1321299
-12.537361	1.7495385
13.740324	-9.225715
15.751379	-3.3768184
-8.714684	-6.8466196
-11.420078	-6.219903
2.7806985	-4.5354805
0.4207754	-4.919972
11.1981735	5.8131886
9.414126	1.6361471
16.352467	10.569654
13.181817	9.780069
-11.573641	3.3250835
-8.131266	-4.058199
-7.8012404	-0.7521446
-5.4831567	3.799786
21.933449	12.997256
16.726023	8.460215
16.362244	-11.8159275
14.402397	-8.040395
14.804218	4.78299
13.430376	7.9531794
-7.944433	4.9454336
-9.966731	3.8217359
2.961146	-4.056729
-0.47985184	-6.0007067
-7.8962793	-1.9950471
-8.464019	2.8800292
-12.434776	2.8080075
-11.514561	1.6026634
13.99072	-8.907822
12.923134	-10.285954
-14.344831	-1.1425272
-15.215481	1.7321014
-2.8730745	-5.0045547
-1.6722671	-3.2280107
6.55853	-1.6123984
8.52089	3.9186983
15.52298	8.342284
13.219414	7.76388
-8.883606	-1.6467531
-8.028778	0.77691734
-5.426494	5.19627
-5.7475615	4.866919
13.8264	3.5088272
15.110009	3.3468297
9.772067	-16.040731
11.707252	-16.154041
11.698032	9.234992
11.214077	6.7309246
-12.361328	2.7034402
-11.847078	6.8790812
-0.80228484	-5.7620363
-2.4609048	-1.3409686
-5.74247	4.036682
-9.334241	-1.8779454
-9.318102	8.616683
-13.468775	2.109458
11.574548	-4.976214
8.380632	-7.9977055
-14.865624	6.0343256
-16.932087	9.939729
-7.3167257	-0.4159789
-6.1036043	-1.3232422
6.5346804	7.244024
5.7252393	-2.009437
17.8308	14.092533
11.655974	14.768346
-10.632066	10.618261
-11.161818	1.4589155
-3.1469798	13.393223
-7.138278	12.458948
20.788168	11.347274
20.825302	7.977055
9.0071535	-10.723232
8.870699	-7.731629
12.015364	15.990414
10.269487	10.021689
-11.487871	12.769335
-13.58275	6.3681755
-1.9081722	-1.0213302
-2.7838726	-2.827189
-5.3866043	-1.3887002
-6.8635535	-0.85795367
-11.979952	2.4639735
-12.075845	1.5063357
9.833523	-9.078985
9.929777	-9.803919
-14.739804	-1.7434862
-13.565235	-0.6256125
-5.2308598	-3.550247
-2.234852	-4.5021925
7.6276984	5.220465
6.5922394	3.598259
14.389713	10.775518
15.319086	11.800411
-10.194382	1.2665124
-10.82918	4.6555595
-4.6183968	13.317673
-2.4695501	10.559803
20.662199	8.667142
19.979143	7.207141
9.149366	-11.072218
7.815736	-11.516519
8.660264	7.406657
9.447095	5.441139
-15.46142	8.492596
-16.719975	7.9840326
2.0661511	1.5954286
1.0853603	0.6048809
-6.5075855	5.667373
-4.9999504	5.5468693
-8.436863	7.680751
-8.854286	10.569026
10.051476	-5.163653
12.772103	-2.8674583
-7.4510727	4.970595
-8.223058	3.526256
-0.88365567	4.0047874
0.22521287	1.6038766
8.6855	9.288491
6.6906414	8.916861
16.030981	16.97834
11.360317	20.6639
-5.2807717	8.11257
-6.2905207	3.9676893
2.7824824	11.644189
4.5539446	13.357617
21.161987	15.021137
20.150156	13.432175
11.270596	-8.847062
12.793163	-11.663439
13.896742	16.778255
13.674423	13.381722
-11.984945	12.821603
-12.940668	13.277788
-3.571177	-4.751064
-2.9566	-2.7361972
-8.860227	1.7976242
-8.692064	-1.471796
-13.25094	6.6952133
-13.011673	1.574816
9.355127	-11.984203
10.137176	-11.532498
-13.073597	-0.45782053
-16.331343	3.4537094
-3.2909138	-2.773494
-4.4209747	-2.6305313
2.916614	5.7395706
5.1437917	3.716065
16.580906	4.7360516
15.250149	9.217258
-12.570904	0.66341746
-12.066587	1.5565122
-0.8381505	4.2461495
-4.9708195	9.5894375
23.60601	10.280207
20.628168	8.087241
6.87961	-16.484398
8.397171	-11.986554
14.971737	10.525279
12.648945	9.664448
-15.287347	7.4208784
-13.279804	7.7051144
4.4508457	-9.889135
-0.43272567	-5.5751114
-4.0725718	-5.6930275
-4.315139	-6.888891
-9.8931055	-4.484884
-11.576427	-5.4075327
10.004095	-9.860173
8.031879	-14.321409
-14.806623	-3.730828
-11.676784	-7.5638094
1.0309584	-7.8076744
1.0687006	-6.0823965
4.591825	-4.9276433
4.5277224	-5.4090962
13.522453	9.040321
11.64187	-1.3803798
-7.9802637	-5.988682
-8.2578535	-4.098309
-6.8273153	-4.830074
-5.168272	-5.6049414
18.407986	2.7952342
21.882425	3.1124845
9.214756	-12.317747
10.76118	-12.2564535
13.663216	9.774568
13.674074	7.320212
-14.120768	0.7228632
-10.6982155	-3.1615236
-4.380364	-4.11972
-0.5207205	-5.421263
-9.739621	-3.694086
-8.55125	-3.4765873
-13.17869	-0.43792057
-11.841149	-1.0721947
15.354175	-11.188991
13.470384	-13.347763
-12.508533	1.7491624
-12.006899	-3.042951
-0.2898245	-1.4183619
-2.1046517	-7.6879854
9.981794	-3.4348888
10.574927	-1.7756503
15.792318	13.093503
16.11586	9.188345
-10.2867565	-3.9351666
-10.942023	-2.3972359
0.343004	8.795624
-1.0779085	14.62402
20.035313	5.864502
20.13455	5.1227794
12.916038	-11.328615
13.562649	-13.285924
11.914851	3.9341831
9.792095	4.044408
-19.335667	5.015481
-17.115746	3.7583635
4.0612173	-2.2611475
2.944399	-1.0587081
-7.0732365	1.8543687
-10.705822	6.927467
-10.775948	2.0891643
-13.481329	8.655567
13.282305	-9.216779
11.219454	-11.688672
-12.813442	2.349215
11.437963	-2.088891
0.9213495	-1.598716
-0.15741694	0.72467726
11.28066	4.3092794
9.805927	6.536728
12.626635	12.297153
15.036345	16.458282
-7.541178	0.38337976
-11.469556	4.4762235
-2.213387	9.8377285
-3.5569808	14.311844
21.927032	10.8792
23.04687	15.824327
13.553691	-9.3050785
11.7186365	-6.4692626
14.582461	13.715177
12.939238	12.872835
-12.018222	6.120077
-14.106019	11.342112
-7.137966	5.1834927
-6.704445	5.009949
-12.283974	10.644035
-13.083071	10.151785
-14.34143	10.31304
-15.254792	11.068449
10.981927	-2.5116682
11.192171	-0.52365327
-16.209877	5.103855
-17.65106	8.812361
-8.428267	5.0225825
-6.232997	3.4782917
6.7081494	10.54401
3.9931858	7.665998
17.200886	26.535168
15.973374	22.146214
-14.007137	11.893082
-14.222906	10.266779
-3.7751954	18.630602
-5.4319386	19.509209
20.167107	14.608277
21.662794	13.853366
11.1609745	-5.825479
11.145429	-4.8635693
12.139081	12.892523
13.409998	13.758619
-18.41597	13.257479
-17.023762	13.191
-0.84570074	-10.4447155
1.2394221	-13.926499
-7.913269	-5.21723
-9.983491	-6.088166
-14.04605	-1.7049603
-13.185014	-1.5779527
11.897944	-15.567772
12.796177	-17.303638
-15.534735	-1.1980833
-14.456741	-6.4902167
0.3553623	-9.589232
-1.9225813	-9.450788
7.759489	-7.98093
8.686089	-5.242148
10.152412	-3.8836846
10.324859	-6.002464
-11.473394	-1.4249163
-12.095242	-2.7557797
-3.135528	1.2633444
-5.1832614	0.46151423
18.281055	-5.355838
17.180876	-6.2123685
9.333821	-20.666529
6.556556	-19.59981
8.724641	0.85016114
11.864357	2.1029544
-13.249878	-1.5078707
-15.484079	-1.5592098
-4.4133034	-5.7929215
-3.0245998	-6.423463
-12.1768055	-0.49115112
-9.652085	2.0859928
-16.350204	1.6378944
-16.005177	2.6316924
8.04976	-14.189914
11.751759	-13.158525
-16.795588	-0.6659514
-17.707962	1.5576808
-8.073739	-7.2454834
-7.407233	-3.5697591
7.743223	2.4737983
7.2845154	5.0621805
10.5863285	6.080867
10.569778	5.75951
-14.433663	1.6256862
-13.71586	2.8572865
-11.066022	6.888118
-9.631032	5.952442
15.318989	0.23270047
14.630499	1.0569462
11.795467	-17.997562
7.053259	-17.79762
6.034754	-0.16074264
5.514146	0.79550445
-18.525234	3.2473214
-17.071733	5.9757385
-1.4508222	-9.097457
-1.1382524	-12.616675
-12.649874	-7.35756
-10.450706	-4.8051834
-14.715484	-3.3287241
-15.346148	-7.048215
5.99324	-18.885708
6.041281	-14.029808
-15.734579	-4.9378786
-14.4798565	-8.314614
-2.7370229	-12.611744
-2.3074548	-9.782268
6.8083057	-7.174517
6.678791	-6.3372226
12.558278	0.1719744
12.867464	-0.3948441
-13.796053	-6.7685795
-14.178773	-4.4504285
-4.2310343	-2.5944393
-1.6311429	2.7389464
17.211079	-1.5158106
20.07697	4.325941
5.5086737	-18.585201
7.411495	-16.580725
12.398851	-0.5528482
16.731524	-2.1691499
-16.753796	1.5851921
-13.292837	2.595223
2.079565	-0.9197028
5.3586264	-0.05166748
-9.78817	2.6362758
-10.679126	1.2685845
-14.427444	2.1884487
-12.859772	4.642635
17.725975	-5.133648
17.11685	-7.007228
-13.767373	4.8955426
-12.810431	-0.42605293
1.6208456	-0.16365784
2.5571308	-1.1644309
12.798681	3.8884392
9.20769	0.4020651
17.986565	16.726898
18.3875	18.558825
-12.50991	3.544159
-8.816938	3.2993987
-1.7731248	11.038584
-2.257384	9.3417225
21.273684	13.140013
22.375927	7.998446
18.398775	-9.159525
17.969122	-6.8016024
12.446983	12.038248
11.484556	11.293701
-16.749699	9.975571
-15.044872	6.8038416
3.2802272	-7.2928853
1.4566197	-8.363957
-9.948464	0.23820803
-7.495041	-2.3053532
-11.727926	1.1718417
-13.67721	1.3827453
11.792482	-10.834494
11.34495	-8.681456
-15.097099	-1.6273985
-13.748007	-2.4600883
-1.2130014	-7.518403
-2.8260412	-6.521947
5.6945677	-4.377162
7.5191917	-4.338323
14.022726	1.4492271
13.692444	0.79997265
-12.04934	3.1991613
-13.096609	1.4893887
-1.8094764	0.79429555
-6.835368	3.1916227
18.486704	-0.17174661
13.573555	1.840842
7.7407446	-11.348022
8.651405	-15.60899
10.918268	7.5573745
11.588441	13.498184
-12.816713	2.0535507
-13.10677	3.6108646
-3.2439094	-3.3167863
-1.6419352	-3.0375762
-8.965602	3.2571201
-13.091834	4.265726
-14.33132	3.0012727
-15.974408	9.53307
15.858475	-0.5920086
13.269396	-5.229732
-14.100576	0.80178034
-14.957004	1.0160697
-2.1902242	-2.612432
-0.8946004	-3.5804315
11.5550995	5.625217
9.220162	9.225007
20.152863	18.602207
17.25246	16.782118
-14.884546	5.9845014
-12.063963	2.805495
-2.684297	15.475067
-6.191066	11.627026
23.804888	11.178707
25.276617	14.284193
10.068214	-10.793558
13.2589245	-9.548518
13.560458	12.872013
11.778673	12.566484
-17.623146	10.280483
-18.512127	9.906303
-1.3678071	-5.5635567
-1.448199	-7.189119
-9.544144	1.8525603
-8.317559	-0.06422514
-12.219185	1.3516713
-11.8217	0.8505634
13.607568	-13.371239
9.528714	-13.939178
-15.578126	1.5440041
-12.753061	-1.3620756
-4.161331	-3.755652
-2.8430223	-4.677833
8.14987	-1.5969889
7.5728126	0.32393885
12.168665	6.822353
11.0399	7.700471
-9.095753	2.653963
-8.168996	0.5839342
-6.2645044	5.8040457
-4.7112217	7.2223396
18.031013	6.8534093
20.400484	8.714106
8.856652	-15.5467205
10.001623	-13.999975
7.728426	4.4580708
8.054443	5.0040674
-11.093525	4.8278704
-12.818834	3.9794097
-1.458396	-9.05437
-2.2094202	-7.7165174
-13.412077	0.16002989
-14.495958	0.5552357
-15.215488	4.0495186
-17.237106	1.7134812
10.095635	-11.222218
10.117211	-10.184527
-20.358303	2.7928712
-17.972326	2.7587066
-5.697644	-7.393684
-2.9727201	-7.478891
3.6472034	-2.611029
4.8178816	-2.6437576
8.619752	11.183257
10.08239	9.270602
-15.401746	2.1047697
-16.458849	2.7822938
-7.657611	11.090733
-4.659998	9.612583
21.979729	9.279538
20.41411	5.610795
6.9308424	-15.294723
8.574732	-15.895333
10.73733	7.7357526
10.443533	5.6507435
-19.494373	5.073752
-18.596998	5.0006447
6.8692074	-2.5095441
2.980706	-4.6464863
-0.98189807	-2.524517
-4.805455	-2.685631
-6.7689414	-3.39578
-7.224806	-0.72235787
14.653675	-9.9695215
17.526281	-4.320939
-5.1229496	-1.5452675
-7.3040295	-1.6204083
6.849511	-3.257923
10.843932	-2.657999
14.557443	8.176894
11.239746	4.427026
13.084199	14.120025
16.856455	11.765354
-6.297863	-0.63032985
-4.1342564	-2.023267
7.693549	8.94672
5.4629154	4.810293
21.332783	14.117862
22.42523	7.9945498
15.255634	-13.0204735
10.696995	-16.603325
12.9590645	6.664531
17.200277	11.950209
-10.777166	5.39844
-5.433148	1.2237924
-2.360921	-8.955872
-5.865085	-9.507678
-12.026962	-4.217022
-12.881461	-4.090954
-14.527501	-3.4005113
-14.413597	-4.4817004
10.924307	-13.88074
10.381512	-13.277727
-12.255793	-4.6392446
-14.408468	-8.21698
-4.3373404	-3.6159382
-5.296813	-6.442105
5.3071365	-3.1373105
4.6290255	-5.9159102
9.400532	7.579282
7.640746	5.568984
-10.830706	-4.4014215
-12.62509	-2.2675037
-6.812275	5.213428
-7.31754	4.8429737
14.48953	4.3669457
13.038088	4.148827
10.946039	-10.680479
9.774805	-13.860725
6.1840167	7.005026
6.7288284	2.958498
-19.0364	-1.4246359
-7.2215037	-2.8823252
-3.1210318	-3.8073745
-5.308572	-9.044498
-12.552153	-1.6522007
-13.2072735	-3.3164754
-16.976963	-5.248364
-16.264864	-5.1942706
12.4829235	-11.954437
12.564564	-11.938063
-15.440271	-2.8453867
-17.79911	-0.66219985
-4.811535	-6.944103
-3.8255968	-9.126512
5.297597	0.61668915
3.5770102	-1.0066354
8.430867	11.768367
6.565615	17.190218
-13.132366	-4.4752164
-13.443747	-4.2094636
-7.6358256	3.2577949
-7.494215	5.634489
16.837822	12.436285
12.64629	7.5099516
10.673863	-15.195972
8.761766	-16.821041
6.9431334	7.644992
9.787636	11.702834
-13.150671	1.9272494
-17.405758	1.6184847
4.895721	-5.265671
6.114691	-5.104119
-2.0734231	-4.3971095
-3.508892	-0.90786713
-4.2530255	-2.5334013
-2.236267	-2.0318031
15.185489	-8.218597
15.233995	-7.1309834
-6.657598	-2.1413941
-4.8433003	-2.8632543
8.242229	-0.3226945
6.4192543	-2.1200128
8.509481	0.77897036
6.3431425	0.12259948
11.010685	7.4416647
13.424475	6.916375
-2.3822389	-1.5057526
-3.760294	1.0075675
1.7639973	4.756693
1.8201196	6.612318
16.240143	6.3095775
16.985897	8.303745
16.685347	-4.521291
13.295879	-5.8391323
11.131245	7.194808
10.059031	7.541193
-7.146692	2.8084517
-4.779837	2.5828595
-2.4368954	-5.5555034
-0.9093611	-1.506945
-12.449482	0.119773865
-12.45945	-1.2224625
-15.202002	0.8502511
-16.129166	-1.6254014
19.375061	-3.6160681
20.173912	0.9577036
-16.376453	-1.9088686
-17.35298	-3.4935608
1.2235827	0.6278808
-2.5719538	-1.2420454
10.10475	6.294099
7.705312	5.565748
11.581326	16.611269
9.025566	16.294437
-17.129484	-0.6627588
-15.448385	0.70696926
-6.5415277	11.505158
-5.533127	13.127422
21.038359	8.445084
19.006018	10.990232
16.21107	-7.019495
18.487537	-6.378201
10.472393	8.744091
9.943716	11.3302965
-20.027084	4.7357454
-18.444723	2.8518891
13.170165	2.4088502
9.882145	-1.6587605
-9.956435	-2.6448026
-9.578965	0.102476776
-11.16881	-1.3774978
-11.959711	-0.3195681
18.625866	0.6895828
19.727623	-3.1930993
1.1527936	4.1442466
-10.815075	0.3400042
6.7038665	0.5367226
5.138137	1.6001806
13.018089	5.920286
14.096431	1.2154007
12.094109	12.283065
10.634745	10.991135
-10.294651	1.7690446
-14.384632	-2.708399
-1.7402277	7.6909466
-6.2150326	9.259346
23.223297	13.311845
20.248077	12.321943
17.806046	-1.8795233
19.533485	-5.069319
13.258554	11.387165
11.501724	8.526138
-13.09457	7.2638617
-12.894705	4.933589
0.69235754	-6.388722
1.3706285	-3.83502
-9.315337	-3.8385258
-8.256028	-3.192003
-13.484024	-4.7578745
-12.597005	-3.948722
13.714989	-9.281109
9.699654	-7.916217
-15.061083	-4.5405593
-12.725267	-1.0654898
-3.0869336	-4.0843782
0.8071071	-2.805094
10.128544	1.6889193
13.755273	4.5036554
10.147108	23.781103
7.79185	15.370728
-14.941067	-1.3469739
-17.035212	-2.263725
-1.7379538	10.112349
-2.3328006	10.818431
21.037586	7.919304
18.651167	12.695904
9.80595	-14.817174
11.094684	-11.742218
12.75811	10.070637
12.109046	12.200003
-10.865116	1.7714672
-10.00741	4.9833384
-5.2726035	-6.1822696
-2.3133614	-4.498674
-11.767039	-0.2057023
-11.725443	0.070742905
-12.766408	2.447548
-14.099142	2.1763997
12.295834	-9.472008
10.703101	-7.459517
-16.5082	-1.7056465
-16.646652	0.31460345
-7.274442	-5.0837502
-8.268825	-2.6171103
7.150094	4.929988
7.2772	-1.0712652
9.417368	21.508799
10.148283	18.260807
-11.379987	-1.5562534
-12.411913	1.2609348
-3.0934618	8.239586
-0.943192	7.986583
15.907278	10.733584
15.288607	8.32645
13.334257	-9.128708
12.289871	-8.630156
8.361837	6.3250613
9.656824	5.903383
-14.161369	5.308339
-15.584405	3.9036038
-2.8253436	-6.6361113
1.5233078	-6.61945
-12.958658	-0.16347456
-12.966829	0.36155128
-18.67568	0.8408005
-17.909466	1.9928157
18.033186	-9.710995
13.833754	-7.7487707
-17.931694	-0.6918664
-19.440884	-0.3506205
-2.452615	-7.2110577
-3.1571114	-5.2178626
5.768585	-2.6383452
7.534847	-2.348526
3.5659099	15.102685
4.379576	13.042749
-14.670981	0.66662097
-15.495915	1.4302843
-6.174269	8.083764
-8.740727	9.011448
11.963296	8.127202
15.602677	7.929476
14.303936	-11.578644
15.300065	-13.545459
6.3539667	11.838891
6.842779	12.232241
-20.579172	3.4310913
-19.050594	5.7570086
-0.6145973	-11.239702
3.7144663	-8.380078
-6.0239444	-6.4238305
-7.9638505	-6.1962047
-9.437832	-5.93303
-8.385094	-7.763935
-5.107556	-0.49225354
11.232389	-13.125288
-9.930972	-7.2682357
-10.351349	-4.6059117
-0.086055756	-8.595588
-1.2762407	-8.68874
5.4666786	-7.190406
6.315776	-7.9894576
8.426428	1.5430949
7.1008306	0.3731001
-5.5412884	-7.104749
-7.776051	-8.3153305
-0.6220727	3.4729652
-0.65190077	5.5447044
13.574938	-0.76093566
12.494077	-1.4498686
9.469051	-18.911903
8.744066	-18.830978
8.2322855	0.962682
11.3023	4.0273604
-14.505264	-1.8539553
-8.518488	-3.1889246
6.830316	-0.2839078
5.946943	-2.9679136
-3.140145	-3.0024414
-6.6159315	-2.2905605
-9.797913	-3.1491199
-8.494491	-3.7990935
17.04602	-5.0374064
16.431738	-6.1982384
-5.2263355	0.11233711
-7.224191	0.6055162
2.5078123	1.1173027
3.9019825	0.49070817
14.268823	3.0724926
12.555682	2.1498156
16.276533	6.8804235
13.25703	6.1369367
-6.4047723	-2.773499
-4.2583485	-1.9630523
5.2479205	8.346734
6.025224	5.1146746
20.187347	9.1367235
18.601213	6.83504
19.195364	-5.379921
14.012124	-8.189064
15.426622	9.830695
13.6576	11.44058
-15.927272	2.3831255
-15.235172	1.8515718
5.368869	-6.454159
2.4738064	-7.1988344
-6.029575	-2.3741293
-8.367296	-4.206066
-9.744561	-4.1416674
-7.3782673	-4.9340363
11.929751	-8.83696
14.045804	-3.3781433
-8.43898	-1.0521568
-7.0955133	-5.074974
1.0490863	-7.0775995
2.4282978	-5.4493227
8.1046	1.6374547
8.847522	-0.01150462
12.104912	9.533422
10.213216	4.231371
-7.2073674	-5.93281
-6.232957	-5.8426995
-3.0692236	7.0332456
-4.9739094	-0.9169396
19.091438	9.976015
23.100567	14.144692
15.097494	-8.680182
14.558982	-6.830976
12.156609	6.4939113
11.700459	5.632583
-15.23525	1.2274857
-14.31629	2.8206599
-0.54988796	-2.576819
-0.091842175	-3.9805453
-10.570965	0.48311418
-6.7027416	2.488302
-13.677689	1.0249817
-14.4424715	2.7873743
10.889421	-7.4332643
11.182659	-4.937869
-17.12865	-0.4412279
-15.392757	1.2582164
-0.075701475	0.7782302
0.043266594	-1.0222623
7.2267704	1.7597046
8.442541	5.5502286
9.251708	15.755337
7.9071517	12.8311
-12.75964	3.299746
-11.683678	0.8417568
-3.8460546	10.512638
-3.2416084	7.9419527
22.5415	13.326972
21.502703	12.891321
7.864562	-11.248816
11.646585	-8.987296
10.5266905	7.5157785
9.750486	9.7301235
-17.242332	5.2566867
-13.164703	5.93902
1.9314597	-8.151316
-0.064801216	-9.785202
-6.5346036	-1.2138224
-7.7657657	-2.1116533
-10.898	-1.7919244
-11.658764	-3.935398
14.3648815	-11.489941
14.692057	-15.024225
-14.837645	-3.3378077
-12.576373	-4.264053
-4.176637	-5.244922
-0.42435625	-7.043622
8.07797	-3.6579263
9.422031	-1.6279316
13.408487	8.061281
15.384977	9.50941
-10.819597	-3.9695275
-9.9047165	-2.0692894
-0.41792214	1.4742405
-0.45688993	2.2409534
19.892136	10.364215
20.923418	11.870265
17.078693	-10.962712
13.512155	-16.085087
8.609931	2.460234
9.158699	2.4026124
-8.064333	0.87011606
-11.683192	1.5985863
-1.0984085	-5.6113133
-0.9181216	-5.51715
-10.681651	-0.090948105
-11.380498	-0.15107399
-16.3852	1.2451341
-16.323015	0.2798224
12.5575285	-10.113655
15.3730955	-5.928782
-16.361229	1.0270782
-15.568655	-0.5323409
-2.3968782	-4.8244257
-2.4937024	-3.830068
3.8851979	-1.2864099
5.8168745	-2.3994918
8.924708	10.514652
5.7623987	12.165075
-12.739407	-2.3498688
-15.692307	0.0325284
-5.56076	10.004449
-6.3456774	8.476522
19.934183	8.330391
19.707363	9.593576
13.806837	-8.113821
15.516478	-4.792928
8.2261715	8.420736
9.001599	7.238945
-20.426815	3.2982702
-19.630825	0.8392544
-2.5846903	-6.516881
-0.06212282	-5.5298796
-11.469528	-2.4635277
-10.677883	-0.3947345
-15.22263	0.0027394295
-16.136942	-2.0409098
10.656702	-13.616697
10.8846	-12.880661
-14.587287	-5.75731
-17.124004	-3.3824532
-1.1265187	-4.7025037
1.5505297	-4.319614
6.118454	-0.9841544
7.249926	-3.1745546
5.2845	8.250347
7.4897575	10.495632
-13.195631	-3.9270544
-9.346191	-3.87559
-6.297529	3.402152
-6.049446	4.0843434
14.9839	4.460957
13.072052	4.1482215
10.715487	-11.486365
9.910919	-13.869572
4.196943	3.829726
7.0449085	-0.48210132
-17.191711	0.24535275
-13.756472	0.15082169
-0.44532967	-4.2214394
4.0160475	-0.7463177
-9.830608	-0.26868355
-11.421267	-1.1399096
-12.4107275	1.8012627
-12.783859	0.62189376
15.993107	-7.127933
15.959772	-8.020752
-7.982851	-0.062322617
-10.236763	-0.69289815
-0.61750877	-0.31896234
-2.060151	-0.7849729
13.064295	3.2707472
15.227312	1.3831444
13.698219	16.394098
15.883583	16.637846
-11.635232	-2.4530497
-13.324918	-1.4134685
-2.177668	10.377939
-1.7022121	10.141828
21.25203	14.234001
21.248074	14.419494
15.044773	-5.331875
11.931007	-7.577236
10.48769	8.46109
12.668922	14.477524
-14.531639	1.4247878
-12.645597	4.6551228
-2.387404	-8.209606
-2.188295	-7.3398037
-12.884725	-3.4113553
-11.068901	-3.6711204
-14.135767	-3.3599265
-15.729601	-2.9725661
12.501967	-9.477928
12.913212	-11.247677
-13.302207	-3.4969122
-14.10004	-5.293166
-1.2688221	-3.5934544
-4.336873	-6.52849
7.321498	-3.9952273
4.028775	-4.495726
4.9211206	4.855613
6.225894	3.7924278
-14.585073	-3.6962857
-16.0279	1.2772603
-6.6116295	2.169625
-7.557826	4.5134068
16.219189	9.526392
21.28629	13.638288
13.898877	-12.455964
12.244474	-14.420585
8.368301	6.321266
9.08367	5.278424
-18.764076	3.475907
-18.192799	2.6131139
0.7307832	-8.676665
-2.8793664	-5.1700034
-14.8250265	-4.753681
-13.808714	-1.6617479
-16.446896	-1.1739658
-16.561539	-1.8903443
12.809004	-10.810899
12.457085	-11.758377
-18.079502	-0.16791582
-16.096838	-2.7619977
0.6349734	-3.6497166
-1.7328572	-3.1991599
2.4488764	1.5227966
6.133792	0.8180788
6.123703	14.243814
6.4039125	15.098865
-13.859418	1.7628349
-13.584087	0.5451999
-9.956622	12.151392
-9.056078	8.483828
17.255474	6.617908
17.429552	3.6383495
14.531191	-17.265455
8.095293	-13.488663
6.1002755	11.399512
8.353771	11.58155
-18.59514	4.3857684
-21.862915	2.8996499
2.4486907	-8.295797
3.3730593	-7.7378035
-10.673005	-3.686953
-9.621112	-6.361639
-12.481457	-2.5419574
-15.05287	-3.4885361
13.031215	-13.773838
13.237768	-13.309795
-14.556341	-5.7591577
-15.19961	-7.94173
-0.9936826	-7.985327
0.626545	-6.2264194
8.087654	2.61834
7.1272526	-2.4723988
2.8000054	5.3011155
3.9521124	8.195625
-10.975806	-5.513091
-10.194538	-4.9926624
-3.9596105	4.9527946
-5.610157	4.6421866
15.963303	9.510159
15.173075	4.986175
11.066795	-11.000747
5.7605534	-15.875981
8.677639	4.981986
8.147185	3.8603044
-14.906436	-1.8907003
-14.035345	-0.37290573
5.378789	-8.709083
6.518793	-7.0644574
-7.49708	-6.4580708
-5.219799	-4.047416
-6.5295534	-7.2843
-9.136181	-3.6628652
14.157019	-14.037344
11.127403	-16.797087
-6.360945	-8.200735
-10.151417	-5.8514986
0.47065577	-8.714334
1.5876603	-6.630971
9.303507	-7.950432
7.654446	-5.566717
5.880871	9.743142
9.977499	14.014341
-9.327447	-4.831473
-8.033888	-4.2292776
-3.5583968	3.1527286
-2.4806228	4.922199
16.407803	6.9087114
19.325123	9.649169
14.018457	-16.955587
13.730632	-17.761908
10.675034	7.796359
10.920633	5.685205
-9.023238	-1.0880647
-7.7492237	-1.2509408
4.5817747	-7.736571
3.74466	-5.352653
-14.57894	-4.7325926
-6.5109773	-1.8988605
-10.393667	-4.46614
-15.659422	-2.6986616
15.037435	-3.9992921
13.835192	-5.912321
-15.99037	-4.031287
-17.008537	-2.0954509
-0.14483988	-4.2796917
4.017565	-3.0047493
8.76216	4.194144
9.509432	0.882092
12.596257	12.53164
11.807883	13.579548
-13.236364	-4.1561627
-12.599735	-4.3150835
-5.339169	6.5225677
-10.057655	8.780872
16.441689	12.806294
17.696835	11.769976
15.519027	-8.909441
14.860663	-12.06291
11.570858	6.2225313
12.490183	5.2078476
-19.34231	-0.12957859
-18.056137	0.9058008
7.1112423	-3.7679167
8.96555	0.2717923
-6.3682475	-2.12579
-9.85892	1.2988222
-8.178719	1.8018032
-11.272286	1.6999826
12.842623	-9.2175255
13.286048	-4.1110735
-11.988759	-1.1541005
-13.558821	-2.4217167
6.8119664	3.8112168
9.198773	4.7489986
7.4095154	2.8338606
10.459916	5.0747223
15.283487	7.8518577
13.311481	13.037507
-12.869306	1.2474809
-9.034631	2.1955962
-1.3003948	11.930632
0.49010324	9.251617
20.159647	8.887641
21.024822	10.069599
14.813038	-6.22359
13.309578	-6.080715
14.708193	11.529619
15.990081	18.308846
-15.136616	6.8449564
-16.215183	5.756786
3.201583	-1.3889122
3.9526937	-1.6633489
-9.92616	-0.7824601
-9.445963	-0.65459776
-12.790508	-1.8226029
-14.321075	2.4679022
14.313089	-8.093621
17.9011	-5.8765154
-10.576166	0.87329835
-13.873892	-1.5561289
2.8110137	-0.8702899
5.6939726	-3.2287579
12.871769	5.000064
11.974157	4.367671
8.924223	15.168517
11.145814	17.968554
-11.1797695	1.5541747
-11.241608	1.1952434
-5.0734987	9.016927
-0.9263152	8.218877
16.204605	9.72959
17.429285	13.490839
13.055248	-8.751751
13.400129	-8.896138
12.917488	16.050304
13.406124	13.49972
-17.870663	5.968438
-16.23034	5.98043
6.950713	0.19049037
1.4337862	-5.823927
-8.887205	-0.1546005
-12.249445	-3.9875808
-13.422995	-0.32661724
-14.386768	-3.1987107
16.443233	-5.5601854
14.016161	-10.544437
-8.679018	-1.4884542
-14.11702	-4.7782674
2.843915	-4.3492527
-0.83913255	-5.0921326
7.270607	-0.09015638
7.142809	-1.6897444
9.168236	14.145467
5.6947517	10.640801
-10.863168	-0.802156
-14.354252	-1.4990782
-3.756979	9.783589
-8.139815	6.4099703
14.858743	11.146417
17.337414	14.9680395
16.063177	-3.0621905
12.30311	-7.8637033
11.590906	8.510191
10.995667	10.054309
-10.467926	-0.016593456
-10.683343	3.782305
5.9813023	-4.0220137
2.9898033	-2.436557
-12.034552	3.8472338
-11.530044	5.5996513
-12.47449	5.127686
-10.310817	6.941333
16.103806	-2.3684368
13.177001	-5.4677405
-13.732208	1.6757674
-15.0994835	0.90550697
1.723254	-0.3957895
-2.6123168	1.1752175
5.168603	8.50409
3.2054434	3.385943
12.039404	12.42009
12.830429	12.454215
-12.821325	4.060294
-11.907342	3.846884
-6.6307545	11.14275
-6.500493	11.859437
17.82663	12.676761
16.659443	7.932933
14.292807	-10.910066
12.986938	-8.417889
13.141577	11.976669
12.594976	12.380262
-16.642712	7.9535847
-15.833163	10.064028
8.548178	2.4018598
7.436163	-0.22293274
-2.0756557	-0.47265887
-2.7425776	1.4790143
-8.550606	1.0099151
-9.318459	1.7969048
20.156075	-0.7479496
18.732265	-1.3506188
-6.85575	3.0483642
-7.8791304	-1.3775605
7.344312	2.0744743
10.526239	2.8384552
14.21026	5.6545105
14.409385	8.716497
20.307846	15.260292
19.020538	13.733701
-4.1164627	0.87541395
-2.5050552	3.9834042
2.4567513	6.423864
0.7815118	8.826122
21.773346	15.977994
21.84108	16.830456
17.216408	-5.9540186
16.739216	-9.109974
17.280348	12.09428
14.542753	16.140106
-8.843469	8.433844
-8.031382	7.2006025
1.701462	-9.122321
3.844953	-8.646371
-7.108536	-2.9353602
-6.8318853	-3.4832783
-12.222685	-4.044753
-12.478321	-6.1082287
13.982082	-9.007002
8.691219	-12.510014
-15.678596	-5.6664677
-14.571583	-3.760144
-3.4393103	-6.7268877
-3.559904	-7.338437
9.552256	-3.7990506
9.773496	0.38740325
12.2579155	8.531869
6.695006	2.2759242
-9.039729	-4.2493076
-9.748205	-4.540369
-3.4457595	0.5678977
-4.597127	1.4174441
21.493013	7.4292135
18.608639	2.4297528
15.959085	-7.076746
9.747392	-13.518513
12.71383	5.2559114
10.275682	3.4437032
-11.624146	0.8951489
-15.876032	-5.3999467
9.542452	-3.6211472
9.882474	-1.8507435
-0.0649755	0.8515309
0.7955463	0.34397322
-1.8715103	-0.7246103
0.8454721	-1.3325526
19.989914	-7.693649
19.642324	-4.1780095
-0.8165588	-2.5938804
1.0467144	-0.94465923
9.33309	-1.7024261
12.931576	-2.4067533
13.778849	2.744633
14.578215	2.9636998
18.529335	7.4119787
19.380003	5.472925
2.90267	-1.6547757
2.629391	-0.14513361
6.3404026	4.3721676
7.4679995	3.9958544
21.386402	6.1969295
20.926281	6.1557736
20.452923	-7.3167744
18.328747	-7.6033764
13.135199	11.708597
13.372281	10.170381
-5.830009	-0.097702265
-3.6992404	-0.49181604
-4.6249285	-5.9707236
-1.2831091	-2.6604228
-10.237043	-3.2345679
-8.443328	-4.570714
-13.665842	-4.503802
-12.709032	-3.0702877
11.686755	-4.1310997
9.818517	-6.3607035
-11.452496	-1.9973383
-14.997311	-4.59177
-0.33219516	-3.748242
-2.299632	-5.0156045
4.871976	0.43697768
5.282556	2.5115294
9.75026	15.290739
10.282775	18.639242
-9.936893	-3.1686554
-12.910595	-1.6016123
-0.59449625	4.762439
0.94668484	4.9725213
16.595846	8.927066
17.118416	9.668043
5.346793	-7.098461
11.315838	-2.2732882
11.093586	5.995295
11.458476	11.863882
-9.525175	6.553095
-15.463597	2.5598068
-3.817022	-0.504191
-14.22478	1.685737
-15.908323	0.47166714
14.541898	-8.745299
-19.620703	0.72349656
-6.5338993	-6.5712276
7.715257	3.2220798
9.905856	16.3904
-16.536476	0.4486944
-3.757542	12.533116
22.732185	10.906772
10.172131	-13.484175
8.526842	9.21568
-21.588089	6.2254953
2.4156077	-3.2940974
-7.883276	-3.4720592
-14.632961	3.1884391
13.710272	-8.486043
-13.840976	-2.0121627
-0.61926633	-4.485175
7.4115257	0.87477535
15.974934	8.590367
-9.844983	-0.43062913
-1.0270627	5.4193096
20.549177	7.664624
9.671621	-14.890472
11.823067	8.876758
-13.891045	6.751341
1.5967282	-4.7780566
-10.960179	0.26065654
-16.333412	0.82173574
15.727391	-8.87964
-18.428108	4.1538897
-3.7426748	-4.423606
12.802071	0.408939
13.429291	14.737315
-13.489106	-0.5079961
-4.9506607	10.5720415
20.842102	7.4856296
14.388643	-10.009062
9.10237	5.815461
-16.436424	8.05305
2.6496515	-9.148361
-6.7249036	-0.3486576
-8.885643	-0.49648383
11.053764	-10.21781
-9.037503	-3.1366925
2.8606465	-7.7361994
9.1692295	-3.8313274
13.089298	1.4398421
-6.829266	0.8777969
-1.4289563	2.5983553
16.369946	-1.435231
8.527957	-16.011993
12.301004	0.63674647
-8.941694	3.2242079
-3.8816464	-4.3290744
-13.146191	-0.13823718
-16.1688	4.226031
11.052521	-11.185532
-15.862926	1.1074756
-4.3795533	-8.071263
5.6931396	-1.7570568
11.255137	7.6667933
-11.5240965	2.7323747
-6.0661063	7.8125143
19.831097	7.5200634
11.919579	-12.287568
7.8306074	0.044309318
-15.661579	4.356903
-1.6116269	-2.619303
-6.683445	0.9880864
-12.170769	1.7961903
10.365974	-12.48987
-16.047886	0.0136704445
-2.2537565	-5.5979004
6.8790836	-5.4970684
6.0372458	10.034851
-11.457206	-0.55461663
-1.8590286	7.267071
15.800031	4.8900957
6.7210393	-15.579542
8.478312	2.632511
-17.107935	2.9704945
-2.4972377	-7.6626225
-11.965408	3.1360722
-15.300657	5.636892
10.696302	-18.622822
-18.518166	-2.0348284
-3.0095074	-4.2459555
4.4302773	-0.7371384
10.905544	10.824186
-12.195708	3.0743637
-5.1358323	1.0529598
19.243422	3.3773115
9.454	-19.054712
10.985989	9.256221
-19.090565	6.6099234
-2.2863522	-6.1544156
-11.012358	-4.134203
-14.154673	0.324777
12.458303	-13.573132
-13.398674	-1.485308
-5.131315	-5.398582
7.1631327	3.03975
12.166435	7.462917
-14.535636	-1.8110665
-3.4152062	8.001626
15.690784	2.1018848
9.5042515	-14.987298
8.880482	4.8370743
-14.653967	0.9888468
-1.0408366	-5.637537
-5.718704	-0.7985489
-14.431948	7.4750056
9.860411	-11.722167
-17.564102	1.1432611
0.4305668	-6.067012
7.563071	0.04961042
11.496681	5.425475
-12.256809	4.463084
-6.8582745	5.427082
17.819921	4.200646
15.052015	-9.245705
9.681059	3.3381429
-16.187729	4.0731716
0.49165547	-3.21601
-6.41185	-1.183744
-9.914635	1.5386027
12.030247	-4.782627
-11.231734	0.71355474
0.08331764	-2.2180943
10.188278	4.9088945
16.580847	16.585073
-5.4169087	0.8699796
-0.94772744	5.7795157
19.380697	7.641231
13.2818	-11.81649
10.7355	6.8178205
-6.1684585	1.9546852
3.6097708	-2.5311127
-5.1648664	-1.1944985
-10.454269	-0.67594254
10.252662	-8.319429
-13.064411	1.9918375
1.631929	-2.4139087
9.049371	0.9261153
14.607899	8.968128
-7.6548243	-1.697616
1.0515332	6.9055033
20.393402	7.7068424
12.862261	-11.205533
10.183854	5.158808
-9.776211	-1.301224
-0.37837732	2.978769
-10.532948	7.1864696
-11.359221	9.151103
12.651836	-2.490752
-14.962732	5.8334813
-3.4776726	3.7942166
7.3526425	11.897292
19.95976	23.439766
-7.6965775	11.639324
-1.1176636	12.297938
22.4306	15.100525
11.528074	-7.582164
9.648764	12.482116
-13.249532	17.708202
-5.0052276	-0.8436278
-8.820206	-2.4716816
-11.3039875	1.4265217
15.874104	-3.4767675
-14.513157	0.24216294
-5.2165813	-4.718666
9.899632	2.0865057
17.048475	11.47933
-9.918467	-1.6444104
-4.4225035	3.0009031
20.846386	6.7692356
12.072947	-13.185282
8.020281	0.6098548
-12.171769	3.7047327
-2.1238132	-4.492348
-10.394711	-1.6315992
-12.7265625	0.62430996
9.794986	-13.0613365
-14.3950405	-2.1517422
-4.8481054	-5.3203096
6.700568	-4.727516
10.285515	8.314531
-13.45213	-0.8930974
-2.6743088	5.7606034
15.734835	0.733676
8.035395	-14.416074
11.283022	5.2015634
-13.489566	2.5947928
-0.5633142	-10.52206
-8.031479	-4.9331822
-12.513451	-3.733256
13.229332	-12.056488
-13.495985	-6.628731
-1.389262	-8.341425
9.373611	2.1266854
12.431711	5.7430444
-10.992562	-3.1675985
-3.1070294	3.3684096
20.750835	-0.1730074
9.2190275	-18.034096
12.556623	1.8403692
-14.085239	-1.1756885
-5.2592573	-6.017732
-12.369892	0.52626365
-14.739739	0.70166683
12.118141	-6.9811673
-15.553921	-0.2408379
-3.9009833	-2.4567223
11.08096	5.9422417
15.120458	10.976949
-12.9728155	0.030899495
-4.539014	3.042366
23.992142	14.133225
13.950022	-10.911352
10.243475	5.5247307
-19.227499	4.375803
-1.5970886	-6.344517
-10.270873	-5.3832135
-15.827126	-2.4042068
11.396303	-13.03151
-15.246747	-4.113264
-3.7027833	-5.9483533
6.0058303	-1.2654834
10.391861	10.276658
-12.132357	-3.227368
-4.648102	0.7772424
16.733418	6.7613525
11.625364	-13.860903
9.265553	2.2281938
-17.544151	1.1913633
-1.599646	-6.445218
-11.768942	-1.5734658
-14.494705	2.301204
11.444821	-11.505459
-16.306967	-1.0060734
-3.9700222	-7.193035
4.817945	-0.0644936
14.007193	8.43506
-11.432606	-2.5541992
-0.18754172	4.657424
18.59708	6.4799175
10.676037	-13.9205065
9.576042	5.192175
-15.312431	4.4523745
0.4228438	-6.6875215
-6.6087136	-2.3467507
-10.913218	0.36743242
13.152268	-10.482461
-8.238654	4.471062
-1.5374331	-4.9107666
10.045591	-1.3439744
15.361055	6.4780483
-9.239059	0.4353255
2.68848	5.340282
21.108173	5.202131
10.479303	-13.228071
13.239379	15.708153
-11.932468	4.9203935
2.2076283	-3.7277517
-7.916542	-1.0031024
-9.435551	-0.36331668
15.605346	-4.4089136
-9.280698	-1.7111084
1.7067688	-3.2339878
10.799866	1.9495636
13.035789	8.5141325
-11.466708	-0.39468843
-2.6227958	7.62652
18.41835	6.2696614
15.961982	-8.238246
10.617689	6.7759933
-12.006378	4.696936
-4.107399	-2.2058766
-10.597959	2.7742846
-14.93195	4.367366
10.350611	-9.919524
-11.504513	-0.15866157
-2.8095667	-5.3602457
4.905121	3.5201354
15.16584	14.094809
-10.883438	1.7550657
2.0307853	9.929539
20.447102	15.202516
12.364596	-12.398349
9.405939	7.766655
-16.973965	11.420624
-0.58902496	-7.5857706
-9.344215	-1.9857785
-12.9807205	-0.57952964
9.98764	-14.493261
-14.421906	-0.2519846
-3.4167325	-5.664981
5.2593255	-3.3561802
12.230025	9.21269
-12.761997	0.70388126
-0.62634706	3.5335531
16.750679	0.60038126
8.416569	-16.674795
9.803417	4.512477
-16.976898	3.6888952
-1.8280315	-5.5258145
-10.6287	-0.40345442
-11.118406	4.202575
12.906008	-9.736885
-14.160595	-0.42136693
-3.635963	-3.5657604
7.916363	-2.3302813
10.925407	5.3205924
-7.675458	0.68888587
-3.1607363	3.185611
17.371271	2.3134322
10.3883095	-12.846609
10.365791	7.5567813
-13.142622	8.004396
-2.5809226	-9.653386
-9.765406	-5.2268577
-12.648776	-1.7529249
8.671606	-16.695223
-12.387911	-3.3270884
-2.8565907	-10.682826
5.4298983	-7.5088243
11.730295	3.14229
-11.416221	-4.1547794
-2.8458033	0.5781826
16.472961	-7.136854
6.9262023	-18.623184
8.080764	-2.7769399
-13.228884	-1.2598603
-5.998622	-8.1744995
-6.6217194	7.1040487
-12.922085	-7.711047
3.902637	-17.123785
-16.764807	-0.70928764
-12.491637	-3.5220246
9.388927	11.1606455
11.592103	11.758499
-6.243563	0.8656194
-8.37969	9.56968
17.914204	1.9101659
6.0283394	-20.401833
12.1404	-0.007897198
-15.51503	4.5181155
-0.9816346	1.0550737
-8.467895	4.3148036
-8.820743	2.8346744
10.668392	-5.6508994
-13.22753	5.3239756
-2.1354718	-0.08422303
6.967003	10.686887
15.628717	15.249896
-6.479451	3.8080268
-1.7115645	12.140713
21.02406	11.614563
11.79993	-7.7753124
11.407633	10.45091
-12.416165	10.164051
-4.0177207	-5.3099365
-11.712915	-4.1315103
-15.734797	-3.3045127
9.196764	-10.392309
-13.644627	-5.0968113
-7.4802213	-7.4749675
4.5939903	-1.4478725
12.862385	14.162059
-14.893391	-5.2768307
-7.828286	3.608331
21.589823	7.867158
9.482803	-16.227777
9.265971	0.38513348
-20.299904	0.28994942
-4.7192574	-4.1299744
-10.424279	2.6739914
-11.343841	3.610086
11.847102	-8.2676115
-15.099691	1.5964497
-6.294849	-2.3111622
6.913869	5.272409
15.503707	13.257217
-11.504326	4.522652
-2.004939	9.52397
22.320135	13.427275
11.31777	-13.266715
10.475014	4.5212183
-14.262068	4.2773304
3.039023	-2.2678456
-6.3042626	-8.85508
-12.449427	-3.6394444
13.066678	-11.580324
-8.555983	-6.8199406
0.88224447	-7.1174355
7.6397443	0.16303462
15.420496	5.6856384
-9.747009	-0.59047973
-0.6843009	-1.1570809
20.733273	6.5906153
11.315386	-15.064129
13.977747	4.6364746
-11.688733	-1.1016731
4.1269975	-9.042019
-8.213402	-8.349749
-13.06575	-5.487767
14.038589	-12.845244
-10.93651	-6.887316
0.451307	-8.732365
4.2341523	-6.5028696
11.798817	2.0464516
-11.303795	-6.2946305
-3.5009608	1.7598836
17.4471	3.2105534
17.083088	-16.136318
8.257549	5.8020267
-15.740946	-1.2159634
-7.36545	-6.949652
-11.493157	-3.180647
-18.001919	0.9616999
6.3822794	-14.76852
-17.401102	-4.008135
-8.940241	-5.7609673
2.5074015	-2.0873232
5.4031725	12.319645
-16.116184	-0.6492605
-10.914822	10.438427
16.323425	11.8925705
7.6935673	-12.857025
9.994858	2.2551951
-16.68318	2.5133765
-3.4694867	-11.396215
-9.072808	-9.474515
-14.489038	-5.473154
6.376496	-17.699781
-15.274986	-7.6823974
-3.5445235	-12.7965975
0.70934784	-10.483437
5.2024393	-4.028148
-13.139437	-5.4660077
-8.726931	0.11475563
10.246816	-4.109663
4.7385874	-20.046019
3.555269	-4.040965
-17.288738	-2.548602
-3.1949377	-7.733793
-10.675662	-3.3244205
-12.879287	-3.4252748
11.12121	-15.781719
-13.9085655	-2.9082508
-2.9326518	-7.5326943
4.941623	-7.4840317
11.141102	-2.941926
-13.6484995	-2.5911653
-2.58897	2.133119
19.141346	0.0042302012
9.02159	-17.377762
7.8536105	4.4616694
-17.574518	0.87583184
4.4401255	-5.6871414
-8.1021805	-3.92302
-11.955654	-3.4084365
10.966921	-9.697151
-10.496445	-3.5129225
2.6515942	-4.4180703
8.483519	-5.378486
16.808075	7.6862326
-5.2743444	-2.688852
-1.9626684	1.925692
25.33906	6.4750166
12.314314	-14.219534
13.001443	3.3313754
-11.383966	-0.04990959
-0.36934853	-10.299275
-13.195303	-4.9626756
-14.399571	-2.9598124
15.084711	-8.304248
-15.42117	-6.083048
-1.8713309	-5.870242
5.42915	0.59403145
8.330178	11.553112
-14.756479	-3.8322983
-4.4186435	9.489703
16.28282	10.054074
14.109798	-12.857719
7.140478	8.450615
-19.116144	3.2798588
4.058436	-2.089635
-9.098777	3.115755
-12.502555	1.5471233
17.976727	-3.9930239
-14.829715	-0.2704543
-0.6462231	-0.3029012
12.093749	7.340412
9.887707	14.2631
-14.3382225	2.372326
-8.885897	12.756088
16.888088	12.996114
16.137026	-7.2466354
9.235457	17.916714
-15.73805	8.06352
-1.598712	-3.8956566
-9.817634	-3.3996315
-13.681073	-3.6429389
12.397879	-9.345745
-11.574701	-6.637501
-3.0624075	-8.291505
5.4550138	1.5229269
5.5541096	12.8932085
-13.552112	-4.847008
-6.121071	4.7246904
17.983894	13.421423
13.730322	-10.079929
11.227712	8.48642
-14.539268	3.3117082
10.106813	-9.0207205
-5.2303104	-3.1766508
-8.240469	-0.5378908
15.726337	-11.1169815
-9.150115	-6.9240594
3.7311938	-5.8114095
5.48175	-0.6990708
10.494829	1.6167071
-9.910014	-6.3477216
5.946251	-0.0641256
20.046646	4.8770294
14.944153	-13.420958
12.328926	9.016653
-13.547271	0.7391801
2.5534177	-0.6971378
-8.93538	-4.9186497
-9.095686	-3.7027225
14.19927	-4.354627
-7.2356143	-0.673419
3.8752975	-5.341884
11.870281	1.811904
12.485684	13.704311
-9.077212	-4.228384
-8.129943	1.0762882
19.699345	12.622173
13.021727	-10.649228
14.515892	14.605131
-11.338079	3.8264177
0.35494232	-11.307668
-10.976225	-7.3362136
-14.750893	-5.463713
7.3479366	-16.439682
-10.315873	-5.0436
-1.1585613	-8.864281
6.7900105	-5.90308
2.9470553	4.3823185
-11.865389	-5.8499894
-5.137397	1.4846427
11.719919	2.2400317
9.696228	-18.329273
8.222839	9.235177
-13.802832	0.30511522
6.2092247	-3.1628056
-4.6849747	0.7521635
-8.190411	1.7844695
15.9275875	-9.202866
-9.675533	-2.02886
-1.2069819	-0.43524313
6.238948	1.1383002
12.174642	9.040269
-10.414215	2.7894385
-2.0606246	5.0029006
15.459579	6.7582417
18.897223	-6.965322
13.010309	7.373853
-11.652408	5.8537035
-3.8327503	-4.8287244
-9.83732	-1.4098387
-9.947369	3.8732362
16.697927	-7.1692343
-16.91741	-5.495509
-4.3960834	-3.917973
8.780991	2.9746444
7.5831833	13.429374
-15.589742	-0.26289964
-8.142744	6.3674107
18.16736	15.6470175
12.321219	-15.735413
9.745289	11.178429
-14.512348	9.61331
3.468853	-1.6291798
-8.982004	2.6960492
-12.516641	4.0167246
17.276161	-1.4756842
-7.884103	0.8256897
5.3781796	2.6929514
11.756506	12.810589
7.0912986	16.084
-10.44362	0.22750369
-2.7723842	11.060686
17.811943	18.97027
18.265266	-0.20003033
10.809862	12.1418295
-13.073307	8.109688
2.2086234	-12.2884865
-11.660197	-4.75562
-13.455327	-4.2893333
10.722694	-18.003372
-12.878081	-8.248186
-6.9091644	-8.253938
5.9884768	-3.4863992
13.599758	3.1138294
-13.684555	-5.571836
-3.8516116	2.5325177
16.914663	3.593234
8.774852	-20.728878
10.179388	4.9580483
-14.78526	-3.1345687
-0.5564358	-5.309273
-8.826319	-1.9426711
-12.418375	2.2984917
17.719973	-5.177173
-11.640598	-5.861516
3.1071358	-4.512519
9.282492	-1.4682536
9.462371	9.337269
-14.549314	-2.3548727
-7.670884	1.0324268
20.556715	6.685541
16.009922	-11.415035
9.503189	5.8607254
-12.653751	3.885016
-0.9394553	-6.342452
-11.361033	-1.0158782
-17.752766	-1.4032043
13.174892	-9.194958
-11.86089	-3.301904
-3.2068172	-6.6727576
4.340632	-0.16769457
7.91716	11.04677
-13.909369	-4.317292
-6.981576	7.6641626
16.284971	9.2516365
7.739064	-12.208614
6.293264	5.0878925
-18.564379	-1.474177
0.40880328	-2.4169304
-12.327431	4.730132
-14.965299	4.302265
14.317095	-7.0263786
-8.040482	1.632045
-3.0657752	-2.1586518
9.389864	6.3259034
9.873749	10.352865
-13.49288	4.3922276
-5.4922857	10.518213
13.840871	3.2563992
11.155004	-13.389232
13.69154	13.79978
-14.829112	5.6165996
3.884478	-4.0805655
-5.842579	2.9113097
-8.249868	3.4704392
16.866219	-0.2117536
-10.938829	1.6241219
4.448145	0.17397559
12.032625	4.8718452
7.952028	10.825789
-8.8425255	4.14009
-0.89016914	6.9126253
20.183989	13.640864
14.011676	-9.468194
15.508584	12.569873
-8.883726	7.2074428
7.482859	0.38633105
-10.2416935	7.2395124
-9.362679	3.1914127
5.7983828	15.003166
-10.738839	2.7355244
5.9148307	-0.83208746
7.2095222	5.012745
9.124311	8.794487
-7.634581	1.2648014
0.54949665	9.095391
20.751041	8.808848
18.225021	-6.004369
13.551336	12.946952
-11.186155	6.000688
5.3212442	-5.6796927
-8.975592	-3.5080075
-11.043451	-6.89559
11.915723	-11.963629
-12.541873	-3.712346
1.1260736	-9.209026
12.885862	-0.71029234
11.777296	3.5588896
-10.590177	-6.9748216
-2.9565282	5.4795647
14.598429	5.045076
14.903175	-12.866762
9.364319	1.8854485
-17.20237	-0.9316275
-0.16605556	-3.7644649
-13.4892645	-4.898416
-16.19186	0.6921954
13.808215	-3.6793826
-12.511446	-0.5541432
0.3344096	-1.004957
9.222055	8.198407
5.9469166	11.965143
-14.958951	0.8399482
-4.024598	7.652884
19.219181	17.304142
11.284864	-9.207264
7.1842365	10.834022
-20.006315	2.4978476
-0.5483874	-6.924095
-11.39999	-4.868268
-14.85289	-4.620922
9.464466	-13.256757
-12.555712	-6.0692945
-0.1543324	-10.0192175
5.05083	-1.201234
1.5071774	10.4552555
-12.760864	-4.8647537
-6.635622	0.21325171
12.735626	9.484917
11.327904	-17.643509
8.291639	7.909184
-16.720026	0.52722454
2.4626737	-3.318121
-12.183988	-0.54948926
-11.63335	0.14487708
17.255411	-3.2930105
-10.184885	3.2648625
0.5640038	-2.8555348
8.677708	0.359478
9.814417	7.496828
-10.041179	-0.5883943
-7.891535	14.627424
20.278978	14.509753
10.711933	-11.318464
12.552841	9.006987
-16.171928	7.519833
5.3013606	-8.581462
-0.9894401	-3.4273734
-7.7882233	-2.8412254
14.873964	-12.571866
-9.16247	-4.0542083
5.489334	-3.617352
8.86203	-4.5758433
10.75008	2.6461816
-1.6214768	-1.6476268
1.3977447	2.8024662
13.224457	2.4624903
15.6293545	-11.456394
10.590578	3.6814609
-9.013836	0.89586735
3.2207594	0.008126676
-7.4083967	2.165395
-9.111183	1.0529155
11.878136	-3.7766829
-7.0666866	1.6672424
-0.95886886	-3.2099414
7.6947937	9.970088
12.351111	18.728039
-10.1274	1.029718
-2.564455	7.175685
18.292107	14.789735
9.729458	-8.927323
12.183217	15.236001
-12.407261	5.3162766
3.862017	-7.300327
-4.0454063	-0.726316
-6.547607	-2.7902923
9.741126	-8.889576
-5.316226	-0.51191604
8.910192	7.741704
11.608387	2.1194875
7.336836	8.4789915
-3.354962	4.332897
1.4400582	9.47105
16.330616	7.4134846
9.483869	-13.396633
11.562533	6.3578477
-6.3342657	2.2108817
-4.6755495	-3.3384109
-11.557399	2.3930407
-14.275532	1.0713539
8.257108	-9.919936
-16.27532	-1.1923219
-6.534111	-6.268656
3.2971103	7.402337
12.512501	13.555502
-15.26463	0.19040227
-10.203224	8.982735
20.618542	9.093445
8.134267	-9.867399
12.576434	5.3502584
-17.913471	5.234042
1.1257628	-2.5773323
-10.530356	-2.5853574
-13.730818	-0.2511362
13.999625	-9.037199
-6.6151543	1.0192374
-3.0573487	-5.099882
7.315667	5.6447034
8.78491	14.595623
-10.282112	-2.8586826
0.59174633	7.3588514
14.885904	2.7636197
11.731203	-10.116213
9.425249	7.616827
-17.611048	6.0241427
4.557525	-1.0563105
-5.784162	2.973033
-8.302686	3.7392807
13.966721	-4.3246455
-5.193763	-1.4666193
6.5883107	5.1309423
14.947843	13.485788
13.403271	11.996387
-9.744434	-2.0631359
-5.2029552	7.2051716
21.351042	16.893652
14.008149	-7.29386
12.845353	15.7422695
-12.932866	9.495314
-1.5085027	-5.5089245
-9.785717	-3.8759303
-12.819802	-4.6010294
12.702593	-12.322204
-10.225856	-3.1327856
-4.1373134	-3.5089252
11.696551	-0.527825
7.195139	15.036167
-12.02711	-0.91912293
-2.3546727	9.584543
18.36767	13.1629925
10.76045	-15.499137
4.538127	7.52392
-16.027472	-0.7309518
-6.653477	-5.1460743
-14.589827	-0.02767039
-13.383169	-2.1619978
13.5428505	-9.396984
-18.114853	1.4972906
-8.163734	-3.2039833
8.420185	3.7959442
7.0888925	18.324703
-14.433497	0.45174903
-6.6328335	11.173945
22.038109	10.98011
9.1697445	-17.94419
10.331054	10.123167
-18.92868	5.3721657
3.1292443	-6.0092688
-10.486322	-4.43719
-13.324234	3.1067688
11.757579	-7.081365
-13.315356	-1.4750688
-0.34551495	-9.209436
10.39179	2.9380257
17.520798	8.142332
-11.031088	-0.7186687
-5.544929	1.9439948
22.344574	5.8094583
10.122214	-9.065498
11.446333	10.028561
-14.046633	7.94234
3.9645236	-8.158756
-10.195892	-2.7016568
-10.882842	0.62099445
13.56356	-13.144985
-16.643105	0.676003
-1.072405	-3.8752487
10.898058	-1.9795625
13.127657	13.357376
-13.461651	-1.3583083
-3.2440536	7.7169285
20.065865	4.914495
12.673749	-13.756908
10.188925	11.540574
-14.83808	6.8937535
3.587966	-6.8212852
-5.890879	-2.711334
-10.239212	2.7026718
9.868561	-9.508493
-12.091814	-0.010525063
2.0047696	-7.516782
10.090691	-3.8018916
15.403269	1.577024
-6.0630317	0.5526241
1.138838	3.2461643
18.599161	3.2009506
9.012299	-13.700481
13.668997	-0.972524
-9.834792	1.8516171
-2.5768166	-3.8660975
-12.571725	0.4089716
-17.504272	0.10244562
11.762097	-7.0901656
-16.117817	0.9856021
-4.442419	-2.5883648
6.928055	0.9601908
13.135987	15.659316
-12.272982	3.7352357
-5.369123	9.97194
17.093227	5.5416837
12.01581	-9.6171875
5.840746	-1.9692113
-18.305717	3.1175194
-2.7997813	-5.5633106
-9.63988	3.3917162
-13.350289	1.3462237
9.618519	-13.904826
-16.310886	0.70118225
1.6644965	-8.074215
8.8146515	-3.7550144
8.236261	13.13312
-13.871296	3.9110603
-3.1308346	13.579121
17.503569	5.362859
6.9571414	-13.245138
9.759898	2.6331925
-15.843523	8.7124405
-3.1652234	-2.7579718
-11.870428	5.327964
-14.0648155	4.099247
8.525257	-8.994159
-18.527283	0.6104119
-4.04406	-3.3471332
6.5810294	2.479094
12.183472	9.830461
-14.193068	3.8199246
-7.8760896	2.8545642
22.345816	8.2711115
14.236704	-15.654803
12.180809	9.657375
-17.350422	5.1754565
0.25388622	-7.403695
-13.232	1.05162
-12.876755	0.36536515
12.073739	-10.898926
-14.199619	-1.8317606
-6.168661	-5.5026617
9.771917	-1.4986962
11.563197	9.912988
-15.45904	1.9691458
-3.0983748	12.951595
17.236694	5.690157
10.568979	-12.795443
8.318193	3.5835266
-14.427908	4.438213
2.2891574	-4.549751
-6.31635	-1.5304892
-14.754868	3.6546736
14.246019	-7.2388263
-15.186848	-0.73716104
-1.2189612	-6.612384
4.668359	-2.2502534
11.556763	10.278942
-13.123421	0.50763774
-5.6754217	4.6119947
17.379215	3.986464
12.515923	-12.276026
11.218916	4.0628104
-16.931425	4.115519
1.3934052	-3.550449
-7.88447	0.0983088
-12.015696	1.6719446
11.552836	-4.101639
-11.642946	0.23962665
-3.7794151	-2.8182406
9.369127	6.412319
14.315063	10.418409
-8.702781	3.6778734
-3.6426144	6.7454853
19.891226	7.4499803
12.215141	-7.1309958
13.799958	9.061111
-10.880348	6.1897497
2.6003957	-5.0162544
-5.6852384	-0.25988552
-10.188796	4.0766945
11.342943	-7.709931
-11.526259	-0.7172921
-1.0075308	-2.6456296
9.50869	3.0229518
14.6301365	11.9688635
-8.568435	2.411724
2.8220887	6.843812
19.90884	8.649727
12.196207	-7.9530334
12.291564	4.954461
-12.731463	2.1223412
0.5646398	5.8516665
-8.821393	6.819127
-8.388148	11.445283
11.240917	-0.8463316
-14.084896	8.65959
-5.4043255	2.2522767
8.464186	12.539654
19.497955	22.729687
-9.851521	6.55127
1.5010598	13.722751
20.561174	16.635155
9.817675	-5.5683236
9.644754	12.736887
-14.64872	13.831579
-1.3787388	-5.1136303
-9.814157	-2.8228655
-13.208113	0.049856305
10.1752405	-10.007643
-13.365251	-4.068924
-3.8244686	-6.9452143
6.408237	0.31219316
14.395079	8.310133
-9.378345	-1.8439457
-0.40256143	5.475398
22.067898	9.0047245
12.071608	-13.267313
10.151199	4.888421
-13.575676	6.1333923
-2.306997	-5.75637
-8.809363	0.8774762
-12.584322	1.5149522
10.487458	-11.277576
-14.205333	-0.038244247
-5.743534	-7.5936584
8.680348	0.12925577
9.860475	9.426184
-11.997005	2.4683661
-8.39414	0.5469918
19.292946	3.4807982
9.600525	-12.78153
12.623354	5.9196005
-14.273134	5.1447773
0.28987348	-9.616512
-11.063723	-4.7623734
-15.749563	-3.846914
13.031953	-12.627635
-13.4886055	-5.708837
-2.0389194	-7.1665387
7.1175113	-2.9539468
11.468273	4.2057385
-9.419807	-4.0858674
-1.548696	0.5255455
17.179522	-3.326632
9.882988	-18.250654
12.617798	-0.57904315
-15.465485	0.8196144
-1.7150196	-2.5510888
-9.964934	1.961165
-14.091942	2.6273706
12.475993	-4.311985
-14.4192705	-0.627441
-1.8712544	-1.8251152
8.890717	4.8904595
17.392498	15.575248
-12.456478	1.6132102
0.37395763	11.173916
23.332096	14.179629
14.701162	-8.870714
14.365713	7.635982
-17.867943	7.227021
-3.4346569	-9.778663
-11.725182	-4.235264
-15.406529	-2.7265706
11.506079	-13.645678
-13.564584	-3.863909
-4.645514	-8.170497
5.4542007	-4.7384357
12.092663	9.416656
-12.752632	-1.3157048
-3.948564	-1.1840537
18.10578	8.527495
9.254877	-17.177834
9.583683	3.3473115
-18.198797	2.591869
-4.265132	-6.648183
-11.736097	-1.0852461
-15.889446	1.5383176
8.498145	-13.057018
-17.111979	1.2269975
-4.6333942	-5.6313543
4.4231453	-0.45398837
12.731712	6.3936386
-12.166688	1.5814098
-2.473991	5.0100183
16.962034	1.8071356
8.446775	-15.319675
10.406599	6.601302
2.2316132	5.5442967
0.47752786	-8.277114
-6.188101	-2.6663685
-9.567356	1.2349687
13.440415	-10.168259
-8.944433	-2.77338
-0.93340576	-5.927625
9.8727665	-1.546169
14.699871	5.7369494
-10.332933	-1.061089
-4.497443	7.0316763
20.22523	4.7226596
12.19191	-15.364908
14.153882	8.47659
-10.141159	3.1509082
7.291631	-1.9125799
-4.396345	3.711928
-7.601383	5.2190027
19.402527	-4.2922935
-8.395964	1.0338986
3.3287358	0.18934423
14.409174	4.245514
13.828646	9.983331
-6.457642	1.2604572
-2.1450162	6.8897066
18.972937	5.581702
19.818243	-7.6338735
14.301626	10.6164875
-8.570204	7.150424
-6.177664	-1.4096367
-8.262758	0.9661901
-12.577034	4.8913293
11.328159	-7.421606
-13.279417	0.80172503
-3.5023713	0.685547
5.5585036	5.037318
16.991432	18.296476
-12.70324	-0.33980364
1.6272817	15.88858
21.792294	16.810997
9.251524	-10.463211
10.962532	10.818789
-16.547102	10.176814
-0.6814401	-8.842748
-9.37459	-3.7267232
-14.504814	0.39789036
10.139231	-12.412054
-14.765676	-2.0900934
-3.273446	-7.217622
5.8509636	-3.4114664
11.646983	9.299556
-11.471598	-1.7497954
-1.8338706	1.3130976
15.137934	0.47393966
9.149709	-16.823313
10.0656395	4.313152
-14.752506	5.2322783
-2.0787432	-5.015318
-8.806532	1.3001698
-11.547639	2.400753
10.805246	-15.75383
-15.657532	-0.44175446
-2.2803354	-2.9089825
7.2344313	0.29362097
10.739826	8.79284
-11.585956	0.21242058
-4.591462	5.1043253
17.07243	3.8633344
11.106312	-15.346958
9.668266	9.135549
-14.614765	3.8422348
-1.1490865	-10.966063
-10.088684	-8.302749
-12.88237	-1.8011172
8.740994	-15.010608
-15.742765	-1.605456
-3.7900367	-10.733593
5.1671515	-9.610654
11.695311	0.48747164
-11.958252	-4.362337
-4.750671	0.6748127
14.960667	-4.437381
7.7092	-19.443592
7.805296	-4.544653
-13.796137	-3.693769
-6.310295	-7.684784
-14.030902	7.3491926
-15.166996	-1.09852
-12.062147	4.195957
-11.925434	-2.6066773
5.2226143	12.332777
10.628183	14.121316
-9.403557	9.690468
-6.744215	2.4115305
15.236921	2.4866147
3.4261782	-19.53265
15.34322	3.1589622
-19.319984	5.818565
1.0529037	3.5459425
-3.7849414	3.2165713
-12.364597	7.486477
12.406799	-5.3955455
-10.822393	4.364841
-0.5592037	2.377634
6.3320017	10.070754
12.854536	20.91162
-9.82326	4.551326
-1.604572	11.99764
21.298214	13.421006
9.511412	-9.528275
7.9204264	7.9842873
-13.164891	10.274082
-4.213779	-6.95925
-12.263852	-2.871294
-16.80771	-1.7291865
6.039477	-13.271789
-15.9419	-4.436671
-6.668206	-5.876458
7.4996166	0.56209403
11.999231	10.444284
-16.079916	-0.98540473
-8.354021	2.419485
19.53878	6.5187645
8.244485	-15.463195
11.630141	4.8787436
-19.664566	2.0261736
-4.422832	-1.3110516
-6.5860558	3.2325637
-11.288361	3.2973948
12.785612	-5.1972647
-15.358883	3.2245502
-5.9710646	-0.83445513
7.06898	5.5159397
15.972225	18.810217
-14.617083	6.3933897
-1.5498292	14.735883
19.50044	11.180528
13.917439	-9.039842
8.95529	6.4076033
-12.55245	7.313186
2.1729362	-6.7982693
-10.058005	-5.4462786
-12.862923	-4.4751167
13.18219	-11.884542
-11.938001	-6.214912
-1.8355693	-6.354216
5.858155	-4.9260545
16.336594	8.903772
-9.875947	-3.4153802
-4.940047	-0.0712564
18.39441	1.6453819
9.524961	-14.675259
11.751393	1.5118921
-12.376219	-0.18956733
-0.026266098	-11.187929
-8.710699	-6.7579427
-11.099789	-7.4836307
12.257643	-13.447191
-13.523567	-5.4293785
-1.3725624	-10.278846
8.491385	-4.871317
12.117111	3.4655764
-11.555752	-5.8156204
-3.2611415	0.23328722
18.943007	2.5786505
11.481621	-18.754368
10.316904	7.464467
-15.703679	-1.2290583
-3.114917	-9.351122
-9.642816	-4.131422
-15.513875	0.5327978
0.72163177	5.502028
-19.369665	-2.7963765
-5.329212	-7.9018264
4.29013	-0.20832877
7.5116177	15.116363
-8.845139	2.1591163
-9.957675	10.462242
15.279627	12.338139
7.3403406	-14.498993
8.259471	0.06660545
-16.642168	3.732291
-1.1970522	-12.8606205
-7.295998	-11.095505
-13.615659	-7.885003
6.4012976	-17.714338
-13.313123	-8.512314
-2.4305398	-11.493176
2.5645661	-16.922728
5.177115	-2.4378228
-9.059368	-9.373084
-6.1486754	-1.7683468
10.141529	-4.1374674
3.6869655	-15.7692585
3.7634144	-4.681811
-17.30727	-3.4961054
0.7945225	-10.034659
-9.751506	-7.6210127
-13.880666	-2.839449
10.539464	-15.08613
-14.609246	-2.0009909
-2.3893037	-7.0274763
5.8890495	-7.0673323
6.7612753	-3.4365804
-14.094292	-1.741208
-4.7100515	-1.5575302
18.674936	-0.079000026
8.45969	-14.927645
10.996894	3.6615689
-16.057514	1.8999953
3.837476	-8.4570675
-6.380109	-3.6910863
-11.323113	-4.6202016
11.234793	-12.619059
-11.360744	-6.53296
2.5540597	-4.687494
6.9633574	-2.294674
13.939432	5.872848
-7.898665	-5.3893642
-3.2984724	-1.2349672
22.4103	4.026578
11.568127	-14.934485
13.088013	3.5695682
-11.328889	-1.4117117
-0.94886947	-9.093759
-11.131204	-3.0302677
-13.766841	-0.17020923
12.823401	-11.55471
-13.792065	-3.1588202
2.45197	-5.139793
6.570733	2.0852334
10.33189	14.682153
-14.361956	-3.7747717
-2.905152	9.496245
18.34378	12.73785
12.504908	-13.133518
7.0114613	8.1472
-15.520924	1.6063764
2.67017	-4.5278263
-11.364689	0.45940143
-10.6966	4.804841
16.255802	-3.8305998
-15.5980835	0.07416248
3.0969326	0.04644853
9.326541	7.83679
10.328585	16.729698
-14.699759	1.2307053
-10.956924	11.916315
17.168465	14.906337
14.5055065	-7.912485
9.227029	17.173145
-17.345676	8.091745
-5.2629104	-6.131597
-9.592453	-4.523849
-12.993977	-1.7289548
5.70483	-12.291692
-12.758318	-6.0030384
-4.8761387	-7.2655525
6.2008743	-0.65283245
5.7934527	13.078446
-12.021728	-2.3917038
-7.850232	-0.44571507
20.089365	15.400427
10.464767	-10.324422
12.87137	9.255318
-15.16499	0.289006
4.9100566	-11.373998
-3.4473062	-6.152827
-7.7907476	-5.847552
16.922604	-5.6267385
-9.3799305	-4.7015457
2.5101545	-5.9080935
9.43125	-1.5294785
9.434249	5.9820094
-5.2649508	-5.616703
-0.9991237	2.0664742
20.52791	9.737442
15.9406185	-12.611002
13.628876	5.566498
-11.982813	-2.795765
2.672911	-0.54315245
-6.7098603	-0.85491765
-6.966915	2.292016
15.799357	-2.74155
-11.184202	-2.5896397
5.6631775	0.8538147
12.215164	6.4340763
15.269604	12.366828
-6.0776854	-0.6168744
-5.0964904	1.8662691
19.925543	13.027416
16.583916	-4.2621145
12.296984	11.599288
-6.441347	5.5032077
0.93780017	-13.720491
-7.780916	-4.7203255
-11.548285	-4.042599
9.55248	-17.058607
-14.839186	-3.7114813
-0.5208993	-10.170826
5.0610323	-6.69531
8.240052	9.367897
-11.373608	-5.0081053
-4.064947	5.418812
14.936483	4.580542
9.096605	-17.684036
9.716269	7.55367
-13.781	-0.4670825
4.632148	-6.534402
-7.972816	-1.3207023
-8.211774	0.3332001
16.20903	-6.735788
-10.334806	-1.0697694
-4.569926	-1.8958185
7.33095	1.8457242
9.833579	9.018135
-9.366318	2.1973772
-4.0679502	7.185984
18.801891	13.016744
17.231245	-6.2829075
12.371157	7.7889576
-12.588303	7.8483467
-0.4849491	-2.3186874
-12.356401	-3.8221815
-11.164027	2.8813186
16.741325	-3.3509636
-15.089291	-4.876131
-2.586647	-5.5108676
11.433154	6.2732906
7.5409346	10.889432
-14.056289	-3.4068308
-3.6787858	8.688517
18.666754	13.764563
16.517197	-9.252039
9.930154	11.731293
-14.239781	5.5870714
5.8189135	-3.2037787
-8.741751	-1.2787375
-13.2142725	0.14148891
19.074417	3.7944276
-9.650811	2.491486
4.8582582	1.5917561
8.077528	7.336231
6.5276995	13.815893
-11.819729	0.8509697
-6.1358814	9.089283
15.813557	13.643757
17.586893	-6.460575
11.656491	11.544346
-15.593771	6.187691
-0.110323906	-8.577009
-11.958218	-5.5547733
-12.611504	-6.4563875
9.380229	-17.456997
-14.250505	-6.551812
-6.660377	-8.5501175
7.159812	-4.9306684
9.562824	5.1500206
-12.6681	-3.2503862
-4.744957	2.057058
17.507942	3.1499045
9.351921	-19.900772
8.815887	0.55310655
-15.671442	-2.945547
-3.1108513	-7.08835
-10.384496	-4.675243
-12.547843	-2.1632988
12.479189	-12.598915
-13.211546	-2.3052025
2.9166002	-7.321459
6.524206	-3.3384764
9.790771	3.5973048
-17.180614	-3.2102578
-6.5243487	1.1163737
16.410458	5.9048038
11.180733	-11.242526
9.313947	9.93937
-13.689808	3.5147996
-1.7471495	-6.202287
-7.9423804	-3.3137186
-15.109188	-2.5564656
13.55324	-11.202234
-11.772216	-1.8068241
-3.9586587	-4.2983103
7.9806285	5.36635
8.608507	6.4430604
-12.966413	-2.53366
-4.5405345	10.535918
16.872185	7.9763594
8.449562	-14.572735
11.947298	12.809911
-20.175758	-0.16212511
1.9341587	-1.7631605
-9.343103	-0.99516517
-14.039373	-1.8792443
13.1446085	-2.8401957
-8.980159	-1.1917872
-0.17817664	-2.0576868
8.85803	4.04484
9.748618	11.550602
-9.614115	-1.9088455
-7.795056	9.8205805
15.210082	3.807081
11.374074	-11.159892
10.7273655	8.8440695
-16.696163	6.9592686
5.8551645	0.38135087
-6.7307434	4.5646114
-5.442316	4.450633
18.721485	-0.37383246
-8.5144825	3.1362588
5.2416325	1.6639457
13.408468	12.459676
8.582573	18.82063
-8.437394	4.9167385
-2.5389733	10.007133
17.54642	13.447277
15.068392	-6.9703765
17.806587	16.073803
-6.7541738	10.629541
1.8231293	-2.590817
-5.9302874	2.5172565
-6.58636	-0.80421
-13.051939	-3.5573552
6.0539036	0.06946838
8.766495	4.5794177
6.2906146	8.528281
-6.936838	0.89909273
0.97965	10.143068
19.565178	7.5736465
8.687929	-9.064974
13.604709	12.568956
-9.963245	5.826022
3.7757294	-11.165718
-12.5003395	-1.8329489
-10.637863	-1.6396775
13.265557	-12.427612
-13.596861	-3.5788503
1.0967153	-7.954505
12.524255	2.6139808
10.374451	4.430971
-9.989315	-3.0791907
-5.2581506	9.023058
17.059921	5.9667044
14.844233	-14.67511
8.835138	8.151484
-17.863869	2.08472
0.05034685	-5.434752
-12.792407	-1.4534254
-16.005646	-0.45230246
11.297533	-4.6694016
-15.653037	-2.3219948
1.8497199	0.2557842
9.560172	3.7317739
8.949261	16.02291
-14.334607	0.4879713
-4.728233	10.7735615
16.175945	14.584234
13.59	-8.884473
7.28487	8.23944
-15.325188	5.4135227
0.7795214	-6.806545
-7.8808074	-2.202806
-11.339719	-5.013007
8.99043	-16.21072
-15.120129	-3.2160153
1.3537608	-6.1866717
5.567255	-0.83502454
1.6917299	14.234306
-13.622366	-3.862677
-10.125029	0.28473818
11.990948	10.852928
10.743351	-11.266257
10.142291	11.110119
-19.599537	-0.37715054
4.7613115	-7.098139
-10.064136	0.95845133
-12.730083	1.8396978
16.269209	-5.4951706
-13.619892	0.86355543
-0.6624639	-4.04339
9.502372	2.5353355
11.027164	10.857169
-10.830305	2.6512177
-6.512305	9.429866
14.354095	9.837219
10.377275	-11.441135
10.405607	8.061493
-17.663242	7.0598907
5.561716	-6.24519
-1.1870017	-4.5744405
-7.913357	-2.4758863
13.182243	-9.409876
-9.116182	-2.8749647
6.81184	-2.005106
12.564072	4.0068398
11.382986	6.142806
-1.0452454	-4.94128
1.5138719	4.0003424
17.272545	5.069546
14.4086075	-12.814568
8.973934	6.2602015
-9.966349	-0.056804657
2.472797	-2.3513021
-9.268422	1.1363509
-11.441693	3.184253
11.858854	-1.4069257
-10.936487	-2.0966408
0.7706506	-0.23048323
11.995738	9.661296
12.595835	18.557968
-9.021576	1.5315086
0.15419388	12.870541
17.913326	14.403419
11.828827	-5.281403
12.691405	16.702305
-14.1161175	7.2400613
-0.15469825	-4.9660854
-3.623892	-2.976808
-5.5564466	0.72323954
10.825161	-10.034893
-6.176353	-5.4334087
7.0562963	-2.9329114
11.321318	4.7040386
11.487697	10.67968
-4.4910307	3.7678008
2.9099813	9.296629
17.919798	13.129359
13.296195	-9.6809845
14.434593	14.511429
-5.522053	9.434082
-4.0929623	-6.0181866
-12.652201	0.4838885
-14.643253	-0.5074693
11.789023	-9.337515
-14.479287	0.58387864
-5.793892	-4.513308
2.5694654	-0.6721548
12.169374	10.621481
-14.105205	-0.6480584
-11.851833	6.654887
19.999249	7.447804
12.58391	-10.849896
13.444998	7.5339346
-17.967134	4.1386056
-2.041941	-7.4115825
-9.21749	1.4557779
-13.667488	-0.0028839111
10.420478	-11.16324
-13.054205	-1.5059122
-4.7235217	-6.4034986
6.6535397	0.5109438
11.195367	16.7182
-13.190125	0.49201995
-3.0281658	8.57711
18.644505	9.176956
9.152002	-14.562684
10.706436	3.3073878
-15.594294	7.741053
10.265312	5.386774
-0.25260806	2.956695
-2.4699342	5.662875
19.107044	0.95481014
-10.017286	1.1658543
4.9769588	2.4298692
10.342964	8.560038
15.258303	12.570774
-4.6539373	6.557152
1.0004597	11.808912
20.943575	13.269794
13.751966	-10.03389
12.50613	20.289707
-8.583702	8.456638
-3.7116766	-9.3297
-7.774247	-7.6726418
-11.821169	-6.5023
13.178019	-14.919025
-10.502425	-5.12622
-2.2351131	-9.056982
12.303798	-3.3755682
6.992217	9.86579
-10.9332075	-4.759588
-4.7939625	8.132927
13.404364	10.954354
8.680843	-14.363405
4.6423426	9.120477
-15.4186535	-2.914175
0.7434075	-4.8356514
2.9267116	-9.910366
-9.8816395	3.1343365
-5.691222	1.167111
-13.334055	4.6567154
-13.79599	3.9042397
13.779499	-7.041924
14.341608	-5.530459
-14.659236	4.54357
-14.838658	4.345278
-0.88450587	-5.3084908
0.5241262	-4.807488
9.618575	-3.537473
10.723457	-0.45255226
12.165804	1.0987972
10.798162	3.8717062
-10.607632	1.9908085
-10.317506	0.9081662
-5.5681953	5.151703
-4.168719	2.6252856
17.066235	1.9798943
18.658596	1.5858426
10.901272	-7.689557
13.464493	-12.546921
10.608585	7.2818894
10.964559	3.8735683
-14.432551	10.260939
-14.371096	3.6646624
-1.6202595	-2.6325693
-0.85300195	-3.7769535
-5.0561495	1.0668086
-6.0904903	-1.1732552
-11.781183	-1.6036384
-11.611036	-0.710591
7.607194	-11.059229
9.124998	-9.416245
-12.961082	2.8773823
-14.149302	3.4053
0.78808737	-3.432448
-0.28418458	-1.8200135
3.483842	3.2056391
2.978611	2.1097622
17.49176	16.503317
17.56041	12.189785
-10.358032	-0.019668758
-11.208766	-0.696953
-0.47141886	11.327484
-1.3250475	4.4142637
23.58936	8.968179
22.307507	8.5510025
6.5016937	-10.1543
6.223885	-11.510574
15.241327	7.414214
14.867987	4.1002636
-12.221447	2.6552503
-12.0114155	0.69275403
-0.09111929	-4.4798064
-2.1197972	-3.7908025
-7.976496	-0.67171025
-9.486824	0.59180516
-11.627742	1.4890064
-11.722284	-2.6586292
13.272486	-9.183301
10.303165	-11.529315
-13.308685	1.8767612
-12.410568	1.0785786
-2.0172448	-1.5217309
-3.614365	-1.857824
10.844643	2.2423923
8.103598	-0.96497744
17.864035	12.360249
16.342693	13.363511
-6.3444514	-1.9273818
-7.6713653	4.393046
0.013278723	5.502735
1.5267506	2.9858456
19.919565	2.3999138
20.717405	2.4999406
10.564532	-12.119442
11.411924	-8.953043
12.82494	6.157588
9.169256	2.4770756
-14.77462	4.941344
-14.040966	9.628571
-3.2240348	-5.413315
-3.9779446	-3.6490436
-10.265879	-2.2093964
-10.58055	-0.49919534
-12.091299	0.8765509
-13.599915	-1.412638
10.68199	-11.9194355
9.188742	-10.009188
-15.958872	-1.1124175
-14.921219	-0.44297647
-2.2335858	-4.4381776
-2.1661391	-2.3158543
8.440926	1.159867
9.207008	4.2584653
11.934721	3.0949914
-13.068629	0.080198765
-13.87851	0.10022569
-1.7655463	7.3943253
-3.5734708	11.142664
16.6084	8.830036
18.958864	11.865721
11.418096	-11.997515
10.915375	-6.7018933
8.33688	5.006363
9.223427	6.0043535
-16.207489	5.850834
-18.654799	5.6425543
0.93459773	1.9943455
5.023912	-0.26014924
-8.987536	5.8198075
-9.520098	8.484427
-9.200796	9.617638
-12.245275	7.0632763
15.216091	-0.9788244
14.175934	-3.662222
-13.639859	5.5113745
-16.313402	-0.0009588003
2.9326	2.836806
1.7355871	2.8654723
7.1997705	6.398338
11.076143	10.153379
15.67319	13.860498
11.214424	15.39431
-10.882873	4.6589046
-11.394642	7.9072976
-4.3360376	11.297596
-3.2683747	11.365993
20.796326	15.974859
20.458338	14.550325
12.563418	-5.553519
16.859074	-8.265567
11.942465	10.772397
11.01376	13.200727
-5.4850225	14.313809
-10.511696	16.26302
-1.8029234	-3.208075
-2.9007936	1.1708386
-12.395151	3.661777
-8.944286	6.932313
-13.363408	5.921721
-16.243528	7.9991617
12.781271	-9.572621
13.348782	-9.5130005
-20.569794	3.8413801
-16.566563	6.8582
-7.5983067	-1.5578282
-6.256012	1.4031786
3.5670588	-0.37778595
6.5037704	6.668667
14.032059	14.0511
14.979704	14.582594
-13.986666	2.860109
-14.393068	4.811304
-5.252448	12.373506
-4.825737	16.172039
22.13979	10.445771
22.536474	10.687262
10.743595	-14.411875
9.194703	-12.537948
10.515419	7.551287
10.571864	6.87659
-19.176723	10.616438
-19.68619	7.172427
4.0558043	3.4983602
2.9666724	3.958805
-11.885052	1.9071133
-12.448242	4.9995346
-14.670509	3.548748
-16.225376	7.3159127
12.10191	0.5276575
16.857916	3.1006775
-15.468794	0.42538035
-11.624653	4.8429766
0.7455008	3.4292645
1.7423172	0.75411665
11.25338	7.8317423
9.548621	8.918228
18.446066	17.213676
12.68823	16.569633
-8.476343	6.121339
-12.2068405	5.60499
-4.185286	13.419755
-2.635565	11.818712
19.256441	15.05821
22.748446	20.460632
11.418291	-8.85383
10.977193	-6.2908697
11.980942	13.73461
14.0427685	16.791424
-14.682547	8.93564
-15.125431	13.534943
-3.915252	-6.089017
-2.9199011	-5.399879
-9.311419	0.013226265
-8.597963	1.2592084
-14.551964	1.5663087
-12.4264145	5.616355
9.486581	-13.102808
11.136076	-6.893493
-12.500971	0.9772676
-13.078131	4.9217215
-2.7753286	-5.3116446
-1.1856276	-3.0934207
9.04216	-1.7493658
5.818968	0.01106064
12.251223	10.472117
15.080072	12.532875
-11.423695	0.46724743
-10.869052	2.7519991
-0.9165225	7.133551
-3.3934362	3.8279202
23.08303	9.582341
25.265911	14.18152
14.254698	-13.337959
10.107596	-12.78693
10.050323	8.294536
9.525177	6.4583964
-15.130104	7.4826965
-15.946105	7.5053964
-4.857778	-2.6835384
-1.2037947	-8.162781
-10.391502	-4.3744745
-9.378384	3.3760605
-12.204789	-2.0429904
-12.908493	2.5472417
13.713212	-11.989809
13.652166	-12.180762
-13.064156	1.0058643
-14.990934	-0.86808145
-3.8970447	-4.790861
-4.8609986	-5.7105083
11.661978	1.4103491
8.017997	-1.8152668
13.559643	13.381321
15.584996	13.460381
-12.686594	1.7937063
-12.986185	1.5251024
-2.63076	6.471258
-4.528295	5.5372715
19.954588	0.13401145
21.74645	9.006785
14.019638	-10.110597
12.18663	-5.052491
13.854783	-0.19679713
12.702946	4.1524997
-12.555066	2.9602714
-14.723057	8.399881
-3.961314	-9.377032
-2.8302402	-9.161539
-12.259139	-5.7555103
-12.410926	-6.0904107
-14.775555	-4.3802524
-12.970952	-3.3192546
10.502817	-13.30761
10.8348465	-15.158203
-17.455208	-2.645445
-14.158102	-6.0019174
-0.69189274	-7.000828
-0.2711302	-9.442567
5.497035	-4.188049
4.2728086	-5.6310143
8.9967985	5.284953
7.8568306	2.1426814
-13.720686	-5.281059
-12.34606	-6.494921
-4.2099495	2.7082705
-3.9702215	-2.8907306
15.585152	3.4933844
14.074448	-0.26798716
8.336509	-17.020844
9.438467	-15.654554
8.611169	4.9808784
7.34348	5.1193037
-18.44375	1.1107225
-18.318565	0.6835823
0.44903398	-8.970479
1.9013865	-9.135908
-7.3453827	-0.15768893
-7.6153927	-0.45060742
-11.792221	-0.2110945
-13.341145	-0.9850273
12.601622	-15.071959
14.069088	-13.918283
-10.464684	-4.955961
-11.60952	-3.6906614
-1.021152	-6.951237
-1.4717879	-5.1871786
8.253095	-4.4730086
5.9415174	-5.433063
5.939273	4.7234297
9.851584	7.8051906
-12.198976	-1.3701692
-10.92945	-0.8445753
-5.763645	3.0610924
-3.2756982	0.3461542
17.394535	-2.113882
15.086512	-0.8856658
11.146481	-16.761469
7.351181	-18.661499
9.489324	0.07628435
10.566046	2.2503324
-11.767099	3.8904953
-10.676038	4.8214293
5.104596	-4.5643864
7.060085	-4.339542
-5.3364096	0.3466524
-8.383408	0.5918752
-6.245963	1.3554881
-8.232197	0.1971718
20.352575	-2.290841
19.082037	-4.1440763
-8.917315	0.4179563
-8.940049	-1.6530508
5.2499313	-3.432907
4.86734	-6.908703
14.4251375	6.381383
11.618942	3.128279
14.736019	5.9727154
12.216523	7.884526
-4.871873	0.25614125
-3.3043847	-1.9333419
3.9959633	8.518341
1.1020057	7.9916363
22.504078	11.521267
23.627508	11.02742
19.549736	-5.309014
14.880968	-9.328825
17.040684	7.058105
16.545267	10.847017
-6.602293	9.9559765
-6.423417	8.809193
0.11299348	-7.6879225
-5.0972404	-3.477996
-9.792015	-1.0564544
-11.345261	4.3020573
-12.912222	1.4385077
-12.600809	2.7320166
12.911989	-7.84363
10.932391	-12.232638
-15.954533	-0.10933542
-15.495305	0.64617467
-2.7766986	-4.1193867
-4.1934824	-3.722539
9.801504	2.4815989
9.656181	2.0197191
15.547694	8.7518215
12.556137	8.073168
-8.87262	-0.9665253
-13.516816	2.1377907
-4.0116196	6.814891
-4.3409767	7.0885224
18.621983	2.3537948
17.236406	4.698878
13.893452	-12.434238
12.428614	-12.613611
9.61358	3.1673229
11.31677	6.5434465
-13.97801	7.759782
-14.700388	5.8899336
-2.098454	-7.8680143
-6.0864677	-5.638689
-8.966363	0.1287092
-9.630113	0.24392293
-16.812782	-0.48936898
-15.935092	1.5039173
11.567493	-12.758509
11.178508	-10.418055
-16.607986	-3.2255735
-17.61381	-1.316504
-4.5932956	-8.1404
-3.975964	-6.753679
6.6325173	-1.5065513
5.215421	0.121032685
13.322213	12.703708
13.737034	13.676673
-10.220834	-1.1598067
-12.234187	0.68414974
-5.531203	4.198262
-8.005438	4.4162397
22.489168	11.901444
21.808489	11.415879
9.540164	-15.245314
8.688144	-11.940996
13.600236	8.88076
12.99148	6.4357986
-16.387007	5.41268
-16.052195	2.146636
-1.6699224	-9.718641
-2.4846625	-10.152735
-14.394379	-1.8285624
-13.251909	-1.7994608
-15.858232	-2.6259503
-16.474443	1.6103246
9.619007	-17.3509
9.182259	-17.018711
-17.424938	-0.6111616
-17.428555	-1.6264993
-2.8835764	-9.726101
-4.171029	-10.478689
7.295691	-7.777261
6.213499	-8.910941
7.214515	-0.7109312
8.727416	-3.1176825
-14.413624	0.30044174
-15.459198	-1.5347714
-8.321943	3.0551395
-7.689861	6.6586823
16.200094	-3.4448812
17.369473	-2.9765625
9.193934	-18.327385
7.382913	-19.271132
8.251915	1.6313214
7.8965	3.5945344
-17.938715	-0.16218662
-18.552036	1.9337028
7.257968	6.6053452
2.2123344	-1.4629078
-8.13283	3.99303
-7.51507	6.158291
-13.058159	7.7227144
-12.812765	6.2540035
17.726254	-1.8554618
17.523075	-6.416052
-13.789078	5.4497986
-14.698099	3.6967654
4.656975	1.2719538
0.58106756	-3.6596887
14.546635	6.9519463
8.981482	8.121746
9.94473	16.220844
11.664366	17.64043
-11.313168	4.352168
-12.812939	0.5249927
0.86600876	11.797575
-1.2957551	6.591014
22.10059	12.794445
20.086798	13.378295
20.628868	-1.7317047
16.126513	-7.375969
11.744501	13.961121
11.659449	17.725044
-16.132458	6.116971
-14.385756	10.522028
2.7656355	-2.5096264
-0.55289316	-5.729641
-5.423011	1.1823556
-3.3433795	2.419722
-9.202837	-2.0074546
-8.429719	0.09189838
14.320942	-7.6988354
13.130235	-7.0679893
-6.874773	1.1515341
-7.802616	1.3420441
3.4312057	-3.2687383
0.7261736	-1.2649153
13.717264	-0.27429295
13.313242	0.78831464
11.131013	17.86929
10.060915	16.015942
-6.113051	-0.8464178
-4.954475	-0.6771796
-2.0124712	8.6313505
-2.4438498	6.9299865
18.051903	11.308173
19.050112	9.546455
14.645906	-9.529694
11.9175825	-14.116612
10.449064	8.990459
12.676325	8.765879
-10.524733	6.2793574
-10.514566	7.265878
-1.5150037	-10.3563
-7.130536	-5.0782833
-9.587195	-7.83401
-9.783474	-6.7127266
-16.504503	-4.388635
-14.864588	-2.885577
9.569734	-14.957172
9.34721	-15.739716
-13.8114195	-6.028563
-14.637526	-7.0163374
-2.6740453	-12.107004
-0.3098706	-11.120016
5.9980364	-4.999998
5.5449395	-3.9943266
10.435185	2.5866432
10.771309	4.9343915
-13.428033	-4.828408
-13.691299	0.22242343
2.9628177	4.36456
-1.3500128	1.6883745
14.13441	6.7234325
14.451763	8.071395
9.2720585	-16.221243
7.1487403	-14.756035
9.310066	4.894182
10.330494	8.198968
-19.407303	-1.2756412
-17.832195	1.5116148
-2.883976	-4.362871
-6.5102987	-3.156076
-13.574948	-1.3671981
-11.752949	0.6280551
-17.161156	-0.7181066
-17.3573	0.4502499
13.919947	-8.261789
7.1545343	-10.159027
-16.826948	-1.0101888
-18.532623	-3.0971384
-2.1789668	-3.9756093
-2.1949944	-3.7759523
8.832216	4.3021793
7.037388	2.1861765
10.700572	13.145903
9.060532	15.981611
-15.778353	0.7093028
-17.98776	2.3662496
-5.3701434	16.090124
-7.139022	14.388566
18.269062	13.237682
19.573364	15.395558
12.399353	-11.6082325
9.571535	-8.777965
6.9704194	8.22866
8.951224	9.16292
-20.984516	5.614314
-18.60918	6.3612776
3.127595	-1.0184605
4.7379646	0.75040066
-6.2024026	-1.1576672
-1.2874379	2.0325818
-1.584321	4.407276
-1.4400913	4.4533052
14.706263	-5.9652615
13.2572	-7.19494
-6.260275	0.090598464
-8.005878	-0.5861654
0.89036703	0.13779849
1.166085	-0.011167765
9.483551	6.314708
9.0701475	5.9425535
13.679052	17.287182
11.194263	17.04208
-6.564938	-1.9364339
-7.1373434	0.055455923
1.2388937	10.451579
3.1905322	11.030514
20.58668	14.224668
21.994328	15.290966
12.824188	-3.9019768
13.170885	-3.1535378
12.57679	13.134243
10.078362	12.546265
-1.5031871	3.3654618
-3.9627166	4.098925
11.305826	4.3767443
8.347246	4.6790996
-0.052268744	6.7846985
-1.1196477	7.113492
0.10386032	5.711285
-1.4220498	9.174206
11.590337	-0.30936718
12.776281	4.8782344
-4.9143972	2.1356115
-4.0372105	5.362376
7.781206	5.85764
4.5665836	4.4374533
9.432996	7.8257666
5.854632	6.966449
16.607008	19.266716
15.284877	18.575459
-0.13936353	5.53675
-1.4142239	5.738722
-1.3133323	8.610122
1.0368639	11.45541
21.01354	18.89442
22.203426	18.75676
16.17007	-3.066616
9.971387	-1.6916368
17.05417	12.251213
15.415038	14.711504
-4.676183	11.734875
-9.922629	9.207721
1.7436209	-7.2766623
-2.0916197	-3.2997494
-11.24241	-1.9855187
-9.023656	-2.1208944
-13.038499	-0.06137848
-12.641611	-0.04847431
15.0265665	-7.656105
19.509449	-4.0943656
-8.28491	-1.7919998
-11.897175	-0.8401439
-1.9063349	-3.7311687
-2.5620852	-1.9656278
14.771385	2.452327
13.689112	-1.1541665
15.566688	10.503618
15.381065	6.979747
-8.90947	-0.21972203
-12.596819	-3.0448005
-0.3729347	7.021817
-4.3344717	5.6057453
22.482937	11.116801
20.869118	10.120239
13.135971	-15.6556225
18.415733	-8.577329
13.213475	9.20409
14.158863	11.471198
-14.448446	1.7249923
-15.463306	0.93442917
4.7388377	-2.5446374
5.578719	-3.45954
-7.89921	0.6825589
-6.446761	0.6446347
-11.640781	0.86828995
-11.537811	-1.222611
15.419593	-8.849401
15.226978	-7.1642756
-11.256328	-2.120733
-12.11607	-0.24222898
2.9212055	-0.27641153
5.7730885	-2.7951725
1.4835973	0.7684407
3.3157377	-4.8352923
9.596796	3.9038374
8.953814	6.208209
-9.411661	-2.5636206
-8.547775	-3.3820117
-3.4457774	7.6894393
-2.2934587	9.353842
15.057324	7.5176697
15.160273	2.6431594
12.574816	-9.301555
16.958082	-6.6096797
9.239669	9.488464
9.034548	5.036381
-11.556583	5.87759
-16.723003	1.7128792
0.7363734	-5.2682905
1.4749641	-4.561921
-6.0412903	-3.5571704
-6.0311127	2.4278908
-12.163566	-2.6510544
-11.637976	3.1503992
12.939563	-6.118615
10.438302	-9.382281
-8.4310665	-0.34259978
-9.79975	-1.5953352
1.036062	-0.44203812
-0.7820749	2.541999
8.31768	9.460097
8.886907	8.876439
11.765966	17.643234
10.263627	21.09495
-11.669478	-4.2098
-12.674062	-0.07668996
-2.629722	9.417151
-1.9274614	9.952293
20.546038	12.399687
20.450312	16.997828
12.279744	-9.873002
14.710144	-7.646843
12.754933	10.135327
9.827072	11.907273
-9.184885	4.528885
-8.921104	6.0533085
-2.1187272	-4.9725456
-1.8965514	-5.510101
-11.276347	-0.38015163
-12.200789	-0.24647105
-11.750128	-2.1207225
-12.875873	-3.2112913
6.553515	-10.28351
6.062815	-9.029411
-11.206573	2.7579236
-11.454731	-0.31851536
-4.204756	-2.8806834
-6.8239155	-3.1739073
3.374562	-1.1194199
3.4777102	2.5425801
2.5872345	14.327489
1.8259335	12.644148
-12.086107	-1.2295705
-12.1577835	-1.1560283
-7.5053883	12.425132
-5.6670527	9.662725
12.982527	11.506695
16.143688	10.277706
9.422037	-13.029553
6.6705685	-15.795374
5.235564	9.218336
5.7560177	6.4139895
-17.484104	2.687255
-18.298	3.6179209
-1.7536999	-9.1381035
-1.2667153	-9.294063
-7.106223	-6.0798097
-8.547638	-3.1828327
-9.261397	-1.7552446
-11.726103	-3.5024858
9.559156	-12.337174
8.939316	-13.073987
-10.376782	-4.661421
-14.905869	-5.8275104
-0.19216716	-6.402317
-1.1896436	-6.952159
7.487734	-2.9055548
6.640876	-4.354202
8.861283	1.9600708
9.64945	-0.71786
-11.64704	-4.664403
-7.420767	-4.7373
-2.3277903	3.8274703
-5.6336226	-1.9003597
18.433846	5.734665
16.530802	4.708413
7.3878226	-15.829638
9.161425	-14.998439
12.432013	3.662076
10.063561	2.696631
-16.261692	3.7974942
-13.400885	-0.90724707
-0.2844739	-3.1003401
-3.191557	0.39113063
-10.039194	-2.71419
-11.477135	-4.6627073
-15.5837555	-0.32192862
-13.721582	-1.9005172
11.782713	-9.935154
12.114713	-6.7581267
-11.725081	-5.216226
-12.40762	-3.0939245
-1.1274463	-3.6896756
-4.3926034	-0.15744269
8.092163	0.72383296
4.886467	0.6091461
11.398298	11.843952
14.96231	16.420778
-11.002198	-1.8991153
-13.796754	2.9339147
-3.086532	4.6113186
-0.8558048	8.266511
18.34948	8.244938
15.807013	8.436208
7.656496	-10.843187
10.133762	-11.113047
13.55885	8.32388
13.671531	4.511118
-17.022394	7.5445647
-15.070434	4.063747
6.5000296	-6.469578
5.98279	-7.1475267
-4.7381907	-5.5376
-3.7813864	-6.9921374
-6.159054	-4.036092
-5.5104437	-6.1257725
18.53965	-6.2303853
18.190907	-6.797455
-10.544429	-7.3882704
-7.5625324	-7.0292034
1.2196747	-7.582342
1.9180063	-5.4283338
14.24221	1.213577
14.114275	-1.9724832
13.609225	14.216525
14.47138	12.82947
-5.60112	-4.5797305
-4.9435844	-6.8376985
-1.0584397	4.4878283
-0.4535184	2.3252213
26.71365	15.173321
24.227482	11.485645
16.71708	-7.9264355
17.280968	-7.6312966
17.143593	6.147278
16.683516	11.040706
-11.401308	-2.3432171
-7.5341363	-2.013151
7.2172947	-2.3251677
6.9055805	-2.818126
-3.360811	-3.2847192
-2.2215412	-1.4661224
-4.3942513	-4.0864563
-5.9062715	-3.2868888
19.51053	-7.2069607
16.296083	-6.090459
-4.249032	-4.348818
-7.3854322	-3.3008575
8.039655	0.51488847
5.893409	2.649135
17.138573	5.0959406
18.452332	11.186501
10.504919	10.181141
16.454138	8.5376
-6.330757	1.5147387
-0.932197	1.7687051
1.6072271	2.1368544
-1.2087941	8.767887
19.712097	13.410778
18.758984	10.267361
17.04297	-7.985183
14.077225	-8.498362
13.437562	12.991066
12.927347	9.923761
-9.988584	0.68898916
-8.755453	5.120012
-1.9657056	-10.549659
-0.73507285	-8.382177
-10.824045	-2.4904292
-12.405014	-4.819047
-15.535264	-3.515459
-16.006706	-4.3170333
14.58229	-15.260632
11.147608	-13.677419
-15.439327	-4.6298885
-16.216936	-5.3763027
-1.9079078	-7.5572314
-6.2223377	-6.366696
10.271569	-1.1597862
9.131487	-4.079124
6.9051228	2.3354611
10.272938	12.658371
-13.992934	-2.5010192
-12.577148	-8.189099
-6.1766396	3.6383839
-6.6877255	4.2770224
14.837275	3.63453
18.776209	6.142754
14.862183	-13.899038
14.706411	-11.371302
6.7166553	-0.14950114
8.746835	-1.0032067
-16.392815	3.4810174
-16.571943	-1.3678341
