42.874756	47.798595
72.85293	17.939402
78.1965	26.802197
72.8567	17.942852
72.85611	17.943531
78.19478	26.806564
71.51297	29.881155
67.14997	21.62453
67.14834	21.625221
67.14887	21.624891
56.10844	50.496063
56.109734	50.49579
45.244827	40.025345
59.773117	59.88604
59.77405	59.88469
45.24534	40.024235
47.510166	62.156475
46.61176	59.79238
46.613834	59.795887
47.09102	59.97721
43.840996	60.344543
43.840523	60.348503
46.818966	59.87872
78.938	34.029457
78.93521	34.028725
78.93377	34.02863
74.50819	34.678123
74.23563	36.164867
74.51027	34.679504
74.23504	36.16519
74.236595	36.164337
78.47108	33.7154
45.629993	57.899635
76.17893	34.44637
76.16973	34.44795
45.630566	57.24276
45.6306	57.898846
46.44199	61.69684
47.50994	62.15677
47.510155	62.159702
80.820786	26.868227
80.8278	26.86729
72.527954	18.717123
71.784874	28.952065
57.336826	50.51341
85.93133	44.716686
85.928535	44.71715
86.459625	51.007042
65.03279	15.046535
65.032234	15.046016
86.4584	51.006874
86.45697	51.00689
65.033356	15.046954
39.137375	51.684185
58.28738	50.13665
40.638474	50.64737
58.287804	50.136574
47.344414	40.47587
62.80153	60.22065
62.802544	60.22174
39.137356	51.684433
85.99019	44.702843
87.53688	27.034039
87.53951	27.03443
87.5383	27.034073
69.01305	21.87511
69.01304	21.874279
47.053062	40.906124
47.46103	40.40887
63.395832	60.823742
63.396183	60.82552
63.393436	60.822754
84.66829	2.125078
79.41218	-14.598044
75.367676	-13.213944
82.78469	-2.1632752
82.786255	-2.1624732
82.78114	-2.1600387
82.824745	-3.8328946
82.82484	-3.8312328
78.87471	-9.960254
84.66822	2.130854
78.88063	-9.962354
80.34865	-9.6256075
80.34482	-9.626541
78.87451	-9.961148
80.34426	-9.624687
78.42832	-9.862453
79.38587	-10.411133
84.66757	2.1235967
81.5093	5.61725
81.50971	5.615685
79.413895	-14.59725
75.366	-13.212961
88.558395	0.31397808
86.26981	-10.700084
80.07302	3.7384367
80.07385	3.7381983
80.07114	3.7379878
65.55843	-6.2973785
65.55861	-6.296675
82.376434	1.6413362
88.558	0.3141833
82.3775	1.6411812
82.37704	1.6407421
67.048996	-5.70957
67.04887	-5.7095194
67.048874	-5.7093062
88.54558	-4.584095
88.54812	-4.5821557
88.274216	-5.6334414
88.27433	-5.633865
90.155396	-1.1945188
88.54683	-4.581654
88.62596	-8.635622
88.6265	-8.6360235
88.62724	-8.635118
87.62762	-8.9576645
87.63107	-8.955511
75.45554	-14.951831
75.455605	-14.951866
90.153755	-1.194495
63.97329	-10.643453
63.97491	-10.643666
78.349174	-15.186909
87.79773	-8.894589
88.557175	0.31388962
80.25133	-3.6325743
80.25087	-3.630747
80.250404	-3.6306994
66.49736	-8.217737
80.13857	-2.3043642
80.139046	-2.3032553
80.137146	-2.3035657
66.748024	-8.036361
90.15401	-1.1944531
66.74823	-8.036201
65.448265	-9.588444
65.44798	-9.588664
78.61081	-7.1636567
78.6092	-7.162825
78.60717	-7.1617713
79.74878	-7.54592
86.26844	-10.701167
79.74979	-7.545896
65.5861	-9.496089
78.48684	25.467009
69.125916	30.688831
57.513317	39.936726
57.51472	39.937714
55.250294	34.391098
55.24894	34.389103
55.248936	34.389782
53.194633	36.630463
53.193527	36.629032
71.69323	18.083054
65.175896	24.564089
65.17532	24.56452
65.17561	24.564655
76.95761	23.661243
76.95798	23.660313
78.48599	25.467487
69.324646	28.12301
69.32443	28.122732
74.1622	17.44817
74.16208	17.446888
74.16422	17.44754
67.035515	22.668627
67.03593	22.669762
44.401268	38.56038
44.40517	38.562534
42.38854	48.309135
42.385635	48.309963
55.467262	48.76707
55.46676	48.766586
59.433617	62.217113
59.434326	62.217564
59.433735	62.216106
43.824203	49.1182
43.823784	49.116676
43.82235	49.116043
45.700977	38.275906
45.70087	38.27516
57.590015	60.52953
57.598274	60.524185
76.691574	21.262999
54.01845	50.380245
43.507668	47.333416
43.50777	47.335217
43.976284	40.15011
43.977295	40.149868
43.978256	40.14897
76.69263	21.262228
79.08051	13.926194
79.08075	13.927115
79.08174	13.926731
78.903275	14.612253
40.97458	47.232716
51.135796	50.45185
76.69114	21.262182
51.135914	50.451992
51.133656	50.45279
55.06973	61.667053
55.0687	61.66726
55.06944	61.667107
41.774254	37.5156
41.775116	37.516502
56.421455	61.192352
69.126686	30.68924
56.42015	61.19292
52.92452	50.240665
52.926594	50.240055
52.925186	50.241016
43.41839	37.70856
43.417896	37.70832
41.195736	48.21091
41.194817	48.208202
69.12672	30.688763
52.33746	48.771336
52.332706	48.776035
56.770164	62.79629
56.76989	62.795963
58.00762	37.326195
57.514492	39.9379
72.96789	16.77734
66.20271	21.783669
53.665874	37.700153
53.665745	37.700607
53.665714	37.70156
58.000988	37.226707
58.001	37.22643
56.545803	39.369183
56.54567	39.36923
66.20214	21.784224
78.339806	27.054707
78.33834	27.055098
70.969986	29.70747
70.97195	29.707327
70.97368	29.708881
71.88038	16.496424
72.96721	16.7773
71.87904	16.496775
65.868706	20.903805
65.867744	20.903187
65.867935	20.903667
77.71569	26.5984
77.71519	26.598856
70.91055	30.546227
70.912766	30.543415
72.9678	16.778748
70.91326	30.5428
56.395535	57.929195
56.399567	57.93091
53.770493	53.693745
53.769974	53.69324
43.071873	45.97598
43.071697	45.97554
43.884834	41.90473
71.15843	31.436638
43.885983	41.900917
43.885975	41.899334
55.704105	52.626663
55.703377	52.626217
55.704117	52.625267
71.15817	31.438084
39.824696	40.733776
38.757866	45.067368
38.756752	45.065258
38.75745	45.066017
55.517513	50.147644
55.51603	50.147118
59.22006	60.51868
59.22245	60.512947
43.736565	42.928047
71.15651	31.438229
73.57707	13.359147
73.577255	13.359111
63.39622	19.9812
63.39638	19.981722
53.19013	47.58872
53.19221	47.586834
53.188457	47.590633
76.7337	27.253885
37.83971	47.12158
37.835247	47.12235
57.19274	62.44675
39.491337	40.59283
39.49176	40.593044
76.730705	27.254631
39.492847	40.591827
37.926376	44.468143
37.92597	44.467976
37.927406	44.468018
56.360455	58.042168
53.233574	53.3188
53.234077	53.319412
76.73439	27.253344
40.978737	46.621094
40.976337	46.621098
41.781372	39.17116
41.781063	39.17372
41.782166	39.168217
55.97542	35.139957
55.97527	35.13823
45.55286	40.20266
47.51295	47.69802
73.08908	23.39117
72.6655	29.828392
77.16165	-16.09968
77.939354	-17.114202
76.48806	-15.845819
80.886765	6.598303
77.924545	-17.182266
-14.1700735	-75.83332
-47.403206	-67.91632
-46.91553	-68.398544
-15.177801	-75.2766
-3.1229105	34.641876
-12.990869	-81.83553
-12.202277	-81.4005
-12.960516	-81.53067
7.445524	35.61183
-60.723473	10.748337
-49.020485	-55.658924
-10.901149	-83.47901
-10.910325	-83.48102
14.432284	25.006126
14.439096	24.976337
-8.323659	-75.808716
-47.769657	-66.20323
-10.461916	-73.46531
-2.0669377	30.943022
-26.282257	42.54106
-54.914032	-69.63901
24.394651	28.67639
26.26996	27.928928
15.653127	36.44633
13.544173	36.471188
-10.057452	55.95201
-8.69937	63.183605
-10.305716	61.249195
-10.165999	61.251736
-9.421198	66.4039
12.946648	44.638687
7.7814913	40.99278
4.6313343	38.303173
13.028526	43.51263
6.3962984	40.03082
11.401724	44.34885
6.7218394	40.35179
25.862654	24.522049
9.74041	37.371544
16.771742	35.881184
25.792877	26.205494
25.8531	26.246391
26.289967	24.84044
10.6843405	36.503006
13.647184	37.44246
22.559328	27.155853
22.541546	26.85499
1.486168	50.995136
45.627174	57.190163
44.73654	57.452755
44.712734	57.712437
46.56513	61.385807
46.451427	63.30623
46.226017	63.26009
47.63417	61.691193
46.6396	57.338634
46.650867	57.513287
47.988487	62.435722
43.137714	58.362785
77.62416	32.96059
74.4053	33.96181
74.9597	34.682972
79.07817	33.478104
78.48946	33.080875
73.74095	35.929195
73.840805	35.02626
47.17702	62.400627
46.279335	61.889053
84.67216	0.7133435
74.940315	-13.761871
81.380325	5.049902
84.716225	1.7354648
82.80963	-3.8200724
79.41553	-14.453526
74.83543	-12.897287
81.63076	6.0408964
82.562256	5.5205636
76.735344	-10.063629
82.89943	-2.184154
83.12568	-2.4576044
81.14328	-12.790829
81.28067	-12.147132
76.448494	-10.233038
76.43331	-10.251079
81.26991	-12.405349
75.5389	-12.978812
81.25168	5.43673
85.221115	1.6689001
75.15629	-12.851745
83.88795	-2.9436288
83.46464	-3.7523081
84.52914	2.254654
75.833244	-11.117506
81.65209	5.9580345
7.6879945	40.89416
6.2426877	39.844475
-18.290203	66.28497
-18.278585	66.30533
-18.271866	66.27146
-11.364686	66.92271
-11.145268	67.811104
-12.2853155	62.02358
-12.291975	61.910553
-12.3821125	62.425232
-12.368092	62.479244
-7.197651	-83.20949
11.796942	26.664675
10.736428	25.245596
-9.826598	-94.16048
-7.6189055	59.40265
-6.3310404	58.205666
-6.905008	59.27679
-9.586465	-93.71232
-7.0196743	-82.86879
-7.0218325	-82.74304
-6.740703	-83.360825
10.00624	24.863562
-51.16767	-72.20422
-24.499105	43.117043
-7.075901	62.44289
-11.156901	-93.87213
-7.224348	57.696842
-8.346654	-92.92453
-11.024349	-94.00664
-8.000975	58.79146
-10.753527	-94.16681
-9.221152	-93.76048
-7.4149585	60.087578
-10.014409	-91.2468
-11.199025	-90.959724
-9.238901	-93.91816
-9.538927	-94.24821
-5.750139	59.692505
-7.083874	55.097393
-10.039553	-90.39286
-8.141958	58.970737
-10.688947	-80.700806
-13.2163725	-82.89827
-10.498975	-80.737015
-47.740456	-66.03087
-8.52204	-76.51454
-48.32927	-62.68136
-8.487489	-76.34595
-47.73727	-66.08696
-48.02037	-63.09351
-10.367173	-74.39404
-23.105099	41.88717
-2.2333696	30.85007
-8.254268	-75.526184
-13.095669	-82.80458
-10.432233	-80.75047
-13.017626	-82.71145
-11.7751045	-81.432014
